0, 0, 3, 9.0, 55.0, -1
0, 1, 6, 10.0, 52.0, -1
0, 2, 6, 10.0, 52.0, -1
0, 3, 6, 10.0, 53.0, -1
0, 4, 6, 10.0, 53.0, -1
0, 5, 6, 10.0, 54.0, -1
0, 6, 7, 10.0, 54.0, -1
0, 7, 3, 10.0, 55.0, -1
0, 8, 6, 10.0, 55.0, -1
0, 9, 3, 10.0, 55.0, -1
0, 10, 6, 10.0, 55.0, -1
0, 11, 3, 10.0, 55.0, -1
0, 12, 7, 10.0, 55.0, -1
0, 13, 7, 10.0, 55.0, -1
0, 14, 6, 10.0, 56.0, -1
0, 15, 3, 10.0, 56.0, -1
0, 16, 3, 10.0, 56.0, -1
0, 17, 7, 10.0, 56.0, -1
0, 18, 6, 10.0, 57.0, -1
0, 19, 7, 10.0, 57.0, -1
0, 20, 3, 10.0, 57.0, -1
0, 21, 3, 10.0, 57.0, -1
0, 22, 3, 10.0, 57.0, -1
0, 23, 7, 10.0, 57.0, -1
0, 24, 3, 10.0, 58.0, -1
0, 25, 7, 10.0, 58.0, -1
0, 26, 7, 10.0, 58.0, -1
0, 27, 7, 10.0, 59.0, -1
0, 28, 7, 10.0, 60.0, -1
0, 29, 2, 11.0, 56.0, -1
0, 30, 4, 11.0, 56.0, -1
0, 31, 2, 11.0, 56.0, -1
0, 32, 2, 11.0, 57.0, -1
0, 33, 2, 11.0, 57.0, -1
0, 34, 2, 11.0, 57.0, -1
0, 35, 4, 11.0, 57.0, -1
0, 36, 4, 11.0, 57.0, -1
0, 37, 4, 11.0, 57.0, -1
0, 38, 4, 11.0, 57.0, -1
0, 39, 2, 11.0, 57.0, -1
0, 40, 4, 11.0, 58.0, -1
0, 41, 4, 11.0, 58.0, -1
0, 42, 2, 11.0, 58.0, -1
0, 43, 4, 11.0, 58.0, -1
0, 44, 2, 11.0, 58.0, -1
0, 45, 4, 11.0, 58.0, -1
0, 46, 4, 11.0, 59.0, -1
0, 47, 2, 11.0, 59.0, -1
0, 48, 2, 11.0, 60.0, -1
0, 49, 0, 12.0, 56.0, -1
0, 50, 0, 12.0, 56.0, -1
0, 51, 0, 12.0, 56.0, -1
0, 52, 5, 12.0, 57.0, -1
0, 53, 0, 12.0, 57.0, -1
0, 54, 5, 12.0, 57.0, -1
0, 55, 5, 12.0, 57.0, -1
0, 56, 5, 12.0, 57.0, -1
0, 57, 5, 12.0, 57.0, -1
0, 58, 5, 12.0, 58.0, -1
0, 59, 5, 12.0, 58.0, -1
0, 60, 0, 12.0, 58.0, -1
0, 61, 0, 12.0, 58.0, -1
0, 62, 5, 12.0, 58.0, -1
0, 63, 0, 12.0, 58.0, -1
0, 64, 5, 12.0, 58.0, -1
0, 65, 0, 12.0, 59.0, -1
0, 66, 0, 12.0, 59.0, -1
0, 67, 0, 12.0, 59.0, -1
0, 68, 5, 12.0, 60.0, -1
0, 69, 1, 13.0, 55.0, -1
0, 70, 1, 13.0, 56.0, -1
0, 71, 1, 13.0, 56.0, -1
0, 72, 1, 13.0, 56.0, -1
0, 73, 8, 13.0, 57.0, -1
0, 74, 1, 13.0, 57.0, -1
0, 75, 1, 13.0, 57.0, -1
0, 76, 8, 13.0, 57.0, -1
0, 77, 1, 13.0, 57.0, -1
0, 78, 1, 13.0, 57.0, -1
0, 79, 8, 13.0, 58.0, -1
0, 80, 1, 13.0, 59.0, -1
0, 81, 8, 13.0, 59.0, -1
0, 82, 8, 13.0, 59.0, -1
0, 83, 8, 13.0, 60.0, -1
0, 84, 1, 13.0, 60.0, -1
0, 85, 8, 13.0, 60.0, -1
0, 86, 8, 13.0, 60.0, -1
0, 87, 8, 13.0, 60.0, -1
0, 88, 8, 13.0, 61.0, -1
0, 89, 6, 53.0, 97.0, -1
0, 90, 6, 53.0, 97.0, -1
0, 91, 6, 53.0, 98.0, -1
0, 92, 6, 54.0, 99.0, -1
0, 93, 6, 54.0, 99.0, -1
0, 94, 6, 55.0, 97.0, -1
0, 95, 7, 55.0, 98.0, -1
0, 96, 6, 55.0, 99.0, -1
0, 97, 3, 55.0, 99.0, -1
0, 98, 3, 55.0, 99.0, -1
0, 99, 3, 55.0, 101.0, -1
0, 100, 3, 55.0, 102.0, -1
0, 101, 1, 56.0, 99.0, -1
0, 102, 0, 56.0, 99.0, -1
0, 103, 7, 56.0, 100.0, -1
0, 104, 7, 56.0, 100.0, -1
0, 105, 4, 56.0, 100.0, -1
0, 106, 6, 56.0, 100.0, -1
0, 107, 0, 56.0, 100.0, -1
0, 108, 2, 56.0, 101.0, -1
0, 109, 0, 56.0, 102.0, -1
0, 110, 1, 57.0, 99.0, -1
0, 111, 1, 57.0, 100.0, -1
0, 112, 3, 57.0, 100.0, -1
0, 113, 8, 57.0, 100.0, -1
0, 114, 1, 57.0, 100.0, -1
0, 115, 3, 57.0, 101.0, -1
0, 116, 0, 57.0, 101.0, -1
0, 117, 2, 57.0, 101.0, -1
0, 118, 3, 57.0, 101.0, -1
0, 119, 5, 57.0, 101.0, -1
0, 120, 2, 57.0, 102.0, -1
0, 121, 8, 57.0, 102.0, -1
0, 122, 7, 57.0, 102.0, -1
0, 123, 3, 57.0, 102.0, -1
0, 124, 3, 57.0, 102.0, -1
0, 125, 2, 57.0, 102.0, -1
0, 126, 4, 57.0, 102.0, -1
0, 127, 7, 57.0, 102.0, -1
0, 128, 2, 57.0, 102.0, -1
0, 129, 1, 57.0, 103.0, -1
0, 130, 1, 57.0, 103.0, -1
0, 131, 4, 57.0, 103.0, -1
0, 132, 5, 57.0, 103.0, -1
0, 133, 6, 57.0, 104.0, -1
0, 134, 5, 57.0, 104.0, -1
0, 135, 4, 57.0, 104.0, -1
0, 136, 0, 58.0, 100.0, -1
0, 137, 7, 58.0, 100.0, -1
0, 138, 5, 58.0, 101.0, -1
0, 139, 8, 58.0, 101.0, -1
0, 140, 1, 58.0, 102.0, -1
0, 141, 4, 58.0, 102.0, -1
0, 142, 4, 58.0, 102.0, -1
0, 143, 0, 58.0, 102.0, -1
0, 144, 5, 58.0, 102.0, -1
0, 145, 7, 58.0, 103.0, -1
0, 146, 4, 58.0, 103.0, -1
0, 147, 1, 58.0, 103.0, -1
0, 148, 3, 58.0, 103.0, -1
0, 149, 5, 58.0, 103.0, -1
0, 150, 7, 58.0, 103.0, -1
0, 151, 2, 58.0, 103.0, -1
0, 152, 2, 58.0, 103.0, -1
0, 153, 5, 58.0, 103.0, -1
0, 154, 4, 58.0, 104.0, -1
0, 155, 4, 58.0, 104.0, -1
0, 156, 2, 58.0, 106.0, -1
0, 157, 1, 59.0, 102.0, -1
0, 158, 0, 59.0, 102.0, -1
0, 159, 0, 59.0, 103.0, -1
0, 160, 5, 59.0, 103.0, -1
0, 161, 0, 59.0, 103.0, -1
0, 162, 4, 59.0, 103.0, -1
0, 163, 5, 59.0, 104.0, -1
0, 164, 7, 59.0, 104.0, -1
0, 165, 2, 59.0, 105.0, -1
0, 166, 8, 60.0, 102.0, -1
0, 167, 8, 60.0, 103.0, -1
0, 168, 1, 60.0, 104.0, -1
0, 169, 8, 60.0, 104.0, -1
0, 170, 8, 60.0, 105.0, -1
0, 171, 0, 60.0, 105.0, -1
0, 172, 7, 60.0, 106.0, -1
0, 173, 8, 61.0, 103.0, -1
0, 174, 5, 61.0, 106.0, -1
0, 175, 2, 61.0, 107.0, -1
0, 176, 8, 61.0, 107.0, -1
0, 177, 8, 61.0, 108.0, -1
0, 178, 6, 97.0, 139.0, -1
0, 179, 6, 97.0, 141.0, -1
0, 180, 6, 98.0, 142.0, -1
0, 181, 7, 98.0, 143.0, -1
0, 182, 6, 98.0, 143.0, -1
0, 183, 1, 99.0, 141.0, -1
0, 184, 6, 99.0, 141.0, -1
0, 185, 0, 99.0, 142.0, -1
0, 186, 1, 99.0, 142.0, -1
0, 187, 3, 99.0, 144.0, -1
0, 188, 6, 99.0, 146.0, -1
0, 189, 6, 99.0, 148.0, -1
0, 190, 0, 100.0, 142.0, -1
0, 191, 1, 100.0, 143.0, -1
0, 192, 7, 100.0, 143.0, -1
0, 193, 7, 100.0, 143.0, -1
0, 194, 7, 100.0, 144.0, -1
0, 195, 3, 100.0, 145.0, -1
0, 196, 8, 100.0, 145.0, -1
0, 197, 6, 100.0, 145.0, -1
0, 198, 0, 100.0, 146.0, -1
0, 199, 3, 100.0, 146.0, -1
0, 200, 4, 100.0, 147.0, -1
0, 201, 0, 101.0, 144.0, -1
0, 202, 3, 101.0, 145.0, -1
0, 203, 3, 101.0, 146.0, -1
0, 204, 2, 101.0, 146.0, -1
0, 205, 3, 101.0, 146.0, -1
0, 206, 5, 101.0, 146.0, -1
0, 207, 2, 101.0, 146.0, -1
0, 208, 5, 101.0, 148.0, -1
0, 209, 1, 101.0, 149.0, -1
0, 210, 0, 102.0, 144.0, -1
0, 211, 2, 102.0, 145.0, -1
0, 212, 5, 102.0, 146.0, -1
0, 213, 8, 102.0, 146.0, -1
0, 214, 4, 102.0, 146.0, -1
0, 215, 2, 102.0, 146.0, -1
0, 216, 1, 102.0, 146.0, -1
0, 217, 0, 102.0, 146.0, -1
0, 218, 1, 102.0, 146.0, -1
0, 219, 7, 102.0, 146.0, -1
0, 220, 7, 102.0, 147.0, -1
0, 221, 4, 102.0, 147.0, -1
0, 222, 3, 102.0, 147.0, -1
0, 223, 8, 102.0, 147.0, -1
0, 224, 3, 102.0, 147.0, -1
0, 225, 4, 102.0, 147.0, -1
0, 226, 8, 102.0, 147.0, -1
0, 227, 3, 102.0, 148.0, -1
0, 228, 0, 102.0, 149.0, -1
0, 229, 0, 103.0, 145.0, -1
0, 230, 1, 103.0, 145.0, -1
0, 231, 4, 103.0, 146.0, -1
0, 232, 1, 103.0, 146.0, -1
0, 233, 1, 103.0, 147.0, -1
0, 234, 7, 103.0, 147.0, -1
0, 235, 7, 103.0, 147.0, -1
0, 236, 3, 103.0, 148.0, -1
0, 237, 8, 103.0, 148.0, -1
0, 238, 5, 103.0, 148.0, -1
0, 239, 0, 103.0, 149.0, -1
0, 240, 2, 103.0, 149.0, -1
0, 241, 4, 103.0, 149.0, -1
0, 242, 5, 103.0, 149.0, -1
0, 243, 2, 103.0, 150.0, -1
0, 244, 4, 103.0, 150.0, -1
0, 245, 8, 104.0, 148.0, -1
0, 246, 2, 104.0, 148.0, -1
0, 247, 5, 104.0, 148.0, -1
0, 248, 4, 104.0, 148.0, -1
0, 249, 1, 104.0, 148.0, -1
0, 250, 5, 104.0, 149.0, -1
0, 251, 5, 104.0, 149.0, -1
0, 252, 4, 104.0, 149.0, -1
0, 253, 4, 104.0, 149.0, -1
0, 254, 5, 104.0, 149.0, -1
0, 255, 8, 104.0, 150.0, -1
0, 256, 6, 104.0, 151.0, -1
0, 257, 7, 105.0, 149.0, -1
0, 258, 0, 105.0, 150.0, -1
0, 259, 2, 105.0, 150.0, -1
0, 260, 8, 105.0, 152.0, -1
0, 261, 7, 106.0, 150.0, -1
0, 262, 5, 106.0, 150.0, -1
0, 263, 2, 106.0, 151.0, -1
0, 264, 2, 107.0, 153.0, -1
0, 265, 8, 107.0, 154.0, -1
0, 266, 8, 108.0, 155.0, -1
0, 267, 6, 140.0, 184.0, -1
0, 268, 1, 142.0, 183.0, -1
0, 269, 6, 142.0, 184.0, -1
0, 270, 6, 142.0, 188.0, -1
0, 271, 1, 143.0, 183.0, -1
0, 272, 6, 143.0, 186.0, -1
0, 273, 0, 143.0, 187.0, -1
0, 274, 0, 143.0, 187.0, -1
0, 275, 1, 144.0, 185.0, -1
0, 276, 7, 144.0, 188.0, -1
0, 277, 7, 144.0, 189.0, -1
0, 278, 7, 144.0, 189.0, -1
0, 279, 6, 144.0, 189.0, -1
0, 280, 7, 144.0, 191.0, -1
0, 281, 0, 145.0, 188.0, -1
0, 282, 0, 145.0, 189.0, -1
0, 283, 3, 145.0, 191.0, -1
0, 284, 0, 146.0, 187.0, -1
0, 285, 8, 146.0, 188.0, -1
0, 286, 3, 146.0, 188.0, -1
0, 287, 3, 146.0, 189.0, -1
0, 288, 6, 146.0, 189.0, -1
0, 289, 1, 146.0, 191.0, -1
0, 290, 2, 146.0, 191.0, -1
0, 291, 5, 146.0, 192.0, -1
0, 292, 1, 147.0, 188.0, -1
0, 293, 0, 147.0, 189.0, -1
0, 294, 1, 147.0, 189.0, -1
0, 295, 1, 147.0, 190.0, -1
0, 296, 3, 147.0, 190.0, -1
0, 297, 2, 147.0, 191.0, -1
0, 298, 3, 147.0, 191.0, -1
0, 299, 0, 147.0, 191.0, -1
0, 300, 7, 147.0, 191.0, -1
0, 301, 5, 147.0, 191.0, -1
0, 302, 4, 147.0, 191.0, -1
0, 303, 8, 147.0, 192.0, -1
0, 304, 2, 147.0, 192.0, -1
0, 305, 2, 147.0, 192.0, -1
0, 306, 3, 147.0, 193.0, -1
0, 307, 6, 147.0, 193.0, -1
0, 308, 4, 147.0, 193.0, -1
0, 309, 8, 148.0, 190.0, -1
0, 310, 8, 148.0, 190.0, -1
0, 311, 1, 148.0, 191.0, -1
0, 312, 7, 148.0, 191.0, -1
0, 313, 4, 148.0, 191.0, -1
0, 314, 4, 148.0, 192.0, -1
0, 315, 3, 148.0, 192.0, -1
0, 316, 7, 148.0, 192.0, -1
0, 317, 3, 148.0, 192.0, -1
0, 318, 4, 148.0, 192.0, -1
0, 319, 7, 148.0, 193.0, -1
0, 320, 8, 149.0, 190.0, -1
0, 321, 0, 149.0, 190.0, -1
0, 322, 1, 149.0, 191.0, -1
0, 323, 0, 149.0, 192.0, -1
0, 324, 2, 149.0, 192.0, -1
0, 325, 1, 149.0, 192.0, -1
0, 326, 5, 149.0, 192.0, -1
0, 327, 8, 149.0, 192.0, -1
0, 328, 3, 149.0, 192.0, -1
0, 329, 5, 149.0, 193.0, -1
0, 330, 4, 149.0, 193.0, -1
0, 331, 5, 149.0, 194.0, -1
0, 332, 3, 149.0, 194.0, -1
0, 333, 5, 149.0, 194.0, -1
0, 334, 6, 149.0, 194.0, -1
0, 335, 5, 150.0, 193.0, -1
0, 336, 7, 150.0, 194.0, -1
0, 337, 4, 150.0, 194.0, -1
0, 338, 4, 150.0, 194.0, -1
0, 339, 2, 150.0, 194.0, -1
0, 340, 5, 150.0, 194.0, -1
0, 341, 4, 150.0, 194.0, -1
0, 342, 2, 150.0, 195.0, -1
0, 343, 5, 150.0, 196.0, -1
0, 344, 0, 151.0, 192.0, -1
0, 345, 5, 151.0, 194.0, -1
0, 346, 2, 151.0, 195.0, -1
0, 347, 4, 151.0, 196.0, -1
0, 348, 8, 151.0, 196.0, -1
0, 349, 7, 151.0, 199.0, -1
0, 350, 6, 152.0, 195.0, -1
0, 351, 8, 152.0, 195.0, -1
0, 352, 2, 152.0, 197.0, -1
0, 353, 2, 154.0, 198.0, -1
0, 354, 8, 155.0, 200.0, -1
0, 355, 8, 156.0, 200.0, -1
0, 356, 1, 183.0, 226.0, -1
0, 357, 1, 184.0, 224.0, -1
0, 358, 6, 185.0, 229.0, -1
0, 359, 6, 185.0, 231.0, -1
0, 360, 1, 186.0, 226.0, -1
0, 361, 6, 187.0, 236.0, -1
0, 362, 7, 188.0, 229.0, -1
0, 363, 0, 188.0, 232.0, -1
0, 364, 0, 188.0, 232.0, -1
0, 365, 0, 188.0, 232.0, -1
0, 366, 0, 188.0, 233.0, -1
0, 367, 0, 189.0, 230.0, -1
0, 368, 8, 189.0, 232.0, -1
0, 369, 6, 189.0, 232.0, -1
0, 370, 7, 189.0, 233.0, -1
0, 371, 1, 189.0, 233.0, -1
0, 372, 3, 189.0, 234.0, -1
0, 373, 1, 190.0, 232.0, -1
0, 374, 1, 190.0, 233.0, -1
0, 375, 0, 190.0, 235.0, -1
0, 376, 6, 190.0, 235.0, -1
0, 377, 6, 190.0, 235.0, -1
0, 378, 3, 190.0, 236.0, -1
0, 379, 7, 190.0, 236.0, -1
0, 380, 8, 191.0, 233.0, -1
0, 381, 1, 191.0, 233.0, -1
0, 382, 1, 191.0, 234.0, -1
0, 383, 0, 191.0, 235.0, -1
0, 384, 8, 191.0, 236.0, -1
0, 385, 8, 191.0, 236.0, -1
0, 386, 7, 191.0, 236.0, -1
0, 387, 2, 191.0, 237.0, -1
0, 388, 3, 191.0, 237.0, -1
0, 389, 1, 192.0, 234.0, -1
0, 390, 7, 192.0, 234.0, -1
0, 391, 3, 192.0, 235.0, -1
0, 392, 2, 192.0, 235.0, -1
0, 393, 4, 192.0, 235.0, -1
0, 394, 7, 192.0, 235.0, -1
0, 395, 3, 192.0, 235.0, -1
0, 396, 0, 192.0, 235.0, -1
0, 397, 8, 192.0, 236.0, -1
0, 398, 4, 192.0, 237.0, -1
0, 399, 4, 192.0, 238.0, -1
0, 400, 5, 192.0, 239.0, -1
0, 401, 1, 193.0, 235.0, -1
0, 402, 0, 193.0, 236.0, -1
0, 403, 8, 193.0, 236.0, -1
0, 404, 2, 193.0, 236.0, -1
0, 405, 5, 193.0, 236.0, -1
0, 406, 3, 193.0, 236.0, -1
0, 407, 2, 193.0, 236.0, -1
0, 408, 4, 193.0, 237.0, -1
0, 409, 2, 193.0, 237.0, -1
0, 410, 3, 193.0, 238.0, -1
0, 411, 5, 193.0, 238.0, -1
0, 412, 0, 193.0, 238.0, -1
0, 413, 3, 193.0, 238.0, -1
0, 414, 3, 193.0, 238.0, -1
0, 415, 5, 193.0, 238.0, -1
0, 416, 7, 193.0, 240.0, -1
0, 417, 6, 194.0, 237.0, -1
0, 418, 4, 194.0, 238.0, -1
0, 419, 4, 194.0, 238.0, -1
0, 420, 7, 194.0, 238.0, -1
0, 421, 5, 194.0, 239.0, -1
0, 422, 5, 194.0, 239.0, -1
0, 423, 3, 194.0, 240.0, -1
0, 424, 5, 195.0, 237.0, -1
0, 425, 4, 195.0, 239.0, -1
0, 426, 4, 195.0, 239.0, -1
0, 427, 7, 195.0, 239.0, -1
0, 428, 2, 195.0, 239.0, -1
0, 429, 6, 195.0, 239.0, -1
0, 430, 2, 195.0, 240.0, -1
0, 431, 5, 195.0, 240.0, -1
0, 432, 6, 195.0, 240.0, -1
0, 433, 5, 195.0, 240.0, -1
0, 434, 4, 195.0, 240.0, -1
0, 435, 8, 196.0, 241.0, -1
0, 436, 2, 196.0, 242.0, -1
0, 437, 4, 196.0, 242.0, -1
0, 438, 5, 197.0, 242.0, -1
0, 439, 8, 197.0, 242.0, -1
0, 440, 2, 198.0, 242.0, -1
0, 441, 2, 198.0, 243.0, -1
0, 442, 7, 199.0, 242.0, -1
0, 443, 8, 200.0, 245.0, -1
0, 444, 8, 201.0, 246.0, -1
0, 445, 1, 225.0, 265.0, -1
0, 446, 1, 226.0, 268.0, -1
0, 447, 1, 226.0, 269.0, -1
0, 448, 6, 229.0, 272.0, -1
0, 449, 7, 230.0, 272.0, -1
0, 450, 0, 230.0, 274.0, -1
0, 451, 6, 231.0, 277.0, -1
0, 452, 8, 232.0, 273.0, -1
0, 453, 0, 232.0, 277.0, -1
0, 454, 0, 232.0, 278.0, -1
0, 455, 7, 233.0, 276.0, -1
0, 456, 1, 233.0, 276.0, -1
0, 457, 1, 233.0, 276.0, -1
0, 458, 0, 233.0, 278.0, -1
0, 459, 0, 233.0, 279.0, -1
0, 460, 6, 233.0, 279.0, -1
0, 461, 1, 234.0, 275.0, -1
0, 462, 1, 234.0, 276.0, -1
0, 463, 8, 234.0, 276.0, -1
0, 464, 1, 234.0, 277.0, -1
0, 465, 7, 235.0, 276.0, -1
0, 466, 1, 235.0, 278.0, -1
0, 467, 4, 235.0, 278.0, -1
0, 468, 0, 235.0, 279.0, -1
0, 469, 2, 235.0, 279.0, -1
0, 470, 7, 235.0, 280.0, -1
0, 471, 3, 235.0, 280.0, -1
0, 472, 3, 235.0, 281.0, -1
0, 473, 0, 236.0, 277.0, -1
0, 474, 3, 236.0, 278.0, -1
0, 475, 0, 236.0, 278.0, -1
0, 476, 0, 236.0, 279.0, -1
0, 477, 8, 236.0, 279.0, -1
0, 478, 8, 236.0, 279.0, -1
0, 479, 8, 236.0, 279.0, -1
0, 480, 1, 236.0, 279.0, -1
0, 481, 8, 236.0, 279.0, -1
0, 482, 6, 236.0, 280.0, -1
0, 483, 2, 236.0, 280.0, -1
0, 484, 6, 236.0, 280.0, -1
0, 485, 3, 236.0, 282.0, -1
0, 486, 6, 236.0, 283.0, -1
0, 487, 7, 237.0, 278.0, -1
0, 488, 7, 237.0, 278.0, -1
0, 489, 4, 237.0, 279.0, -1
0, 490, 5, 237.0, 280.0, -1
0, 491, 2, 237.0, 280.0, -1
0, 492, 3, 237.0, 281.0, -1
0, 493, 2, 237.0, 282.0, -1
0, 494, 5, 238.0, 279.0, -1
0, 495, 4, 238.0, 280.0, -1
0, 496, 3, 238.0, 282.0, -1
0, 497, 2, 238.0, 282.0, -1
0, 498, 0, 238.0, 284.0, -1
0, 499, 6, 238.0, 285.0, -1
0, 500, 3, 287.0, 291.0, 292.0
0, 501, 6, 287.0, 291.0, 293.0
0, 502, 8, 287.0, 291.0, 292.0
0, 503, 4, 287.0, 291.0, 293.0
0, 504, 6, 287.0, 292.0, 294.0
0, 505, 6, 287.0, 292.0, 295.0
0, 506, 0, 287.0, 292.0, 296.0
0, 507, 6, 287.0, 292.0, 296.0
0, 508, 8, 287.0, 292.0, 296.0
0, 509, 5, 287.0, 292.0, 295.0
0, 510, 4, 287.0, 292.0, 296.0
0, 511, 6, 287.0, 292.0, 297.0
0, 512, 3, 287.0, 292.0, 297.0
0, 513, 2, 287.0, 292.0, 297.0
0, 514, 7, 287.0, 293.0, 298.0
0, 515, 6, 287.0, 293.0, 301.0
0, 516, 3, 287.0, 293.0, 299.0
0, 517, 0, 287.0, 293.0, 301.0
0, 518, 8, 287.0, 293.0, 301.0
0, 519, 8, 287.0, 293.0, 301.0
0, 520, 7, 287.0, 293.0, 301.0
0, 521, 4, 287.0, 293.0, 300.0
0, 522, 3, 287.0, 294.0, 301.0
0, 523, 5, 287.0, 294.0, 302.0
0, 524, 4, 287.0, 294.0, 301.0
0, 525, 2, 287.0, 294.0, 300.0
0, 526, 1, 287.0, 294.0, 302.0
0, 527, 6, 287.0, 296.0, 302.0
0, 528, 8, 287.0, 296.0, 306.0
0, 529, 8, 287.0, 297.0, 304.0
0, 530, 0, 287.0, 297.0, 303.0
0, 531, 1, 287.0, 297.0, 305.0
0, 532, 7, 287.0, 297.0, 305.0
0, 533, 7, 287.0, 297.0, 303.0
0, 534, 3, 287.0, 297.0, 305.0
0, 535, 0, 287.0, 297.0, 308.0
0, 536, 3, 287.0, 297.0, 309.0
0, 537, 4, 287.0, 297.0, 303.0
0, 538, 2, 287.0, 297.0, 303.0
0, 539, 4, 287.0, 297.0, 304.0
0, 540, 4, 287.0, 298.0, 310.0
0, 541, 2, 287.0, 298.0, 311.0
0, 542, 5, 287.0, 299.0, 308.0
0, 543, 7, 287.0, 299.0, 312.0
0, 544, 1, 287.0, 299.0, 310.0
0, 545, 7, 287.0, 299.0, 313.0
0, 546, 5, 287.0, 299.0, 316.0
0, 547, 5, 287.0, 300.0, 313.0
0, 548, 2, 287.0, 300.0, 315.0
0, 549, 0, 287.0, 300.0, 312.0
0, 550, 0, 287.0, 300.0, 315.0
0, 551, 5, 287.0, 300.0, 315.0
0, 552, 5, 287.0, 301.0, 319.0
0, 553, 6, 287.0, 301.0, 317.0
0, 554, 5, 287.0, 301.0, 319.0
0, 555, 2, 287.0, 301.0, 315.0
0, 556, 0, 287.0, 302.0, 318.0
0, 557, 0, 287.0, 302.0, 321.0
0, 558, 8, 287.0, 302.0, 317.0
0, 559, 1, 287.0, 303.0, 318.0
0, 560, 7, 287.0, 303.0, 317.0
0, 561, 7, 287.0, 303.0, 321.0
0, 562, 3, 287.0, 303.0, 320.0
0, 563, 4, 287.0, 303.0, 323.0
0, 564, 8, 287.0, 303.0, 324.0
0, 565, 2, 287.0, 304.0, 320.0
0, 566, 6, 287.0, 304.0, 326.0
0, 567, 2, 287.0, 304.0, 325.0
0, 568, 3, 287.0, 304.0, 325.0
0, 569, 8, 287.0, 305.0, 324.0
0, 570, 4, 287.0, 305.0, 328.0
0, 571, 3, 287.0, 306.0, 331.0
0, 572, 2, 287.0, 306.0, 326.0
0, 573, 3, 287.0, 308.0, 334.0
0, 574, 7, 287.0, 311.0, 346.0
0, 575, 0, 287.0, 312.0, 347.0
0, 576, 4, 287.0, 312.0, 347.0
0, 577, 8, 287.0, 313.0, 349.0
0, 578, 0, 287.0, 314.0, 350.0
0, 579, 1, 287.0, 317.0, 358.0
0, 580, 7, 287.0, 318.0, 365.0
0, 581, 5, 287.0, 321.0, 366.0
0, 582, 5, 287.0, 322.0, 374.0
0, 583, 2, 287.0, 329.0, 389.0
0, 584, 1, 288.0, 292.0, 295.0
0, 585, 1, 288.0, 293.0, 301.0
0, 586, 1, 288.0, 294.0, 301.0
0, 587, 1, 288.0, 303.0, 316.0
0, 588, 1, 288.0, 314.0, 353.0
0, 589, 3, 292.0, 296.0, 304.0
0, 590, 4, 293.0, 301.0, 309.0
0, 591, 8, 293.0, 304.0, 316.0
0, 592, 6, 293.0, 304.0, 316.0
0, 593, 6, 295.0, 303.0, 315.0
0, 594, 6, 295.0, 303.0, 310.0
0, 595, 1, 295.0, 306.0, 320.0
0, 596, 6, 296.0, 299.0, 301.0
0, 597, 0, 296.0, 300.0, 307.0
0, 598, 5, 296.0, 304.0, 315.0
0, 599, 4, 296.0, 307.0, 325.0
0, 600, 8, 297.0, 300.0, 301.0
0, 601, 2, 297.0, 300.0, 304.0
0, 602, 3, 297.0, 301.0, 307.0
0, 603, 7, 298.0, 302.0, 311.0
0, 604, 6, 298.0, 312.0, 326.0
0, 605, 3, 299.0, 310.0, 323.0
0, 606, 2, 300.0, 315.0, 335.0
0, 607, 8, 301.0, 304.0, 310.0
0, 608, 1, 301.0, 304.0, 310.0
0, 609, 3, 301.0, 305.0, 309.0
0, 610, 8, 301.0, 305.0, 315.0
0, 611, 7, 301.0, 309.0, 321.0
0, 612, 0, 301.0, 309.0, 316.0
0, 613, 6, 301.0, 309.0, 316.0
0, 614, 1, 301.0, 309.0, 315.0
0, 615, 4, 301.0, 309.0, 322.0
0, 616, 8, 301.0, 310.0, 315.0
0, 617, 4, 301.0, 312.0, 325.0
0, 618, 6, 301.0, 315.0, 335.0
0, 619, 1, 302.0, 306.0, 313.0
0, 620, 6, 302.0, 313.0, 323.0
0, 621, 5, 302.0, 323.0, 355.0
0, 622, 2, 303.0, 306.0, 316.0
0, 623, 4, 303.0, 314.0, 327.0
0, 624, 7, 303.0, 320.0, 342.0
0, 625, 0, 303.0, 326.0, 356.0
0, 626, 2, 304.0, 308.0, 317.0
0, 627, 3, 304.0, 311.0, 321.0
0, 628, 4, 304.0, 312.0, 324.0
0, 629, 8, 304.0, 335.0, 379.0
0, 630, 7, 305.0, 313.0, 323.0
0, 631, 1, 305.0, 316.0, 330.0
0, 632, 3, 305.0, 316.0, 327.0
0, 633, 8, 306.0, 312.0, 316.0
0, 634, 3, 307.0, 325.0, 353.0
0, 635, 0, 307.0, 326.0, 351.0
0, 636, 5, 308.0, 312.0, 320.0
0, 637, 0, 309.0, 312.0, 314.0
0, 638, 3, 309.0, 325.0, 346.0
0, 639, 4, 309.0, 332.0, 368.0
0, 640, 3, 309.0, 342.0, 390.0
0, 641, 1, 310.0, 318.0, 326.0
0, 642, 4, 310.0, 318.0, 327.0
0, 643, 1, 310.0, 323.0, 341.0
0, 644, 8, 310.0, 328.0, 348.0
0, 645, 7, 311.0, 314.0, 317.0
0, 646, 2, 311.0, 315.0, 320.0
0, 647, 6, 311.0, 323.0, 338.0
0, 648, 7, 312.0, 327.0, 347.0
0, 649, 0, 312.0, 331.0, 355.0
0, 650, 7, 313.0, 317.0, 319.0
0, 651, 1, 313.0, 323.0, 333.0
0, 652, 5, 313.0, 331.0, 359.0
0, 653, 0, 314.0, 317.0, 319.0
0, 654, 1, 315.0, 318.0, 323.0
0, 655, 8, 315.0, 319.0, 324.0
0, 656, 2, 315.0, 319.0, 326.0
0, 657, 0, 315.0, 323.0, 335.0
0, 658, 8, 315.0, 326.0, 337.0
0, 659, 5, 315.0, 326.0, 341.0
0, 660, 2, 315.0, 327.0, 343.0
0, 661, 6, 315.0, 328.0, 346.0
0, 662, 5, 315.0, 332.0, 352.0
0, 663, 0, 316.0, 319.0, 321.0
0, 664, 8, 316.0, 320.0, 328.0
0, 665, 5, 316.0, 324.0, 335.0
0, 666, 6, 316.0, 324.0, 332.0
0, 667, 6, 316.0, 324.0, 335.0
0, 668, 8, 316.0, 330.0, 348.0
0, 669, 2, 316.0, 331.0, 348.0
0, 670, 7, 317.0, 321.0, 324.0
0, 671, 1, 317.0, 321.0, 325.0
0, 672, 8, 317.0, 331.0, 348.0
0, 673, 7, 317.0, 335.0, 360.0
0, 674, 2, 318.0, 321.0, 326.0
0, 675, 1, 318.0, 322.0, 327.0
0, 676, 0, 318.0, 334.0, 352.0
0, 677, 6, 318.0, 334.0, 352.0
0, 678, 5, 319.0, 322.0, 326.0
0, 679, 7, 319.0, 323.0, 326.0
0, 680, 0, 319.0, 332.0, 350.0
0, 681, 5, 319.0, 351.0, 398.0
0, 682, 5, 320.0, 331.0, 343.0
0, 683, 2, 320.0, 334.0, 351.0
0, 684, 2, 320.0, 350.0, 391.0
0, 685, 3, 320.0, 351.0, 398.0
0, 686, 1, 321.0, 324.0, 326.0
0, 687, 0, 321.0, 325.0, 332.0
0, 688, 0, 321.0, 325.0, 334.0
0, 689, 3, 321.0, 329.0, 342.0
0, 690, 7, 321.0, 329.0, 339.0
0, 691, 7, 321.0, 331.0, 346.0
0, 692, 4, 322.0, 341.0, 370.0
0, 693, 4, 323.0, 326.0, 333.0
0, 694, 3, 323.0, 331.0, 340.0
0, 695, 1, 323.0, 331.0, 339.0
0, 696, 7, 323.0, 336.0, 351.0
0, 697, 6, 323.0, 339.0, 359.0
0, 698, 4, 324.0, 327.0, 331.0
0, 699, 8, 324.0, 332.0, 342.0
0, 700, 8, 324.0, 335.0, 347.0
0, 701, 8, 324.0, 338.0, 357.0
0, 702, 7, 324.0, 347.0, 381.0
0, 703, 3, 325.0, 333.0, 339.0
0, 704, 1, 325.0, 333.0, 342.0
0, 705, 4, 325.0, 336.0, 348.0
0, 706, 4, 325.0, 344.0, 374.0
0, 707, 2, 326.0, 329.0, 336.0
0, 708, 2, 326.0, 330.0, 336.0
0, 709, 7, 326.0, 335.0, 341.0
0, 710, 5, 327.0, 329.0, 331.0
0, 711, 2, 327.0, 330.0, 338.0
0, 712, 6, 327.0, 330.0, 338.0
0, 713, 6, 327.0, 334.0, 345.0
0, 714, 2, 327.0, 337.0, 349.0
0, 715, 1, 327.0, 342.0, 361.0
0, 716, 1, 327.0, 343.0, 365.0
0, 717, 3, 328.0, 338.0, 350.0
0, 718, 1, 328.0, 338.0, 349.0
0, 719, 4, 328.0, 339.0, 356.0
0, 720, 4, 328.0, 349.0, 381.0
0, 721, 4, 329.0, 332.0, 341.0
0, 722, 8, 329.0, 339.0, 352.0
0, 723, 1, 331.0, 333.0, 335.0
0, 724, 5, 332.0, 334.0, 339.0
0, 725, 3, 332.0, 349.0, 375.0
0, 726, 4, 332.0, 350.0, 377.0
0, 727, 0, 333.0, 335.0, 340.0
0, 728, 6, 333.0, 346.0, 360.0
0, 729, 4, 334.0, 336.0, 340.0
0, 730, 1, 334.0, 337.0, 345.0
0, 731, 3, 335.0, 341.0, 347.0
0, 732, 0, 335.0, 345.0, 362.0
0, 733, 5, 336.0, 338.0, 340.0
0, 734, 1, 336.0, 339.0, 342.0
0, 735, 2, 336.0, 343.0, 351.0
0, 736, 6, 336.0, 343.0, 348.0
0, 737, 0, 336.0, 348.0, 362.0
0, 738, 6, 336.0, 351.0, 371.0
0, 739, 2, 337.0, 344.0, 356.0
0, 740, 2, 337.0, 344.0, 353.0
0, 741, 8, 338.0, 350.0, 364.0
0, 742, 6, 338.0, 356.0, 382.0
0, 743, 2, 339.0, 345.0, 353.0
0, 744, 6, 339.0, 349.0, 362.0
0, 745, 7, 340.0, 343.0, 350.0
0, 746, 3, 340.0, 348.0, 356.0
0, 747, 1, 340.0, 350.0, 360.0
0, 748, 5, 340.0, 358.0, 383.0
0, 749, 3, 341.0, 348.0, 358.0
0, 750, 0, 341.0, 352.0, 361.0
0, 751, 4, 341.0, 353.0, 371.0
0, 752, 5, 341.0, 354.0, 372.0
0, 753, 5, 342.0, 349.0, 359.0
0, 754, 7, 342.0, 349.0, 359.0
0, 755, 4, 342.0, 352.0, 367.0
0, 756, 1, 342.0, 356.0, 376.0
0, 757, 1, 343.0, 346.0, 354.0
0, 758, 7, 343.0, 349.0, 355.0
0, 759, 1, 343.0, 353.0, 366.0
0, 760, 3, 343.0, 361.0, 388.0
0, 761, 8, 343.0, 365.0, 399.0
0, 762, 5, 344.0, 356.0, 373.0
0, 763, 2, 344.0, 367.0, 400.0
0, 764, 1, 345.0, 347.0, 350.0
0, 765, 6, 346.0, 354.0, 365.0
0, 766, 6, 347.0, 350.0, 354.0
0, 767, 7, 347.0, 358.0, 375.0
0, 768, 3, 347.0, 369.0, 404.0
0, 769, 7, 347.0, 374.0, 415.0
0, 770, 7, 348.0, 351.0, 354.0
0, 771, 0, 348.0, 351.0, 356.0
0, 772, 8, 348.0, 351.0, 358.0
0, 773, 4, 348.0, 351.0, 358.0
0, 774, 3, 348.0, 358.0, 374.0
0, 775, 8, 349.0, 351.0, 358.0
0, 776, 4, 349.0, 351.0, 355.0
0, 777, 6, 349.0, 353.0, 359.0
0, 778, 2, 349.0, 356.0, 364.0
0, 779, 8, 349.0, 358.0, 367.0
0, 780, 8, 349.0, 366.0, 386.0
0, 781, 1, 350.0, 352.0, 357.0
0, 782, 2, 350.0, 353.0, 357.0
0, 783, 8, 350.0, 361.0, 376.0
0, 784, 0, 350.0, 374.0, 439.0
0, 785, 3, 351.0, 354.0, 358.0
0, 786, 1, 351.0, 358.0, 368.0
0, 787, 0, 351.0, 358.0, 368.0
0, 788, 7, 351.0, 361.0, 375.0
0, 789, 7, 352.0, 355.0, 361.0
0, 790, 2, 352.0, 355.0, 362.0
0, 791, 0, 352.0, 355.0, 361.0
0, 792, 2, 352.0, 367.0, 389.0
0, 793, 0, 353.0, 356.0, 359.0
0, 794, 8, 353.0, 360.0, 367.0
0, 795, 5, 353.0, 362.0, 374.0
0, 796, 6, 353.0, 366.0, 385.0
0, 797, 1, 354.0, 356.0, 361.0
0, 798, 2, 354.0, 359.0, 368.0
0, 799, 3, 354.0, 361.0, 368.0
0, 800, 7, 354.0, 364.0, 381.0
0, 801, 2, 354.0, 366.0, 381.0
0, 802, 1, 355.0, 357.0, 361.0
0, 803, 6, 355.0, 368.0, 383.0
0, 804, 4, 356.0, 358.0, 364.0
0, 805, 5, 356.0, 358.0, 366.0
0, 806, 7, 356.0, 359.0, 365.0
0, 807, 0, 356.0, 366.0, 380.0
0, 808, 2, 356.0, 369.0, 383.0
0, 809, 0, 357.0, 360.0, 364.0
0, 810, 0, 357.0, 364.0, 373.0
0, 811, 3, 357.0, 369.0, 390.0
0, 812, 4, 357.0, 382.0, 422.0
0, 813, 3, 358.0, 364.0, 371.0
0, 814, 1, 358.0, 365.0, 373.0
0, 815, 2, 358.0, 366.0, 379.0
0, 816, 8, 358.0, 375.0, 402.0
0, 817, 4, 359.0, 362.0, 369.0
0, 818, 8, 359.0, 362.0, 366.0
0, 819, 1, 359.0, 366.0, 373.0
0, 820, 3, 359.0, 371.0, 391.0
0, 821, 8, 359.0, 384.0, 420.0
0, 822, 6, 360.0, 363.0, 368.0
0, 823, 5, 360.0, 363.0, 369.0
0, 824, 7, 360.0, 367.0, 374.0
0, 825, 0, 360.0, 370.0, 384.0
0, 826, 5, 360.0, 372.0, 389.0
0, 827, 6, 360.0, 378.0, 404.0
0, 828, 1, 361.0, 368.0, 379.0
0, 829, 6, 361.0, 373.0, 388.0
0, 830, 7, 361.0, 380.0, 407.0
0, 831, 0, 362.0, 365.0, 368.0
0, 832, 0, 362.0, 365.0, 368.0
0, 833, 1, 362.0, 365.0, 367.0
0, 834, 1, 362.0, 365.0, 373.0
0, 835, 7, 362.0, 365.0, 373.0
0, 836, 1, 362.0, 375.0, 391.0
0, 837, 0, 362.0, 375.0, 394.0
0, 838, 6, 363.0, 366.0, 370.0
0, 839, 2, 363.0, 383.0, 414.0
0, 840, 0, 363.0, 388.0, 452.0
0, 841, 0, 365.0, 368.0, 376.0
0, 842, 4, 365.0, 372.0, 383.0
0, 843, 7, 365.0, 375.0, 385.0
0, 844, 2, 365.0, 375.0, 388.0
0, 845, 8, 365.0, 383.0, 406.0
0, 846, 1, 366.0, 369.0, 378.0
0, 847, 5, 366.0, 369.0, 378.0
0, 848, 8, 366.0, 369.0, 374.0
0, 849, 7, 366.0, 376.0, 388.0
0, 850, 5, 366.0, 382.0, 403.0
0, 851, 6, 366.0, 389.0, 422.0
0, 852, 4, 367.0, 370.0, 377.0
0, 853, 8, 367.0, 374.0, 381.0
0, 854, 1, 367.0, 379.0, 399.0
0, 855, 1, 368.0, 371.0, 374.0
0, 856, 0, 368.0, 371.0, 377.0
0, 857, 8, 368.0, 375.0, 381.0
0, 858, 0, 368.0, 377.0, 394.0
0, 859, 1, 368.0, 389.0, 418.0
0, 860, 4, 369.0, 371.0, 373.0
0, 861, 6, 369.0, 372.0, 377.0
0, 862, 0, 369.0, 373.0, 380.0
0, 863, 3, 369.0, 376.0, 388.0
0, 864, 2, 369.0, 383.0, 404.0
0, 865, 4, 370.0, 379.0, 391.0
0, 866, 5, 370.0, 387.0, 414.0
0, 867, 6, 371.0, 374.0, 378.0
0, 868, 4, 371.0, 387.0, 413.0
0, 869, 4, 372.0, 374.0, 377.0
0, 870, 3, 372.0, 379.0, 384.0
0, 871, 6, 372.0, 382.0, 395.0
0, 872, 5, 373.0, 375.0, 376.0
0, 873, 1, 373.0, 375.0, 377.0
0, 874, 0, 373.0, 376.0, 384.0
0, 875, 5, 373.0, 380.0, 387.0
0, 876, 1, 374.0, 377.0, 383.0
0, 877, 7, 374.0, 384.0, 400.0
0, 878, 1, 374.0, 384.0, 395.0
0, 879, 4, 374.0, 394.0, 420.0
0, 880, 8, 375.0, 378.0, 382.0
0, 881, 4, 375.0, 378.0, 384.0
0, 882, 5, 375.0, 378.0, 385.0
0, 883, 1, 375.0, 382.0, 393.0
0, 884, 5, 375.0, 382.0, 390.0
0, 885, 3, 375.0, 386.0, 403.0
0, 886, 3, 375.0, 388.0, 406.0
0, 887, 7, 375.0, 396.0, 428.0
0, 888, 7, 376.0, 379.0, 383.0
0, 889, 7, 376.0, 392.0, 413.0
0, 890, 8, 377.0, 380.0, 388.0
0, 891, 1, 377.0, 380.0, 389.0
0, 892, 1, 377.0, 384.0, 393.0
0, 893, 0, 377.0, 391.0, 439.0
0, 894, 5, 377.0, 391.0, 410.0
0, 895, 4, 378.0, 381.0, 384.0
0, 896, 4, 378.0, 381.0, 384.0
0, 897, 6, 378.0, 385.0, 392.0
0, 898, 4, 378.0, 385.0, 393.0
0, 899, 5, 378.0, 388.0, 401.0
0, 900, 1, 378.0, 388.0, 399.0
0, 901, 0, 378.0, 393.0, 439.0
0, 902, 8, 379.0, 382.0, 383.0
0, 903, 6, 379.0, 387.0, 398.0
0, 904, 2, 380.0, 382.0, 385.0
0, 905, 1, 380.0, 401.0, 430.0
0, 906, 7, 381.0, 384.0, 386.0
0, 907, 7, 381.0, 391.0, 400.0
0, 908, 0, 381.0, 397.0, 444.0
0, 909, 0, 381.0, 398.0, 445.0
0, 910, 2, 382.0, 385.0, 394.0
0, 911, 4, 382.0, 385.0, 393.0
0, 912, 8, 382.0, 385.0, 394.0
0, 913, 8, 382.0, 389.0, 396.0
0, 914, 8, 382.0, 394.0, 410.0
0, 915, 8, 383.0, 386.0, 389.0
0, 916, 1, 383.0, 386.0, 392.0
0, 917, 7, 383.0, 400.0, 422.0
0, 918, 6, 383.0, 410.0, 442.0
0, 919, 6, 384.0, 387.0, 393.0
0, 920, 0, 384.0, 392.0, 401.0
0, 921, 4, 384.0, 394.0, 407.0
0, 922, 2, 384.0, 394.0, 405.0
0, 923, 5, 384.0, 400.0, 425.0
0, 924, 3, 385.0, 388.0, 394.0
0, 925, 4, 385.0, 389.0, 397.0
0, 926, 2, 385.0, 392.0, 403.0
0, 927, 4, 385.0, 393.0, 405.0
0, 928, 4, 385.0, 393.0, 405.0
0, 929, 5, 385.0, 395.0, 413.0
0, 930, 0, 385.0, 396.0, 425.0
0, 931, 8, 386.0, 390.0, 399.0
0, 932, 6, 386.0, 390.0, 397.0
0, 933, 7, 386.0, 394.0, 401.0
0, 934, 7, 387.0, 397.0, 411.0
0, 935, 5, 387.0, 398.0, 415.0
0, 936, 6, 388.0, 399.0, 415.0
0, 937, 3, 389.0, 392.0, 395.0
0, 938, 1, 389.0, 392.0, 401.0
0, 939, 7, 389.0, 393.0, 399.0
0, 940, 2, 389.0, 401.0, 415.0
0, 941, 8, 389.0, 401.0, 419.0
0, 942, 3, 389.0, 408.0, 437.0
0, 943, 8, 390.0, 392.0, 394.0
0, 944, 3, 390.0, 393.0, 401.0
0, 945, 3, 390.0, 394.0, 403.0
0, 946, 5, 390.0, 397.0, 403.0
0, 947, 2, 390.0, 404.0, 421.0
0, 948, 2, 390.0, 408.0, 434.0
0, 949, 4, 391.0, 395.0, 399.0
0, 950, 5, 391.0, 402.0, 416.0
0, 951, 1, 392.0, 395.0, 398.0
0, 952, 6, 392.0, 395.0, 401.0
0, 953, 2, 392.0, 396.0, 397.0
0, 954, 1, 392.0, 399.0, 410.0
0, 955, 3, 392.0, 405.0, 426.0
0, 956, 4, 393.0, 396.0, 401.0
0, 957, 4, 393.0, 401.0, 412.0
0, 958, 2, 394.0, 401.0, 410.0
0, 959, 1, 394.0, 404.0, 419.0
0, 960, 1, 394.0, 404.0, 417.0
0, 961, 3, 394.0, 410.0, 428.0
0, 962, 6, 394.0, 419.0, 446.0
0, 963, 8, 395.0, 398.0, 407.0
0, 964, 0, 395.0, 402.0, 439.0
0, 965, 1, 395.0, 402.0, 410.0
0, 966, 0, 395.0, 407.0, 439.0
0, 967, 6, 395.0, 426.0, 452.0
0, 968, 8, 395.0, 440.0, 491.0
0, 969, 3, 396.0, 414.0, 437.0
0, 970, 8, 397.0, 409.0, 423.0
0, 971, 4, 398.0, 401.0, 410.0
0, 972, 6, 398.0, 412.0, 430.0
0, 973, 2, 398.0, 415.0, 437.0
0, 974, 4, 399.0, 401.0, 403.0
0, 975, 8, 399.0, 403.0, 408.0
0, 976, 8, 399.0, 403.0, 408.0
0, 977, 6, 399.0, 407.0, 412.0
0, 978, 3, 399.0, 409.0, 419.0
0, 979, 5, 399.0, 413.0, 430.0
0, 980, 1, 399.0, 419.0, 441.0
0, 981, 1, 400.0, 408.0, 418.0
0, 982, 7, 400.0, 408.0, 414.0
0, 983, 1, 400.0, 412.0, 423.0
0, 984, 7, 401.0, 408.0, 414.0
0, 985, 7, 401.0, 409.0, 414.0
0, 986, 6, 401.0, 409.0, 414.0
0, 987, 7, 401.0, 411.0, 425.0
0, 988, 5, 401.0, 411.0, 425.0
0, 989, 1, 401.0, 414.0, 432.0
0, 990, 2, 401.0, 417.0, 437.0
0, 991, 4, 401.0, 418.0, 433.0
0, 992, 3, 402.0, 408.0, 411.0
0, 993, 0, 402.0, 442.0, 453.0
0, 994, 8, 403.0, 408.0, 413.0
0, 995, 2, 403.0, 413.0, 423.0
0, 996, 4, 404.0, 408.0, 414.0
0, 997, 3, 404.0, 413.0, 426.0
0, 998, 3, 404.0, 417.0, 431.0
0, 999, 5, 404.0, 417.0, 427.0
0, 1000, 5, 404.0, 417.0, 432.0
0, 1001, 3, 404.0, 428.0, 454.0
0, 1002, 2, 405.0, 409.0, 417.0
0, 1003, 6, 405.0, 413.0, 419.0
0, 1004, 4, 406.0, 410.0, 417.0
0, 1005, 2, 406.0, 425.0, 452.0
0, 1006, 4, 406.0, 425.0, 450.0
0, 1007, 3, 407.0, 414.0, 421.0
0, 1008, 8, 407.0, 415.0, 424.0
0, 1009, 8, 407.0, 417.0, 425.0
0, 1010, 4, 408.0, 419.0, 433.0
0, 1011, 7, 408.0, 429.0, 458.0
0, 1012, 8, 409.0, 413.0, 418.0
0, 1013, 8, 409.0, 419.0, 430.0
0, 1014, 4, 410.0, 419.0, 435.0
0, 1015, 1, 410.0, 424.0, 441.0
0, 1016, 5, 410.0, 425.0, 445.0
0, 1017, 2, 411.0, 414.0, 417.0
0, 1018, 8, 411.0, 428.0, 448.0
0, 1019, 1, 411.0, 428.0, 449.0
0, 1020, 7, 412.0, 414.0, 415.0
0, 1021, 6, 412.0, 424.0, 433.0
0, 1022, 3, 412.0, 440.0, 486.0
0, 1023, 5, 413.0, 418.0, 423.0
0, 1024, 7, 413.0, 424.0, 432.0
0, 1025, 4, 413.0, 427.0, 444.0
0, 1026, 4, 413.0, 427.0, 447.0
0, 1027, 7, 414.0, 418.0, 423.0
0, 1028, 5, 414.0, 419.0, 427.0
0, 1029, 4, 414.0, 427.0, 440.0
0, 1030, 8, 414.0, 429.0, 440.0
0, 1031, 6, 415.0, 419.0, 427.0
0, 1032, 2, 415.0, 420.0, 426.0
0, 1033, 6, 415.0, 426.0, 435.0
0, 1034, 7, 415.0, 428.0, 439.0
0, 1035, 7, 415.0, 429.0, 450.0
0, 1036, 7, 415.0, 439.0, 468.0
0, 1037, 5, 416.0, 419.0, 421.0
0, 1038, 2, 416.0, 423.0, 431.0
0, 1039, 7, 416.0, 426.0, 437.0
0, 1040, 4, 417.0, 424.0, 431.0
0, 1041, 5, 417.0, 430.0, 448.0
0, 1042, 1, 418.0, 424.0, 432.0
0, 1043, 8, 418.0, 424.0, 429.0
0, 1044, 2, 418.0, 427.0, 433.0
0, 1045, 2, 418.0, 427.0, 435.0
0, 1046, 1, 419.0, 424.0, 427.0
0, 1047, 1, 419.0, 424.0, 430.0
0, 1048, 8, 419.0, 428.0, 441.0
0, 1049, 6, 419.0, 429.0, 443.0
0, 1050, 1, 419.0, 430.0, 443.0
0, 1051, 8, 420.0, 428.0, 434.0
0, 1052, 3, 420.0, 430.0, 444.0
0, 1053, 2, 421.0, 426.0, 433.0
0, 1054, 4, 421.0, 435.0, 456.0
0, 1055, 5, 421.0, 439.0, 459.0
0, 1056, 6, 422.0, 427.0, 435.0
0, 1057, 3, 422.0, 429.0, 440.0
0, 1058, 7, 422.0, 439.0, 455.0
0, 1059, 4, 423.0, 427.0, 430.0
0, 1060, 2, 423.0, 430.0, 438.0
0, 1061, 5, 424.0, 434.0, 448.0
0, 1062, 8, 424.0, 435.0, 446.0
0, 1063, 7, 424.0, 437.0, 447.0
0, 1064, 8, 424.0, 440.0, 461.0
0, 1065, 1, 424.0, 449.0, 483.0
0, 1066, 7, 425.0, 428.0, 431.0
0, 1067, 8, 425.0, 436.0, 446.0
0, 1068, 3, 426.0, 429.0, 435.0
0, 1069, 2, 426.0, 429.0, 438.0
0, 1070, 5, 426.0, 434.0, 442.0
0, 1071, 0, 426.0, 440.0, 447.0
0, 1072, 5, 426.0, 442.0, 468.0
0, 1073, 3, 426.0, 448.0, 483.0
0, 1074, 5, 427.0, 434.0, 436.0
0, 1075, 6, 427.0, 434.0, 438.0
0, 1076, 7, 428.0, 434.0, 438.0
0, 1077, 1, 428.0, 434.0, 441.0
0, 1078, 5, 428.0, 446.0, 470.0
0, 1079, 3, 429.0, 442.0, 461.0
0, 1080, 1, 430.0, 440.0, 455.0
0, 1081, 5, 430.0, 441.0, 454.0
0, 1082, 8, 430.0, 445.0, 465.0
0, 1083, 1, 431.0, 434.0, 439.0
0, 1084, 7, 431.0, 434.0, 439.0
0, 1085, 6, 431.0, 435.0, 443.0
0, 1086, 8, 431.0, 435.0, 443.0
0, 1087, 4, 431.0, 438.0, 450.0
0, 1088, 1, 432.0, 435.0, 436.0
0, 1089, 4, 432.0, 438.0, 445.0
0, 1090, 3, 432.0, 438.0, 446.0
0, 1091, 2, 432.0, 439.0, 447.0
0, 1092, 7, 432.0, 449.0, 473.0
0, 1093, 2, 433.0, 439.0, 447.0
0, 1094, 4, 433.0, 448.0, 475.0
0, 1095, 5, 433.0, 451.0, 478.0
0, 1096, 1, 433.0, 453.0, 485.0
0, 1097, 2, 434.0, 438.0, 443.0
0, 1098, 4, 434.0, 441.0, 449.0
0, 1099, 6, 434.0, 447.0, 465.0
1, 1100, 7, 442.0, 457.0, -1
2, 1101, 8, 442.0, 458.0, -1
6, 1102, 0, 443.0, 457.0, -1
5, 1103, 8, 443.0, 458.0, -1
9, 1104, 0, 443.0, 459.0, -1
10, 1105, 0, 444.0, 458.0, -1
11, 1106, 0, 444.0, 458.0, -1
8, 1107, 7, 444.0, 459.0, -1
7, 1108, 5, 444.0, 460.0, -1
4, 1109, 3, 444.0, 460.0, -1
14, 1110, 2, 444.0, 460.0, -1
13, 1111, 2, 445.0, 460.0, -1
3, 1112, 1, 445.0, 460.0, -1
12, 1113, 0, 445.0, 460.0, -1
16, 1114, 1, 445.0, 460.0, -1
15, 1115, 4, 446.0, 462.0, -1
17, 1116, 3, 447.0, 462.0, -1
20, 1117, 8, 471.0, 486.0, -1
19, 1118, 0, 471.0, 486.0, -1
18, 1119, 6, 471.0, 487.0, -1
