0, 0, 8, 9.0, 88.0, -1
0, 1, 8, 9.0, 89.0, -1
0, 2, 8, 9.0, 91.0, -1
0, 3, 8, 9.0, 91.0, -1
0, 4, 8, 9.0, 95.0, -1
0, 5, 8, 9.0, 96.0, -1
0, 6, 8, 10.0, 90.0, -1
0, 7, 8, 10.0, 90.0, -1
0, 8, 0, 10.0, 91.0, -1
0, 9, 8, 10.0, 91.0, -1
0, 10, 0, 10.0, 93.0, -1
0, 11, 0, 10.0, 93.0, -1
0, 12, 0, 10.0, 94.0, -1
0, 13, 0, 10.0, 95.0, -1
0, 14, 0, 10.0, 95.0, -1
0, 15, 0, 10.0, 98.0, -1
0, 16, 7, 10.0, 98.0, -1
0, 17, 8, 10.0, 98.0, -1
0, 18, 0, 10.0, 100.0, -1
0, 19, 0, 10.0, 100.0, -1
0, 20, 0, 10.0, 103.0, -1
0, 21, 7, 11.0, 90.0, -1
0, 22, 1, 11.0, 90.0, -1
0, 23, 1, 11.0, 91.0, -1
0, 24, 1, 11.0, 91.0, -1
0, 25, 7, 11.0, 91.0, -1
0, 26, 1, 11.0, 91.0, -1
0, 27, 1, 11.0, 92.0, -1
0, 28, 7, 11.0, 92.0, -1
0, 29, 1, 11.0, 92.0, -1
0, 30, 1, 11.0, 93.0, -1
0, 31, 7, 11.0, 93.0, -1
0, 32, 1, 11.0, 93.0, -1
0, 33, 7, 11.0, 95.0, -1
0, 34, 1, 11.0, 95.0, -1
0, 35, 1, 11.0, 95.0, -1
0, 36, 7, 11.0, 95.0, -1
0, 37, 7, 11.0, 97.0, -1
0, 38, 7, 11.0, 98.0, -1
0, 39, 7, 11.0, 98.0, -1
0, 40, 2, 12.0, 93.0, -1
0, 41, 2, 12.0, 94.0, -1
0, 42, 6, 12.0, 95.0, -1
0, 43, 2, 12.0, 96.0, -1
0, 44, 4, 12.0, 96.0, -1
0, 45, 4, 12.0, 97.0, -1
0, 46, 2, 12.0, 97.0, -1
0, 47, 2, 12.0, 97.0, -1
0, 48, 2, 12.0, 98.0, -1
0, 49, 4, 12.0, 98.0, -1
0, 50, 2, 12.0, 99.0, -1
0, 51, 4, 12.0, 99.0, -1
0, 52, 4, 12.0, 99.0, -1
0, 53, 4, 12.0, 99.0, -1
0, 54, 4, 12.0, 99.0, -1
0, 55, 4, 12.0, 99.0, -1
0, 56, 2, 12.0, 101.0, -1
0, 57, 2, 12.0, 101.0, -1
0, 58, 4, 12.0, 102.0, -1
0, 59, 4, 12.0, 102.0, -1
0, 60, 2, 12.0, 103.0, -1
0, 61, 6, 13.0, 93.0, -1
0, 62, 6, 13.0, 93.0, -1
0, 63, 5, 13.0, 94.0, -1
0, 64, 6, 13.0, 95.0, -1
0, 65, 6, 13.0, 95.0, -1
0, 66, 5, 13.0, 95.0, -1
0, 67, 6, 13.0, 95.0, -1
0, 68, 5, 13.0, 95.0, -1
0, 69, 6, 13.0, 97.0, -1
0, 70, 6, 13.0, 98.0, -1
0, 71, 3, 13.0, 98.0, -1
0, 72, 5, 13.0, 98.0, -1
0, 73, 5, 13.0, 99.0, -1
0, 74, 5, 13.0, 99.0, -1
0, 75, 3, 13.0, 100.0, -1
0, 76, 5, 13.0, 100.0, -1
0, 77, 5, 13.0, 100.0, -1
0, 78, 6, 13.0, 100.0, -1
0, 79, 3, 13.0, 101.0, -1
0, 80, 3, 13.0, 101.0, -1
0, 81, 3, 13.0, 101.0, -1
0, 82, 5, 13.0, 101.0, -1
0, 83, 6, 13.0, 101.0, -1
0, 84, 3, 13.0, 102.0, -1
0, 85, 3, 13.0, 102.0, -1
0, 86, 3, 13.0, 103.0, -1
0, 87, 3, 13.0, 103.0, -1
0, 88, 3, 13.0, 104.0, -1
0, 89, 8, 89.0, 165.0, -1
0, 90, 7, 90.0, 170.0, -1
0, 91, 8, 90.0, 172.0, -1
0, 92, 1, 91.0, 170.0, -1
0, 93, 0, 91.0, 171.0, -1
0, 94, 8, 91.0, 172.0, -1
0, 95, 8, 91.0, 172.0, -1
0, 96, 1, 91.0, 176.0, -1
0, 97, 8, 91.0, 177.0, -1
0, 98, 1, 91.0, 180.0, -1
0, 99, 8, 91.0, 181.0, -1
0, 100, 0, 103.0, 181.0, 182.0
0, 101, 4, 103.0, 181.0, 187.0
0, 102, 4, 103.0, 181.0, 182.0
0, 103, 5, 103.0, 181.0, 185.0
0, 104, 8, 103.0, 181.0, 187.0
0, 105, 8, 103.0, 181.0, 199.0
0, 106, 5, 103.0, 181.0, 185.0
0, 107, 0, 103.0, 181.0, 188.0
0, 108, 4, 103.0, 181.0, 186.0
0, 109, 1, 103.0, 181.0, 187.0
0, 110, 5, 103.0, 181.0, 190.0
0, 111, 8, 103.0, 181.0, 262.0
0, 112, 1, 103.0, 181.0, 185.0
0, 113, 5, 103.0, 181.0, 188.0
0, 114, 2, 103.0, 181.0, 194.0
0, 115, 4, 103.0, 181.0, 190.0
0, 116, 7, 103.0, 181.0, 192.0
0, 117, 0, 103.0, 181.0, 194.0
0, 118, 2, 103.0, 181.0, 190.0
0, 119, 1, 103.0, 181.0, 190.0
0, 120, 0, 103.0, 181.0, 190.0
0, 121, 7, 103.0, 181.0, 196.0
0, 122, 2, 103.0, 181.0, 187.0
0, 123, 2, 103.0, 181.0, 203.0
0, 124, 5, 103.0, 181.0, 205.0
0, 125, 2, 103.0, 181.0, 202.0
0, 126, 7, 103.0, 181.0, 200.0
0, 127, 2, 103.0, 181.0, 193.0
0, 128, 0, 103.0, 181.0, 200.0
0, 129, 7, 103.0, 181.0, 202.0
0, 130, 2, 103.0, 181.0, 197.0
0, 131, 3, 103.0, 181.0, 229.0
0, 132, 6, 103.0, 181.0, 186.0
0, 133, 5, 103.0, 181.0, 199.0
0, 134, 7, 103.0, 181.0, 208.0
0, 135, 6, 103.0, 181.0, 188.0
0, 136, 6, 103.0, 181.0, 190.0
0, 137, 7, 103.0, 181.0, 189.0
0, 138, 7, 103.0, 182.0, 227.0
0, 139, 6, 103.0, 182.0, 187.0
0, 140, 4, 103.0, 182.0, 199.0
0, 141, 6, 103.0, 182.0, 249.0
0, 142, 5, 103.0, 182.0, 216.0
0, 143, 5, 103.0, 182.0, 241.0
0, 144, 7, 103.0, 182.0, 223.0
0, 145, 4, 103.0, 182.0, 234.0
0, 146, 6, 103.0, 182.0, 191.0
0, 147, 6, 103.0, 182.0, 210.0
0, 148, 2, 103.0, 182.0, 236.0
0, 149, 0, 103.0, 182.0, 251.0
0, 150, 5, 103.0, 182.0, 273.0
0, 151, 1, 103.0, 182.0, 241.0
0, 152, 1, 103.0, 182.0, 198.0
0, 153, 1, 103.0, 182.0, 212.0
0, 154, 3, 103.0, 182.0, 226.0
0, 155, 0, 103.0, 182.0, 204.0
0, 156, 4, 103.0, 182.0, 205.0
0, 157, 4, 103.0, 182.0, 193.0
0, 158, 3, 103.0, 182.0, 243.0
0, 159, 6, 103.0, 182.0, 213.0
0, 160, 0, 103.0, 182.0, 211.0
0, 161, 3, 103.0, 182.0, 240.0
0, 162, 7, 103.0, 182.0, 208.0
0, 163, 0, 103.0, 182.0, 204.0
0, 164, 6, 103.0, 182.0, 225.0
0, 165, 1, 103.0, 182.0, 229.0
0, 166, 2, 103.0, 182.0, 211.0
0, 167, 2, 104.0, 181.0, 197.0
1, 168, 3, 105.0, 122.0, -1
1, 169, 3, 122.0, 139.0, -1
1, 170, 3, 140.0, 157.0, -1
1, 171, 3, 157.0, 174.0, -1
3, 172, 8, 166.0, 181.0, -1
2, 173, 1, 170.0, 185.0, -1
4, 174, 7, 171.0, 187.0, -1
5, 175, 0, 172.0, 188.0, -1
7, 176, 8, 173.0, 188.0, -1
6, 177, 8, 173.0, 188.0, -1
8, 178, 8, 173.0, 188.0, -1
1, 179, 3, 175.0, 191.0, -1
9, 180, 1, 176.0, 192.0, -1
3, 181, 8, 177.0, 192.0, -1
2, 182, 1, 181.0, 196.0, -1
3, 183, 8, 181.0, 196.0, -1
4, 184, 8, 182.0, 196.0, -1
6, 185, 4, 182.0, 199.0, -1
5, 186, 0, 183.0, 197.0, -1
8, 187, 5, 185.0, 201.0, -1
2, 188, 1, 186.0, 201.0, -1
2, 189, 4, 186.0, 202.0, -1
3, 190, 6, 186.0, 201.0, -1
7, 191, 5, 186.0, 201.0, -1
9, 192, 1, 186.0, 201.0, -1
4, 193, 2, 187.0, 203.0, -1
6, 194, 4, 187.0, 203.0, -1
2, 195, 6, 188.0, 203.0, -1
3, 196, 0, 188.0, 203.0, -1
4, 197, 7, 188.0, 202.0, -1
5, 198, 0, 188.0, 202.0, -1
5, 199, 1, 188.0, 203.0, -1
7, 200, 8, 188.0, 202.0, -1
6, 201, 8, 188.0, 203.0, -1
8, 202, 6, 188.0, 203.0, -1
8, 203, 8, 188.0, 203.0, -1
9, 204, 5, 188.0, 204.0, -1
7, 205, 8, 189.0, 204.0, -1
4, 206, 7, 190.0, 204.0, -1
9, 207, 0, 190.0, 205.0, -1
5, 208, 6, 191.0, 205.0, -1
7, 209, 1, 191.0, 206.0, -1
6, 210, 2, 191.0, 206.0, -1
8, 211, 5, 191.0, 206.0, -1
9, 212, 4, 191.0, 207.0, -1
0, 213, 3, 191.0, 235.0, 295.0
0, 214, 1, 192.0, 195.0, 201.0
0, 215, 8, 192.0, 220.0, 270.0
0, 216, 7, 193.0, 199.0, 206.0
0, 217, 2, 193.0, 208.0, 234.0
0, 218, 4, 193.0, 214.0, 249.0
0, 219, 0, 194.0, 201.0, 210.0
0, 220, 6, 194.0, 213.0, 246.0
0, 221, 2, 194.0, 217.0, 258.0
0, 222, 8, 196.0, 199.0, 207.0
0, 223, 1, 196.0, 205.0, 221.0
0, 224, 2, 197.0, 200.0, 201.0
0, 225, 8, 197.0, 200.0, 208.0
0, 226, 7, 197.0, 200.0, 210.0
0, 227, 0, 197.0, 208.0, 226.0
0, 228, 2, 197.0, 227.0, 282.0
0, 229, 4, 198.0, 207.0, 220.0
0, 230, 1, 198.0, 214.0, 239.0
0, 231, 8, 199.0, 205.0, 216.0
0, 232, 4, 199.0, 226.0, 270.0
0, 233, 4, 199.0, 245.0, 315.0
0, 234, 7, 200.0, 208.0, 221.0
0, 235, 0, 200.0, 215.0, 237.0
0, 236, 5, 201.0, 214.0, 234.0
0, 237, 1, 201.0, 220.0, 252.0
0, 238, 2, 201.0, 221.0, 253.0
0, 239, 1, 201.0, 227.0, 268.0
0, 240, 6, 201.0, 249.0, 333.0
0, 241, 4, 202.0, 205.0, 209.0
0, 242, 5, 202.0, 211.0, 223.0
0, 243, 1, 202.0, 220.0, 248.0
0, 244, 0, 202.0, 227.0, 269.0
10, 245, 0, 206.0, 221.0, -1
10, 246, 1, 206.0, 221.0, -1
10, 247, 8, 206.0, 221.0, -1
10, 248, 2, 206.0, 221.0, -1
10, 249, 4, 206.0, 221.0, -1
12, 250, 6, 216.0, 231.0, -1
12, 251, 0, 216.0, 231.0, -1
12, 252, 5, 216.0, 232.0, -1
12, 253, 1, 216.0, 232.0, -1
12, 254, 3, 216.0, 232.0, -1
11, 255, 8, 216.0, 231.0, -1
11, 256, 0, 216.0, 231.0, -1
11, 257, 1, 216.0, 231.0, -1
11, 258, 5, 216.0, 232.0, -1
11, 259, 2, 216.0, 232.0, -1
13, 260, 6, 217.0, 232.0, -1
13, 261, 8, 217.0, 232.0, -1
13, 262, 7, 217.0, 232.0, -1
13, 263, 0, 217.0, 232.0, -1
13, 264, 3, 217.0, 233.0, -1
14, 265, 8, 218.0, 232.0, -1
14, 266, 7, 218.0, 233.0, -1
14, 267, 6, 218.0, 233.0, -1
14, 268, 0, 218.0, 233.0, -1
14, 269, 3, 218.0, 234.0, -1
18, 270, 7, 219.0, 234.0, -1
18, 271, 6, 219.0, 234.0, -1
18, 272, 7, 219.0, 235.0, -1
18, 273, 7, 219.0, 235.0, -1
18, 274, 8, 219.0, 235.0, -1
15, 275, 7, 219.0, 234.0, -1
15, 276, 6, 219.0, 234.0, -1
15, 277, 8, 219.0, 234.0, -1
15, 278, 4, 219.0, 235.0, -1
15, 279, 3, 219.0, 235.0, -1
16, 280, 7, 219.0, 233.0, -1
16, 281, 8, 219.0, 234.0, -1
16, 282, 4, 219.0, 235.0, -1
16, 283, 3, 219.0, 235.0, -1
16, 284, 5, 219.0, 235.0, -1
17, 285, 4, 220.0, 237.0, -1
17, 286, 1, 221.0, 236.0, -1
17, 287, 1, 221.0, 237.0, -1
20, 288, 7, 221.0, 237.0, -1
20, 289, 0, 221.0, 238.0, -1
17, 290, 2, 222.0, 238.0, -1
20, 291, 8, 222.0, 237.0, -1
20, 292, 4, 222.0, 238.0, -1
17, 293, 7, 224.0, 238.0, -1
20, 294, 5, 224.0, 240.0, -1
19, 295, 6, 234.0, 250.0, -1
19, 296, 7, 234.0, 250.0, -1
19, 297, 2, 234.0, 250.0, -1
19, 298, 0, 234.0, 250.0, -1
19, 299, 5, 234.0, 250.0, -1
