0, 0, 4, 9.0, 34.0, -1
0, 1, 4, 9.0, 35.0, -1
0, 2, 4, 9.0, 35.0, -1
0, 3, 4, 9.0, 35.0, -1
0, 4, 4, 9.0, 35.0, -1
0, 5, 4, 9.0, 36.0, -1
0, 6, 4, 9.0, 36.0, -1
0, 7, 1, 10.0, 34.0, -1
0, 8, 1, 10.0, 34.0, -1
0, 9, 4, 10.0, 35.0, -1
0, 10, 1, 10.0, 35.0, -1
0, 11, 1, 10.0, 35.0, -1
0, 12, 1, 10.0, 35.0, -1
0, 13, 3, 10.0, 35.0, -1
0, 14, 1, 10.0, 35.0, -1
0, 15, 3, 10.0, 35.0, -1
0, 16, 1, 10.0, 36.0, -1
0, 17, 3, 10.0, 36.0, -1
0, 18, 4, 10.0, 36.0, -1
0, 19, 1, 10.0, 36.0, -1
0, 20, 3, 10.0, 36.0, -1
0, 21, 3, 10.0, 36.0, -1
0, 22, 1, 10.0, 36.0, -1
0, 23, 3, 10.0, 36.0, -1
0, 24, 3, 10.0, 37.0, -1
0, 25, 1, 10.0, 37.0, -1
0, 26, 4, 10.0, 37.0, -1
0, 27, 3, 10.0, 37.0, -1
0, 28, 3, 10.0, 37.0, -1
0, 29, 3, 10.0, 38.0, -1
0, 30, 8, 11.0, 35.0, -1
0, 31, 2, 11.0, 35.0, -1
0, 32, 2, 11.0, 35.0, -1
0, 33, 8, 11.0, 35.0, -1
0, 34, 8, 11.0, 36.0, -1
0, 35, 2, 11.0, 36.0, -1
0, 36, 8, 11.0, 36.0, -1
0, 37, 8, 11.0, 36.0, -1
0, 38, 8, 11.0, 36.0, -1
0, 39, 2, 11.0, 36.0, -1
0, 40, 2, 11.0, 36.0, -1
0, 41, 2, 11.0, 36.0, -1
0, 42, 2, 11.0, 37.0, -1
0, 43, 8, 11.0, 37.0, -1
0, 44, 8, 11.0, 37.0, -1
0, 45, 2, 11.0, 37.0, -1
0, 46, 8, 11.0, 37.0, -1
0, 47, 8, 11.0, 37.0, -1
0, 48, 2, 11.0, 38.0, -1
0, 49, 2, 11.0, 38.0, -1
0, 50, 0, 12.0, 36.0, -1
0, 51, 0, 12.0, 37.0, -1
0, 52, 0, 12.0, 37.0, -1
0, 53, 5, 12.0, 37.0, -1
0, 54, 5, 12.0, 37.0, -1
0, 55, 5, 12.0, 38.0, -1
0, 56, 5, 12.0, 38.0, -1
0, 57, 5, 12.0, 38.0, -1
0, 58, 0, 12.0, 38.0, -1
0, 59, 5, 12.0, 38.0, -1
0, 60, 5, 12.0, 38.0, -1
0, 61, 5, 12.0, 38.0, -1
0, 62, 0, 12.0, 38.0, -1
0, 63, 5, 12.0, 38.0, -1
0, 64, 0, 12.0, 38.0, -1
0, 65, 5, 12.0, 38.0, -1
0, 66, 0, 12.0, 38.0, -1
0, 67, 0, 12.0, 39.0, -1
0, 68, 0, 12.0, 39.0, -1
0, 69, 0, 12.0, 39.0, -1
0, 70, 7, 13.0, 36.0, -1
0, 71, 7, 13.0, 36.0, -1
0, 72, 7, 13.0, 36.0, -1
0, 73, 7, 13.0, 37.0, -1
0, 74, 7, 13.0, 37.0, -1
0, 75, 7, 13.0, 37.0, -1
0, 76, 7, 13.0, 37.0, -1
0, 77, 7, 13.0, 37.0, -1
0, 78, 6, 13.0, 38.0, -1
0, 79, 6, 13.0, 38.0, -1
0, 80, 6, 13.0, 39.0, -1
0, 81, 6, 13.0, 39.0, -1
0, 82, 7, 13.0, 39.0, -1
0, 83, 6, 13.0, 39.0, -1
0, 84, 6, 13.0, 39.0, -1
0, 85, 6, 13.0, 39.0, -1
0, 86, 6, 13.0, 39.0, -1
0, 87, 6, 13.0, 39.0, -1
0, 88, 6, 13.0, 39.0, -1
0, 89, 1, 35.0, 58.0, -1
0, 90, 1, 35.0, 59.0, -1
0, 91, 4, 35.0, 59.0, -1
0, 92, 4, 35.0, 59.0, -1
0, 93, 4, 35.0, 61.0, -1
0, 94, 1, 36.0, 59.0, -1
0, 95, 1, 36.0, 59.0, -1
0, 96, 1, 36.0, 59.0, -1
0, 97, 8, 36.0, 59.0, -1
0, 98, 2, 36.0, 60.0, -1
0, 99, 1, 36.0, 60.0, -1
0, 100, 3, 36.0, 60.0, -1
0, 101, 8, 36.0, 60.0, -1
0, 102, 1, 36.0, 60.0, -1
0, 103, 4, 36.0, 60.0, -1
0, 104, 3, 36.0, 61.0, -1
0, 105, 4, 36.0, 61.0, -1
0, 106, 8, 36.0, 61.0, -1
0, 107, 4, 36.0, 61.0, -1
0, 108, 4, 36.0, 61.0, -1
0, 109, 2, 36.0, 61.0, -1
0, 110, 7, 37.0, 59.0, -1
0, 111, 1, 37.0, 60.0, -1
0, 112, 7, 37.0, 60.0, -1
0, 113, 2, 37.0, 60.0, -1
0, 114, 7, 37.0, 60.0, -1
0, 115, 7, 37.0, 60.0, -1
0, 116, 3, 37.0, 60.0, -1
0, 117, 3, 37.0, 60.0, -1
0, 118, 3, 37.0, 61.0, -1
0, 119, 8, 37.0, 61.0, -1
0, 120, 2, 37.0, 61.0, -1
0, 121, 7, 37.0, 61.0, -1
0, 122, 3, 37.0, 61.0, -1
0, 123, 4, 37.0, 61.0, -1
0, 124, 2, 37.0, 61.0, -1
0, 125, 4, 37.0, 61.0, -1
0, 126, 3, 37.0, 61.0, -1
0, 127, 2, 37.0, 61.0, -1
0, 128, 2, 37.0, 61.0, -1
0, 129, 8, 37.0, 61.0, -1
0, 130, 8, 37.0, 61.0, -1
0, 131, 1, 37.0, 62.0, -1
0, 132, 0, 37.0, 62.0, -1
0, 133, 4, 37.0, 62.0, -1
0, 134, 3, 37.0, 63.0, -1
0, 135, 1, 37.0, 64.0, -1
0, 136, 8, 38.0, 61.0, -1
0, 137, 7, 38.0, 61.0, -1
0, 138, 8, 38.0, 61.0, -1
0, 139, 7, 38.0, 62.0, -1
0, 140, 0, 38.0, 62.0, -1
0, 141, 7, 38.0, 62.0, -1
0, 142, 8, 38.0, 62.0, -1
0, 143, 5, 38.0, 62.0, -1
0, 144, 0, 38.0, 62.0, -1
0, 145, 2, 38.0, 62.0, -1
0, 146, 5, 38.0, 62.0, -1
0, 147, 5, 38.0, 62.0, -1
0, 148, 3, 38.0, 62.0, -1
0, 149, 5, 38.0, 62.0, -1
0, 150, 2, 38.0, 62.0, -1
0, 151, 5, 38.0, 63.0, -1
0, 152, 2, 38.0, 63.0, -1
0, 153, 5, 38.0, 63.0, -1
0, 154, 0, 38.0, 63.0, -1
0, 155, 8, 38.0, 63.0, -1
0, 156, 5, 38.0, 63.0, -1
0, 157, 5, 38.0, 64.0, -1
0, 158, 0, 39.0, 62.0, -1
0, 159, 0, 39.0, 62.0, -1
0, 160, 0, 39.0, 63.0, -1
0, 161, 6, 39.0, 63.0, -1
0, 162, 5, 39.0, 63.0, -1
0, 163, 0, 39.0, 63.0, -1
0, 164, 6, 39.0, 63.0, -1
0, 165, 6, 39.0, 63.0, -1
0, 166, 0, 39.0, 64.0, -1
0, 167, 3, 39.0, 64.0, -1
0, 168, 5, 39.0, 64.0, -1
0, 169, 6, 40.0, 63.0, -1
0, 170, 6, 40.0, 63.0, -1
0, 171, 7, 40.0, 63.0, -1
0, 172, 6, 40.0, 64.0, -1
0, 173, 6, 40.0, 64.0, -1
0, 174, 0, 40.0, 65.0, -1
0, 175, 6, 40.0, 65.0, -1
0, 176, 6, 40.0, 65.0, -1
0, 177, 6, 40.0, 66.0, -1
0, 178, 1, 58.0, 82.0, -1
0, 179, 1, 59.0, 83.0, -1
0, 180, 8, 60.0, 82.0, -1
0, 181, 7, 60.0, 82.0, -1
0, 182, 4, 60.0, 83.0, -1
0, 183, 7, 60.0, 83.0, -1
0, 184, 1, 60.0, 83.0, -1
0, 185, 4, 60.0, 84.0, -1
0, 186, 2, 60.0, 84.0, -1
0, 187, 1, 60.0, 84.0, -1
0, 188, 1, 60.0, 85.0, -1
0, 189, 1, 60.0, 85.0, -1
0, 190, 3, 61.0, 83.0, -1
0, 191, 8, 61.0, 84.0, -1
0, 192, 7, 61.0, 84.0, -1
0, 193, 2, 61.0, 84.0, -1
0, 194, 4, 61.0, 84.0, -1
0, 195, 4, 61.0, 84.0, -1
0, 196, 7, 61.0, 85.0, -1
0, 197, 4, 61.0, 85.0, -1
0, 198, 1, 61.0, 86.0, -1
0, 199, 1, 61.0, 86.0, -1
2, 200, 7, 85.0, 101.0, -1
2, 201, 8, 85.0, 101.0, -1
2, 202, 3, 85.0, 101.0, -1
2, 203, 5, 85.0, 101.0, -1
2, 204, 2, 85.0, 101.0, -1
1, 205, 5, 85.0, 100.0, -1
1, 206, 7, 85.0, 100.0, -1
1, 207, 3, 85.0, 101.0, -1
1, 208, 1, 85.0, 101.0, -1
1, 209, 2, 85.0, 101.0, -1
3, 210, 6, 86.0, 101.0, -1
3, 211, 1, 86.0, 102.0, -1
3, 212, 2, 86.0, 102.0, -1
3, 213, 8, 86.0, 102.0, -1
3, 214, 7, 86.0, 102.0, -1
4, 215, 0, 87.0, 102.0, -1
4, 216, 6, 87.0, 102.0, -1
4, 217, 1, 87.0, 103.0, -1
4, 218, 1, 87.0, 103.0, -1
4, 219, 3, 87.0, 103.0, -1
5, 220, 7, 87.0, 102.0, -1
5, 221, 6, 87.0, 102.0, -1
5, 222, 5, 87.0, 102.0, -1
5, 223, 4, 87.0, 103.0, -1
5, 224, 3, 87.0, 103.0, -1
0, 225, 7, 87.0, 90.0, 91.0
0, 226, 5, 87.0, 90.0, 92.0
0, 227, 6, 87.0, 90.0, 92.0
0, 228, 4, 87.0, 90.0, 93.0
0, 229, 0, 87.0, 91.0, 93.0
0, 230, 6, 87.0, 91.0, 94.0
0, 231, 2, 87.0, 91.0, 95.0
0, 232, 2, 87.0, 91.0, 96.0
0, 233, 4, 87.0, 91.0, 98.0
0, 234, 3, 87.0, 91.0, 98.0
0, 235, 3, 87.0, 91.0, 99.0
0, 236, 0, 87.0, 92.0, 98.0
0, 237, 2, 87.0, 92.0, 98.0
0, 238, 8, 87.0, 92.0, 98.0
0, 239, 1, 87.0, 92.0, 97.0
0, 240, 5, 87.0, 94.0, 106.0
0, 241, 2, 87.0, 94.0, 104.0
0, 242, 7, 87.0, 95.0, 102.0
0, 243, 4, 87.0, 95.0, 102.0
0, 244, 2, 87.0, 95.0, 101.0
0, 245, 4, 87.0, 95.0, 103.0
0, 246, 1, 87.0, 95.0, 103.0
0, 247, 1, 87.0, 95.0, 106.0
0, 248, 1, 87.0, 95.0, 106.0
0, 249, 4, 87.0, 95.0, 102.0
0, 250, 6, 87.0, 95.0, 107.0
0, 251, 0, 87.0, 97.0, 107.0
0, 252, 6, 87.0, 97.0, 109.0
0, 253, 6, 87.0, 97.0, 111.0
0, 254, 8, 87.0, 97.0, 110.0
0, 255, 7, 87.0, 97.0, 110.0
0, 256, 4, 87.0, 97.0, 109.0
0, 257, 2, 87.0, 98.0, 110.0
0, 258, 8, 87.0, 98.0, 111.0
0, 259, 2, 87.0, 98.0, 114.0
0, 260, 7, 87.0, 99.0, 115.0
0, 261, 8, 87.0, 100.0, 117.0
0, 262, 8, 87.0, 100.0, 117.0
0, 263, 0, 87.0, 101.0, 121.0
0, 264, 0, 87.0, 101.0, 119.0
0, 265, 8, 87.0, 102.0, 124.0
0, 266, 5, 87.0, 103.0, 131.0
0, 267, 7, 87.0, 108.0, 142.0
0, 268, 3, 87.0, 113.0, 154.0
0, 269, 1, 87.0, 115.0, 163.0
0, 270, 3, 87.0, 115.0, 158.0
0, 271, 1, 87.0, 119.0, 169.0
6, 272, 7, 92.0, 107.0, -1
8, 273, 6, 93.0, 108.0, -1
7, 274, 5, 93.0, 110.0, -1
9, 275, 4, 93.0, 109.0, -1
10, 276, 0, 94.0, 108.0, -1
11, 277, 6, 94.0, 109.0, -1
12, 278, 2, 96.0, 111.0, -1
13, 279, 2, 97.0, 113.0, -1
6, 280, 2, 99.0, 114.0, -1
8, 281, 3, 99.0, 115.0, -1
7, 282, 0, 99.0, 114.0, -1
14, 283, 1, 99.0, 114.0, -1
15, 284, 4, 99.0, 115.0, -1
16, 285, 8, 99.0, 114.0, -1
17, 286, 3, 99.0, 115.0, -1
9, 287, 5, 101.0, 117.0, -1
10, 288, 7, 101.0, 116.0, -1
14, 289, 8, 101.0, 116.0, -1
11, 290, 3, 101.0, 118.0, -1
12, 291, 7, 101.0, 116.0, -1
15, 292, 3, 101.0, 117.0, -1
16, 293, 5, 101.0, 117.0, -1
17, 294, 2, 101.0, 117.0, -1
6, 295, 1, 102.0, 116.0, -1
8, 296, 6, 102.0, 117.0, -1
7, 297, 2, 102.0, 118.0, -1
9, 298, 4, 102.0, 119.0, -1
10, 299, 1, 102.0, 118.0, -1
14, 300, 7, 102.0, 117.0, -1
11, 301, 0, 102.0, 117.0, -1
13, 302, 2, 102.0, 117.0, -1
6, 303, 7, 103.0, 117.0, -1
8, 304, 7, 103.0, 118.0, -1
7, 305, 5, 103.0, 118.0, -1
9, 306, 1, 103.0, 119.0, -1
10, 307, 4, 103.0, 119.0, -1
11, 308, 1, 103.0, 119.0, -1
12, 309, 2, 103.0, 118.0, -1
12, 310, 1, 103.0, 119.0, -1
15, 311, 6, 103.0, 118.0, -1
16, 312, 6, 103.0, 118.0, -1
13, 313, 8, 103.0, 117.0, -1
17, 314, 4, 103.0, 118.0, -1
14, 315, 3, 104.0, 121.0, -1
15, 316, 4, 104.0, 120.0, -1
13, 317, 3, 104.0, 120.0, -1
16, 318, 2, 105.0, 121.0, -1
17, 319, 5, 106.0, 122.0, -1
6, 320, 1, 107.0, 121.0, -1
8, 321, 6, 107.0, 122.0, -1
7, 322, 1, 107.0, 122.0, -1
9, 323, 7, 107.0, 122.0, -1
10, 324, 0, 107.0, 123.0, -1
11, 325, 6, 108.0, 124.0, -1
14, 326, 0, 109.0, 123.0, -1
12, 327, 6, 109.0, 124.0, -1
15, 328, 6, 110.0, 124.0, -1
16, 329, 4, 110.0, 126.0, -1
13, 330, 4, 110.0, 126.0, -1
17, 331, 5, 110.0, 127.0, -1
0, 332, 2, 110.0, 113.0, 118.0
0, 333, 4, 110.0, 113.0, 120.0
0, 334, 8, 110.0, 118.0, 132.0
0, 335, 5, 110.0, 119.0, 133.0
0, 336, 7, 110.0, 125.0, 151.0
0, 337, 8, 111.0, 114.0, 117.0
0, 338, 2, 112.0, 121.0, 132.0
0, 339, 6, 112.0, 123.0, 139.0
0, 340, 2, 113.0, 119.0, 128.0
18, 341, 0, 114.0, 129.0, -1
18, 342, 1, 114.0, 130.0, -1
18, 343, 2, 115.0, 131.0, -1
19, 344, 8, 115.0, 129.0, -1
19, 345, 2, 115.0, 131.0, -1
18, 346, 8, 116.0, 131.0, -1
19, 347, 3, 116.0, 132.0, -1
20, 348, 7, 116.0, 131.0, -1
20, 349, 3, 116.0, 132.0, -1
20, 350, 4, 116.0, 132.0, -1
18, 351, 1, 117.0, 132.0, -1
19, 352, 7, 117.0, 132.0, -1
20, 353, 7, 117.0, 132.0, -1
0, 354, 8, 117.0, 123.0, 130.0
19, 355, 2, 118.0, 133.0, -1
20, 356, 5, 118.0, 134.0, -1
0, 357, 3, 118.0, 121.0, 124.0
0, 358, 2, 118.0, 121.0, 122.0
0, 359, 8, 118.0, 121.0, 122.0
0, 360, 6, 118.0, 121.0, 129.0
0, 361, 1, 118.0, 125.0, 137.0
0, 362, 7, 118.0, 125.0, 137.0
0, 363, 7, 118.0, 127.0, 140.0
0, 364, 8, 118.0, 129.0, 148.0
0, 365, 6, 118.0, 130.0, 146.0
0, 366, 5, 118.0, 132.0, 155.0
0, 367, 7, 118.0, 136.0, 166.0
0, 368, 2, 118.0, 137.0, 168.0
0, 369, 5, 119.0, 122.0, 126.0
0, 370, 1, 119.0, 122.0, 126.0
0, 371, 4, 119.0, 126.0, 133.0
0, 372, 4, 119.0, 126.0, 134.0
0, 373, 4, 119.0, 126.0, 135.0
0, 374, 0, 119.0, 128.0, 142.0
0, 375, 8, 119.0, 128.0, 144.0
0, 376, 1, 119.0, 133.0, 156.0
0, 377, 6, 119.0, 135.0, 159.0
0, 378, 4, 120.0, 123.0, 131.0
0, 379, 3, 120.0, 127.0, 133.0
0, 380, 3, 120.0, 127.0, 137.0
0, 381, 4, 120.0, 127.0, 138.0
0, 382, 2, 120.0, 130.0, 144.0
0, 383, 0, 120.0, 138.0, 169.0
0, 384, 1, 120.0, 143.0, 183.0
0, 385, 2, 120.0, 145.0, 191.0
0, 386, 3, 121.0, 124.0, 128.0
0, 387, 2, 121.0, 124.0, 128.0
0, 388, 0, 121.0, 147.0, 191.0
0, 389, 8, 122.0, 125.0, 127.0
0, 390, 6, 122.0, 133.0, 151.0
0, 391, 1, 122.0, 145.0, 184.0
0, 392, 2, 122.0, 146.0, 185.0
0, 393, 1, 123.0, 126.0, 128.0
0, 394, 7, 123.0, 126.0, 133.0
0, 395, 5, 123.0, 135.0, 152.0
0, 396, 0, 124.0, 131.0, 136.0
0, 397, 0, 124.0, 133.0, 148.0
0, 398, 6, 124.0, 135.0, 153.0
0, 399, 8, 124.0, 144.0, 173.0
