0, 0, 8, 7.0, 48.0, -1
0, 1, 8, 7.0, 48.0, -1
0, 2, 8, 7.0, 48.0, -1
0, 3, 4, 7.0, 49.0, -1
0, 4, 8, 7.0, 49.0, -1
0, 5, 7, 7.0, 49.0, -1
0, 6, 0, 7.0, 49.0, -1
0, 7, 7, 7.0, 50.0, -1
0, 8, 1, 7.0, 50.0, -1
0, 9, 1, 7.0, 50.0, -1
0, 10, 8, 7.0, 50.0, -1
0, 11, 1, 7.0, 50.0, -1
0, 12, 8, 7.0, 50.0, -1
0, 13, 0, 7.0, 50.0, -1
0, 14, 0, 7.0, 50.0, -1
0, 15, 8, 7.0, 50.0, -1
0, 16, 6, 7.0, 50.0, -1
0, 17, 1, 7.0, 50.0, -1
0, 18, 0, 7.0, 50.0, -1
0, 19, 0, 7.0, 50.0, -1
0, 20, 6, 7.0, 50.0, -1
0, 21, 4, 7.0, 50.0, -1
0, 22, 7, 7.0, 50.0, -1
0, 23, 2, 7.0, 51.0, -1
0, 24, 1, 7.0, 51.0, -1
0, 25, 2, 7.0, 51.0, -1
0, 26, 7, 7.0, 51.0, -1
0, 27, 1, 7.0, 51.0, -1
0, 28, 4, 7.0, 51.0, -1
0, 29, 7, 7.0, 51.0, -1
0, 30, 0, 7.0, 51.0, -1
0, 31, 2, 7.0, 51.0, -1
0, 32, 0, 7.0, 51.0, -1
0, 33, 1, 7.0, 51.0, -1
0, 34, 6, 7.0, 51.0, -1
0, 35, 7, 7.0, 51.0, -1
0, 36, 0, 7.0, 51.0, -1
0, 37, 4, 7.0, 51.0, -1
0, 38, 4, 7.0, 51.0, -1
0, 39, 8, 7.0, 51.0, -1
0, 40, 5, 7.0, 51.0, -1
0, 41, 5, 7.0, 51.0, -1
0, 42, 5, 7.0, 51.0, -1
0, 43, 8, 7.0, 51.0, -1
0, 44, 7, 7.0, 51.0, -1
0, 45, 6, 7.0, 51.0, -1
0, 46, 6, 7.0, 51.0, -1
0, 47, 0, 7.0, 52.0, -1
0, 48, 7, 7.0, 52.0, -1
0, 49, 2, 7.0, 52.0, -1
0, 50, 1, 7.0, 52.0, -1
0, 51, 5, 7.0, 52.0, -1
0, 52, 4, 7.0, 52.0, -1
0, 53, 3, 7.0, 52.0, -1
0, 54, 1, 7.0, 52.0, -1
0, 55, 2, 7.0, 52.0, -1
0, 56, 4, 7.0, 52.0, -1
0, 57, 6, 7.0, 52.0, -1
0, 58, 5, 7.0, 52.0, -1
0, 59, 5, 7.0, 53.0, -1
0, 60, 3, 7.0, 53.0, -1
0, 61, 2, 7.0, 53.0, -1
0, 62, 4, 7.0, 53.0, -1
0, 63, 3, 7.0, 53.0, -1
0, 64, 2, 7.0, 53.0, -1
0, 65, 4, 7.0, 53.0, -1
0, 66, 3, 7.0, 53.0, -1
0, 67, 2, 7.0, 53.0, -1
0, 68, 5, 7.0, 53.0, -1
0, 69, 5, 7.0, 53.0, -1
0, 70, 0, 7.0, 53.0, -1
0, 71, 4, 7.0, 53.0, -1
0, 72, 5, 7.0, 54.0, -1
0, 73, 6, 7.0, 54.0, -1
0, 74, 6, 7.0, 54.0, -1
0, 75, 7, 7.0, 54.0, -1
0, 76, 5, 7.0, 54.0, -1
0, 77, 6, 7.0, 54.0, -1
0, 78, 1, 7.0, 54.0, -1
0, 79, 2, 7.0, 54.0, -1
0, 80, 3, 7.0, 54.0, -1
0, 81, 3, 7.0, 55.0, -1
0, 82, 6, 7.0, 55.0, -1
0, 83, 2, 7.0, 55.0, -1
0, 84, 7, 7.0, 55.0, -1
0, 85, 3, 7.0, 58.0, -1
0, 86, 3, 7.0, 58.0, -1
0, 87, 3, 7.0, 58.0, -1
0, 88, 3, 7.0, 61.0, -1
0, 89, 8, 49.0, 90.0, -1
0, 90, 8, 49.0, 91.0, -1
0, 91, 8, 49.0, 92.0, -1
0, 92, 7, 50.0, 91.0, -1
0, 93, 1, 50.0, 91.0, -1
0, 94, 8, 50.0, 93.0, -1
0, 95, 8, 50.0, 93.0, -1
0, 96, 7, 50.0, 93.0, -1
0, 97, 4, 50.0, 94.0, -1
0, 98, 0, 50.0, 94.0, -1
0, 99, 1, 50.0, 96.0, -1
0, 100, 1, 51.0, 92.0, -1
0, 101, 1, 51.0, 92.0, -1
0, 102, 0, 51.0, 92.0, -1
0, 103, 7, 51.0, 93.0, -1
0, 104, 1, 51.0, 94.0, -1
0, 105, 0, 51.0, 94.0, -1
0, 106, 8, 51.0, 94.0, -1
0, 107, 6, 51.0, 95.0, -1
0, 108, 7, 51.0, 95.0, -1
0, 109, 4, 51.0, 95.0, -1
0, 110, 1, 51.0, 95.0, -1
0, 111, 7, 51.0, 95.0, -1
0, 112, 8, 51.0, 95.0, -1
0, 113, 6, 51.0, 95.0, -1
0, 114, 0, 51.0, 96.0, -1
0, 115, 0, 51.0, 96.0, -1
0, 116, 2, 51.0, 96.0, -1
0, 117, 2, 51.0, 97.0, -1
0, 118, 4, 51.0, 98.0, -1
0, 119, 3, 52.0, 93.0, -1
0, 120, 8, 52.0, 94.0, -1
0, 121, 5, 52.0, 94.0, -1
0, 122, 0, 52.0, 94.0, -1
0, 123, 2, 52.0, 94.0, -1
0, 124, 0, 52.0, 95.0, -1
0, 125, 1, 52.0, 95.0, -1
0, 126, 5, 52.0, 95.0, -1
0, 127, 0, 52.0, 95.0, -1
0, 128, 2, 52.0, 96.0, -1
0, 129, 6, 52.0, 96.0, -1
0, 130, 7, 52.0, 96.0, -1
0, 131, 5, 52.0, 96.0, -1
0, 132, 6, 52.0, 97.0, -1
0, 133, 4, 52.0, 97.0, -1
0, 134, 4, 52.0, 97.0, -1
0, 135, 7, 52.0, 97.0, -1
0, 136, 4, 52.0, 97.0, -1
0, 137, 8, 52.0, 97.0, -1
0, 138, 6, 52.0, 98.0, -1
0, 139, 0, 52.0, 98.0, -1
0, 140, 1, 52.0, 98.0, -1
0, 141, 7, 52.0, 98.0, -1
0, 142, 5, 52.0, 100.0, -1
0, 143, 3, 53.0, 95.0, -1
0, 144, 5, 53.0, 96.0, -1
0, 145, 1, 53.0, 96.0, -1
0, 146, 6, 53.0, 97.0, -1
0, 147, 5, 53.0, 98.0, -1
0, 148, 4, 53.0, 98.0, -1
0, 149, 2, 53.0, 99.0, -1
0, 150, 2, 53.0, 100.0, -1
0, 151, 4, 54.0, 96.0, -1
0, 152, 3, 54.0, 96.0, -1
0, 153, 3, 54.0, 97.0, -1
0, 154, 2, 54.0, 97.0, -1
0, 155, 4, 54.0, 97.0, -1
0, 156, 0, 54.0, 98.0, -1
0, 157, 5, 54.0, 98.0, -1
0, 158, 4, 54.0, 98.0, -1
0, 159, 2, 54.0, 98.0, -1
0, 160, 5, 54.0, 100.0, -1
0, 161, 3, 55.0, 97.0, -1
0, 162, 1, 55.0, 98.0, -1
0, 163, 6, 55.0, 98.0, -1
0, 164, 3, 55.0, 99.0, -1
0, 165, 6, 55.0, 99.0, -1
0, 166, 7, 55.0, 100.0, -1
0, 167, 5, 55.0, 100.0, -1
0, 168, 2, 55.0, 100.0, -1
0, 169, 6, 55.0, 100.0, -1
0, 170, 6, 55.0, 101.0, -1
0, 171, 5, 55.0, 102.0, -1
0, 172, 7, 56.0, 100.0, -1
0, 173, 2, 56.0, 100.0, -1
0, 174, 3, 58.0, 107.0, -1
0, 175, 3, 58.0, 108.0, -1
0, 176, 3, 58.0, 111.0, -1
0, 177, 3, 62.0, 113.0, -1
0, 178, 8, 90.0, 132.0, -1
0, 179, 1, 92.0, 134.0, -1
0, 180, 1, 92.0, 136.0, -1
0, 181, 8, 92.0, 136.0, -1
0, 182, 7, 92.0, 137.0, -1
0, 183, 1, 92.0, 138.0, -1
0, 184, 8, 93.0, 137.0, -1
0, 185, 0, 93.0, 137.0, -1
0, 186, 4, 94.0, 134.0, -1
0, 187, 8, 94.0, 135.0, -1
0, 188, 7, 94.0, 136.0, -1
0, 189, 5, 94.0, 136.0, -1
0, 190, 0, 94.0, 137.0, -1
0, 191, 8, 94.0, 137.0, -1
0, 192, 7, 94.0, 137.0, -1
0, 193, 0, 94.0, 138.0, -1
0, 194, 3, 94.0, 139.0, -1
0, 195, 8, 94.0, 140.0, -1
0, 196, 0, 94.0, 140.0, -1
0, 197, 1, 94.0, 140.0, -1
0, 198, 0, 95.0, 136.0, -1
0, 199, 7, 95.0, 138.0, -1
0, 200, 8, 95.0, 138.0, -1
0, 201, 5, 95.0, 140.0, -1
0, 202, 6, 95.0, 140.0, -1
0, 203, 1, 95.0, 141.0, -1
0, 204, 2, 95.0, 143.0, -1
0, 205, 2, 96.0, 137.0, -1
0, 206, 0, 96.0, 138.0, -1
0, 207, 3, 96.0, 138.0, -1
0, 208, 1, 96.0, 138.0, -1
0, 209, 1, 96.0, 138.0, -1
0, 210, 0, 96.0, 139.0, -1
0, 211, 4, 96.0, 139.0, -1
0, 212, 0, 96.0, 140.0, -1
0, 213, 6, 96.0, 140.0, -1
0, 214, 8, 96.0, 140.0, -1
0, 215, 4, 96.0, 140.0, -1
0, 216, 7, 96.0, 140.0, -1
0, 217, 6, 96.0, 142.0, -1
0, 218, 7, 97.0, 139.0, -1
0, 219, 3, 97.0, 139.0, -1
0, 220, 5, 97.0, 139.0, -1
0, 221, 3, 97.0, 139.0, -1
0, 222, 1, 97.0, 140.0, -1
0, 223, 3, 97.0, 141.0, -1
0, 224, 4, 97.0, 141.0, -1
0, 225, 6, 97.0, 141.0, -1
0, 226, 2, 97.0, 141.0, -1
0, 227, 2, 97.0, 142.0, -1
0, 228, 5, 97.0, 142.0, -1
0, 229, 4, 97.0, 144.0, -1
0, 230, 8, 98.0, 139.0, -1
0, 231, 6, 98.0, 140.0, -1
0, 232, 0, 98.0, 141.0, -1
0, 233, 1, 98.0, 141.0, -1
0, 234, 1, 98.0, 141.0, -1
0, 235, 7, 98.0, 141.0, -1
0, 236, 0, 98.0, 141.0, -1
0, 237, 5, 98.0, 142.0, -1
0, 238, 4, 98.0, 143.0, -1
0, 239, 6, 98.0, 143.0, -1
0, 240, 2, 98.0, 144.0, -1
0, 241, 4, 98.0, 145.0, -1
0, 242, 2, 99.0, 143.0, -1
0, 243, 4, 99.0, 143.0, -1
0, 244, 6, 99.0, 143.0, -1
0, 245, 4, 99.0, 144.0, -1
0, 246, 3, 99.0, 144.0, -1
0, 247, 7, 99.0, 144.0, -1
0, 248, 4, 99.0, 145.0, -1
0, 249, 5, 99.0, 145.0, -1
0, 250, 2, 99.0, 145.0, -1
0, 251, 2, 100.0, 144.0, -1
0, 252, 5, 100.0, 144.0, -1
0, 253, 5, 100.0, 144.0, -1
0, 254, 2, 100.0, 145.0, -1
0, 255, 7, 100.0, 145.0, -1
0, 256, 7, 100.0, 147.0, -1
0, 257, 6, 100.0, 149.0, -1
0, 258, 6, 101.0, 144.0, -1
0, 259, 2, 101.0, 146.0, -1
0, 260, 5, 101.0, 147.0, -1
0, 261, 6, 102.0, 146.0, -1
0, 262, 5, 103.0, 147.0, -1
0, 263, 3, 108.0, 160.0, -1
0, 264, 3, 108.0, 164.0, -1
0, 265, 3, 111.0, 161.0, -1
0, 266, 3, 113.0, 163.0, -1
0, 267, 8, 132.0, 173.0, -1
0, 268, 1, 134.0, 176.0, -1
0, 269, 4, 135.0, 175.0, -1
0, 270, 8, 135.0, 177.0, -1
0, 271, 7, 136.0, 178.0, -1
0, 272, 1, 136.0, 182.0, -1
0, 273, 8, 137.0, 179.0, -1
0, 274, 0, 137.0, 180.0, -1
0, 275, 5, 137.0, 180.0, -1
0, 276, 8, 137.0, 181.0, -1
0, 277, 0, 137.0, 181.0, -1
0, 278, 0, 137.0, 182.0, -1
0, 279, 8, 137.0, 182.0, -1
0, 280, 8, 138.0, 179.0, -1
0, 281, 0, 138.0, 179.0, -1
0, 282, 7, 138.0, 181.0, -1
0, 283, 7, 138.0, 181.0, -1
0, 284, 3, 138.0, 182.0, -1
0, 285, 1, 138.0, 182.0, -1
0, 286, 1, 138.0, 183.0, -1
0, 287, 2, 138.0, 183.0, -1
0, 288, 7, 138.0, 183.0, -1
0, 289, 1, 138.0, 184.0, -1
0, 290, 0, 139.0, 181.0, -1
0, 291, 3, 139.0, 181.0, -1
0, 292, 7, 139.0, 183.0, -1
0, 293, 3, 139.0, 183.0, -1
0, 294, 0, 139.0, 185.0, -1
0, 295, 4, 139.0, 186.0, -1
0, 296, 8, 140.0, 181.0, -1
0, 297, 6, 140.0, 182.0, -1
0, 298, 0, 140.0, 183.0, -1
0, 299, 3, 140.0, 183.0, -1
0, 300, 1, 140.0, 183.0, -1
0, 301, 0, 140.0, 184.0, -1
0, 302, 6, 140.0, 184.0, -1
0, 303, 8, 140.0, 184.0, -1
0, 304, 1, 140.0, 184.0, -1
0, 305, 8, 140.0, 184.0, -1
0, 306, 5, 140.0, 185.0, -1
0, 307, 5, 140.0, 185.0, -1
0, 308, 4, 140.0, 187.0, -1
0, 309, 3, 141.0, 183.0, -1
0, 310, 7, 141.0, 183.0, -1
0, 311, 1, 141.0, 184.0, -1
0, 312, 1, 141.0, 184.0, -1
0, 313, 7, 141.0, 184.0, -1
0, 314, 0, 141.0, 185.0, -1
0, 315, 4, 141.0, 185.0, -1
0, 316, 6, 141.0, 185.0, -1
0, 317, 5, 142.0, 185.0, -1
0, 318, 1, 142.0, 185.0, -1
0, 319, 6, 142.0, 186.0, -1
0, 320, 2, 142.0, 186.0, -1
0, 321, 0, 142.0, 186.0, -1
0, 322, 5, 142.0, 187.0, -1
0, 323, 2, 142.0, 187.0, -1
0, 324, 6, 142.0, 187.0, -1
0, 325, 4, 143.0, 187.0, -1
0, 326, 4, 143.0, 187.0, -1
0, 327, 2, 143.0, 187.0, -1
0, 328, 2, 143.0, 187.0, -1
0, 329, 6, 143.0, 187.0, -1
0, 330, 7, 144.0, 186.0, -1
0, 331, 2, 144.0, 187.0, -1
0, 332, 5, 144.0, 187.0, -1
0, 333, 4, 144.0, 188.0, -1
0, 334, 4, 144.0, 188.0, -1
0, 335, 6, 144.0, 189.0, -1
0, 336, 2, 144.0, 189.0, -1
0, 337, 3, 144.0, 192.0, -1
0, 338, 6, 144.0, 192.0, -1
0, 339, 4, 145.0, 189.0, -1
0, 340, 4, 145.0, 189.0, -1
0, 341, 2, 145.0, 190.0, -1
0, 342, 5, 145.0, 190.0, -1
0, 343, 5, 145.0, 190.0, -1
0, 344, 7, 145.0, 191.0, -1
0, 345, 2, 145.0, 191.0, -1
0, 346, 2, 146.0, 192.0, -1
0, 347, 6, 146.0, 194.0, -1
0, 348, 5, 147.0, 190.0, -1
0, 349, 7, 147.0, 190.0, -1
0, 350, 5, 148.0, 194.0, -1
0, 351, 6, 149.0, 192.0, -1
0, 352, 3, 160.0, 214.0, -1
0, 353, 3, 161.0, 212.0, -1
0, 354, 3, 163.0, 213.0, -1
0, 355, 3, 164.0, 214.0, -1
0, 356, 8, 173.0, 216.0, -1
0, 357, 4, 175.0, 215.0, -1
0, 358, 1, 176.0, 217.0, -1
0, 359, 8, 177.0, 220.0, -1
0, 360, 7, 178.0, 222.0, -1
0, 361, 8, 179.0, 221.0, -1
0, 362, 0, 179.0, 221.0, -1
0, 363, 8, 179.0, 223.0, -1
0, 364, 5, 180.0, 223.0, -1
0, 365, 0, 180.0, 227.0, -1
0, 366, 7, 181.0, 223.0, -1
0, 367, 7, 181.0, 224.0, -1
0, 368, 0, 181.0, 225.0, -1
0, 369, 3, 181.0, 225.0, -1
0, 370, 0, 181.0, 226.0, -1
0, 371, 8, 181.0, 227.0, -1
0, 372, 8, 182.0, 225.0, -1
0, 373, 3, 182.0, 225.0, -1
0, 374, 1, 182.0, 225.0, -1
0, 375, 0, 182.0, 226.0, -1
0, 376, 6, 182.0, 226.0, -1
0, 377, 1, 182.0, 229.0, -1
0, 378, 0, 183.0, 225.0, -1
0, 379, 8, 183.0, 226.0, -1
0, 380, 7, 183.0, 226.0, -1
0, 381, 1, 183.0, 226.0, -1
0, 382, 7, 183.0, 226.0, -1
0, 383, 2, 183.0, 227.0, -1
0, 384, 3, 183.0, 227.0, -1
0, 385, 1, 183.0, 227.0, -1
0, 386, 3, 183.0, 228.0, -1
0, 387, 3, 183.0, 228.0, -1
0, 388, 8, 184.0, 226.0, -1
0, 389, 7, 184.0, 226.0, -1
0, 390, 0, 184.0, 226.0, -1
0, 391, 1, 184.0, 227.0, -1
0, 392, 6, 184.0, 227.0, -1
0, 393, 1, 184.0, 228.0, -1
0, 394, 1, 184.0, 228.0, -1
0, 395, 1, 184.0, 228.0, -1
0, 396, 8, 184.0, 229.0, -1
0, 397, 7, 184.0, 230.0, -1
0, 398, 0, 185.0, 228.0, -1
0, 399, 0, 185.0, 228.0, -1
0, 400, 1, 185.0, 228.0, -1
0, 401, 5, 185.0, 229.0, -1
0, 402, 5, 185.0, 230.0, -1
0, 403, 5, 185.0, 231.0, -1
0, 404, 4, 185.0, 234.0, -1
0, 405, 0, 186.0, 229.0, -1
0, 406, 7, 186.0, 230.0, -1
0, 407, 2, 186.0, 231.0, -1
0, 408, 6, 186.0, 231.0, -1
0, 409, 6, 186.0, 234.0, -1
0, 410, 4, 186.0, 234.0, -1
0, 411, 2, 187.0, 230.0, -1
0, 412, 4, 187.0, 230.0, -1
0, 413, 4, 187.0, 231.0, -1
0, 414, 2, 187.0, 231.0, -1
0, 415, 4, 187.0, 231.0, -1
0, 416, 2, 187.0, 231.0, -1
0, 417, 6, 187.0, 232.0, -1
0, 418, 2, 187.0, 232.0, -1
0, 419, 5, 187.0, 232.0, -1
0, 420, 5, 187.0, 233.0, -1
0, 421, 6, 187.0, 233.0, -1
0, 422, 4, 188.0, 233.0, -1
0, 423, 4, 188.0, 235.0, -1
0, 424, 4, 189.0, 233.0, -1
0, 425, 4, 189.0, 233.0, -1
0, 426, 2, 189.0, 234.0, -1
0, 427, 6, 190.0, 237.0, -1
0, 428, 7, 191.0, 232.0, -1
0, 429, 7, 191.0, 233.0, -1
0, 430, 5, 191.0, 235.0, -1
0, 431, 5, 191.0, 235.0, -1
0, 432, 5, 191.0, 235.0, -1
0, 433, 2, 191.0, 236.0, -1
0, 434, 2, 192.0, 235.0, -1
0, 435, 2, 193.0, 235.0, -1
0, 436, 6, 193.0, 237.0, -1
0, 437, 6, 193.0, 237.0, -1
0, 438, 3, 193.0, 245.0, -1
0, 439, 5, 195.0, 240.0, -1
0, 440, 6, 195.0, 241.0, -1
0, 441, 3, 213.0, 265.0, -1
0, 442, 3, 214.0, 266.0, -1
0, 443, 3, 215.0, 264.0, -1
0, 444, 3, 215.0, 265.0, -1
0, 445, 4, 216.0, 254.0, -1
0, 446, 1, 217.0, 257.0, -1
0, 447, 8, 217.0, 262.0, -1
0, 448, 8, 221.0, 263.0, -1
0, 449, 8, 222.0, 263.0, -1
0, 450, 0, 222.0, 266.0, -1
0, 451, 7, 223.0, 265.0, -1
0, 452, 8, 223.0, 267.0, -1
0, 453, 5, 224.0, 264.0, -1
0, 454, 7, 224.0, 269.0, -1
0, 455, 7, 225.0, 269.0, -1
0, 456, 3, 226.0, 268.0, -1
0, 457, 0, 226.0, 268.0, -1
0, 458, 8, 226.0, 269.0, -1
0, 459, 1, 226.0, 270.0, -1
0, 460, 7, 226.0, 270.0, -1
0, 461, 0, 226.0, 270.0, -1
0, 462, 3, 226.0, 272.0, -1
0, 463, 8, 226.0, 272.0, -1
0, 464, 6, 227.0, 266.0, -1
0, 465, 8, 227.0, 269.0, -1
0, 466, 0, 227.0, 270.0, -1
0, 467, 0, 227.0, 270.0, -1
0, 468, 7, 227.0, 271.0, -1
0, 469, 1, 227.0, 271.0, -1
0, 470, 7, 227.0, 272.0, -1
0, 471, 0, 227.0, 273.0, -1
0, 472, 6, 228.0, 269.0, -1
0, 473, 3, 228.0, 269.0, -1
0, 474, 2, 228.0, 270.0, -1
0, 475, 0, 228.0, 271.0, -1
0, 476, 8, 228.0, 271.0, -1
0, 477, 1, 228.0, 272.0, -1
0, 478, 1, 228.0, 272.0, -1
0, 479, 0, 229.0, 270.0, -1
0, 480, 0, 229.0, 271.0, -1
0, 481, 1, 229.0, 272.0, -1
0, 482, 3, 229.0, 272.0, -1
0, 483, 1, 229.0, 272.0, -1
0, 484, 1, 229.0, 273.0, -1
0, 485, 1, 229.0, 274.0, -1
0, 486, 3, 229.0, 275.0, -1
0, 487, 7, 230.0, 271.0, -1
0, 488, 8, 230.0, 272.0, -1
0, 489, 0, 230.0, 273.0, -1
0, 490, 1, 230.0, 274.0, -1
0, 491, 5, 230.0, 274.0, -1
0, 492, 4, 231.0, 270.0, -1
0, 493, 2, 231.0, 270.0, -1
0, 494, 5, 231.0, 271.0, -1
0, 495, 7, 231.0, 275.0, -1
0, 496, 6, 232.0, 273.0, -1
0, 497, 2, 232.0, 274.0, -1
0, 498, 4, 232.0, 275.0, -1
0, 499, 6, 232.0, 275.0, -1
0, 500, 3, 279.0, 301.0, 335.0
0, 501, 8, 279.0, 301.0, 336.0
0, 502, 0, 279.0, 303.0, 336.0
0, 503, 4, 279.0, 301.0, 336.0
0, 504, 7, 279.0, 302.0, 337.0
0, 505, 0, 279.0, 303.0, 337.0
0, 506, 2, 279.0, 301.0, 338.0
0, 507, 1, 279.0, 306.0, 339.0
0, 508, 6, 279.0, 305.0, 340.0
0, 509, 4, 279.0, 304.0, 341.0
0, 510, 1, 279.0, 303.0, 341.0
0, 511, 7, 279.0, 304.0, 341.0
0, 512, 3, 279.0, 306.0, 343.0
0, 513, 5, 279.0, 305.0, 343.0
0, 514, 8, 279.0, 304.0, 346.0
0, 515, 2, 279.0, 306.0, 347.0
0, 516, 8, 279.0, 306.0, 347.0
0, 517, 6, 279.0, 304.0, 348.0
0, 518, 6, 279.0, 306.0, 349.0
0, 519, 7, 279.0, 307.0, 352.0
0, 520, 1, 279.0, 307.0, 353.0
0, 521, 5, 279.0, 309.0, 354.0
0, 522, 5, 279.0, 309.0, 356.0
0, 523, 2, 279.0, 310.0, 358.0
0, 524, 0, 279.0, 309.0, 361.0
0, 525, 4, 279.0, 315.0, 370.0
0, 526, 3, 279.0, 316.0, 377.0
0, 527, 8, 301.0, 323.0, 356.0
0, 528, 2, 301.0, 324.0, 358.0
0, 529, 4, 301.0, 323.0, 359.0
0, 530, 3, 302.0, 325.0, 360.0
0, 531, 7, 303.0, 324.0, 354.0
0, 532, 0, 303.0, 323.0, 354.0
0, 533, 1, 303.0, 325.0, 356.0
0, 534, 6, 304.0, 323.0, 353.0
0, 535, 7, 304.0, 323.0, 353.0
0, 536, 0, 304.0, 325.0, 357.0
0, 537, 8, 305.0, 325.0, 353.0
0, 538, 6, 305.0, 325.0, 354.0
0, 539, 4, 305.0, 326.0, 356.0
0, 540, 5, 305.0, 326.0, 359.0
0, 541, 1, 306.0, 326.0, 354.0
0, 542, 2, 306.0, 327.0, 361.0
0, 543, 7, 307.0, 324.0, 350.0
0, 544, 8, 307.0, 327.0, 351.0
0, 545, 1, 307.0, 324.0, 353.0
0, 546, 6, 307.0, 326.0, 354.0
0, 547, 3, 307.0, 327.0, 356.0
0, 548, 0, 310.0, 327.0, 355.0
0, 549, 5, 310.0, 328.0, 359.0
0, 550, 5, 310.0, 329.0, 359.0
0, 551, 2, 311.0, 329.0, 359.0
0, 552, 4, 316.0, 334.0, 364.0
0, 553, 3, 317.0, 338.0, 364.0
0, 554, 7, 324.0, 341.0, 366.0
0, 555, 0, 324.0, 341.0, 368.0
0, 556, 4, 324.0, 341.0, 369.0
0, 557, 8, 324.0, 342.0, 369.0
0, 558, 6, 324.0, 342.0, 369.0
0, 559, 7, 325.0, 342.0, 365.0
0, 560, 7, 325.0, 343.0, 366.0
0, 561, 6, 325.0, 342.0, 366.0
0, 562, 1, 325.0, 343.0, 366.0
0, 563, 2, 325.0, 342.0, 368.0
0, 564, 1, 325.0, 342.0, 370.0
0, 565, 1, 326.0, 343.0, 365.0
0, 566, 8, 326.0, 343.0, 367.0
0, 567, 0, 326.0, 344.0, 369.0
0, 568, 5, 326.0, 344.0, 369.0
0, 569, 3, 326.0, 346.0, 371.0
0, 570, 8, 327.0, 344.0, 364.0
0, 571, 6, 327.0, 344.0, 365.0
0, 572, 4, 327.0, 344.0, 368.0
0, 573, 3, 327.0, 347.0, 371.0
0, 574, 0, 328.0, 346.0, 368.0
0, 575, 2, 328.0, 343.0, 370.0
0, 576, 5, 329.0, 345.0, 369.0
0, 577, 5, 329.0, 345.0, 372.0
0, 578, 2, 330.0, 345.0, 369.0
0, 579, 4, 335.0, 350.0, 375.0
0, 580, 3, 338.0, 353.0, 378.0
0, 581, 0, 341.0, 355.0, 376.0
0, 582, 7, 341.0, 356.0, 378.0
0, 583, 4, 341.0, 356.0, 379.0
0, 584, 6, 343.0, 357.0, 377.0
0, 585, 6, 343.0, 358.0, 378.0
0, 586, 7, 343.0, 358.0, 378.0
0, 587, 8, 343.0, 358.0, 379.0
0, 588, 1, 343.0, 357.0, 379.0
0, 589, 1, 343.0, 360.0, 379.0
0, 590, 2, 343.0, 358.0, 380.0
0, 591, 7, 343.0, 357.0, 380.0
0, 592, 1, 344.0, 359.0, 379.0
0, 593, 2, 344.0, 359.0, 381.0
0, 594, 5, 346.0, 362.0, 382.0
0, 595, 5, 346.0, 361.0, 385.0
0, 596, 8, 347.0, 361.0, 380.0
0, 597, 0, 347.0, 365.0, 383.0
0, 598, 3, 348.0, 363.0, 383.0
0, 599, 4, 351.0, 367.0, 387.0
0, 600, 3, 354.0, 370.0, 390.0
0, 601, 3, 354.0, 371.0, 392.0
0, 602, 0, 355.0, 367.0, 386.0
0, 603, 6, 355.0, 367.0, 387.0
0, 604, 8, 355.0, 367.0, 388.0
0, 605, 4, 355.0, 370.0, 389.0
0, 606, 2, 355.0, 368.0, 391.0
0, 607, 5, 355.0, 370.0, 392.0
0, 608, 7, 356.0, 368.0, 386.0
0, 609, 0, 356.0, 368.0, 387.0
0, 610, 4, 357.0, 369.0, 390.0
0, 611, 8, 358.0, 370.0, 389.0
0, 612, 1, 358.0, 370.0, 389.0
0, 613, 7, 358.0, 371.0, 390.0
0, 614, 6, 358.0, 370.0, 390.0
0, 615, 7, 358.0, 371.0, 390.0
0, 616, 6, 358.0, 371.0, 390.0
0, 617, 2, 359.0, 372.0, 392.0
0, 618, 1, 360.0, 372.0, 392.0
0, 619, 2, 360.0, 373.0, 393.0
0, 620, 1, 361.0, 374.0, 393.0
0, 621, 8, 362.0, 374.0, 392.0
0, 622, 5, 362.0, 375.0, 394.0
0, 623, 5, 362.0, 374.0, 395.0
0, 624, 3, 364.0, 377.0, 396.0
0, 625, 0, 365.0, 377.0, 402.0
0, 626, 4, 367.0, 379.0, 399.0
0, 627, 0, 367.0, 379.0, 402.0
0, 628, 8, 368.0, 380.0, 398.0
0, 629, 6, 368.0, 381.0, 398.0
0, 630, 7, 368.0, 380.0, 398.0
0, 631, 2, 369.0, 381.0, 401.0
0, 632, 0, 369.0, 381.0, 402.0
0, 633, 4, 370.0, 382.0, 400.0
0, 634, 5, 370.0, 382.0, 401.0
0, 635, 4, 370.0, 383.0, 401.0
0, 636, 7, 371.0, 383.0, 400.0
0, 637, 8, 371.0, 384.0, 400.0
0, 638, 1, 371.0, 383.0, 401.0
0, 639, 7, 371.0, 384.0, 401.0
0, 640, 6, 371.0, 384.0, 401.0
0, 641, 3, 371.0, 386.0, 403.0
0, 642, 6, 372.0, 385.0, 402.0
0, 643, 3, 372.0, 386.0, 403.0
0, 644, 2, 372.0, 384.0, 403.0
0, 645, 1, 373.0, 385.0, 400.0
0, 646, 2, 373.0, 386.0, 403.0
0, 647, 8, 375.0, 387.0, 403.0
0, 648, 1, 375.0, 388.0, 404.0
0, 649, 5, 375.0, 389.0, 405.0
0, 650, 5, 375.0, 389.0, 405.0
0, 651, 3, 377.0, 390.0, 407.0
0, 652, 0, 378.0, 390.0, 409.0
0, 653, 4, 379.0, 391.0, 408.0
0, 654, 7, 380.0, 392.0, 407.0
0, 655, 0, 380.0, 392.0, 410.0
0, 656, 8, 381.0, 393.0, 407.0
0, 657, 6, 381.0, 395.0, 409.0
0, 658, 2, 382.0, 394.0, 411.0
0, 659, 0, 382.0, 394.0, 413.0
0, 660, 5, 383.0, 395.0, 412.0
0, 661, 4, 383.0, 397.0, 413.0
0, 662, 4, 383.0, 397.0, 413.0
0, 663, 1, 384.0, 394.0, 411.0
0, 664, 6, 384.0, 397.0, 411.0
0, 665, 7, 384.0, 396.0, 411.0
0, 666, 7, 384.0, 396.0, 412.0
0, 667, 8, 385.0, 397.0, 412.0
0, 668, 2, 385.0, 395.0, 413.0
0, 669, 1, 386.0, 395.0, 412.0
0, 670, 6, 386.0, 401.0, 415.0
0, 671, 3, 387.0, 400.0, 415.0
0, 672, 2, 387.0, 397.0, 415.0
0, 673, 3, 387.0, 398.0, 416.0
0, 674, 8, 388.0, 401.0, 414.0
0, 675, 1, 388.0, 398.0, 414.0
0, 676, 5, 389.0, 401.0, 417.0
0, 677, 5, 389.0, 402.0, 418.0
0, 678, 4, 391.0, 402.0, 419.0
0, 679, 3, 391.0, 402.0, 419.0
0, 680, 0, 391.0, 406.0, 432.0
0, 681, 7, 392.0, 402.0, 418.0
0, 682, 8, 393.0, 404.0, 420.0
0, 683, 0, 393.0, 412.0, 444.0
0, 684, 1, 394.0, 404.0, 419.0
0, 685, 0, 394.0, 415.0, 445.0
0, 686, 6, 395.0, 406.0, 421.0
0, 687, 2, 395.0, 405.0, 422.0
0, 688, 2, 395.0, 406.0, 423.0
0, 689, 1, 396.0, 406.0, 421.0
0, 690, 7, 396.0, 406.0, 421.0
0, 691, 7, 396.0, 407.0, 421.0
0, 692, 5, 396.0, 406.0, 422.0
0, 693, 4, 397.0, 406.0, 421.0
0, 694, 6, 397.0, 407.0, 422.0
0, 695, 8, 397.0, 408.0, 423.0
0, 696, 4, 397.0, 407.0, 423.0
0, 697, 1, 398.0, 408.0, 423.0
0, 698, 2, 398.0, 408.0, 423.0
0, 699, 3, 398.0, 408.0, 424.0
0, 700, 6, 401.0, 411.0, 425.0
0, 701, 8, 401.0, 411.0, 425.0
0, 702, 3, 401.0, 412.0, 427.0
0, 703, 4, 402.0, 412.0, 426.0
0, 704, 5, 402.0, 412.0, 427.0
0, 705, 3, 402.0, 413.0, 428.0
0, 706, 7, 403.0, 413.0, 427.0
0, 707, 5, 403.0, 413.0, 428.0
0, 708, 8, 404.0, 414.0, 427.0
0, 709, 1, 404.0, 414.0, 428.0
0, 710, 7, 406.0, 415.0, 428.0
0, 711, 1, 406.0, 416.0, 429.0
0, 712, 6, 406.0, 416.0, 430.0
0, 713, 2, 406.0, 416.0, 430.0
0, 714, 5, 406.0, 417.0, 430.0
0, 715, 2, 406.0, 417.0, 432.0
0, 716, 0, 406.0, 416.0, 447.0
0, 717, 7, 407.0, 417.0, 430.0
0, 718, 4, 407.0, 417.0, 431.0
0, 719, 4, 407.0, 417.0, 431.0
0, 720, 1, 408.0, 418.0, 431.0
0, 721, 6, 408.0, 418.0, 431.0
0, 722, 2, 408.0, 418.0, 432.0
0, 723, 8, 408.0, 421.0, 433.0
0, 724, 3, 409.0, 427.0, 439.0
0, 725, 6, 411.0, 423.0, 435.0
0, 726, 8, 412.0, 422.0, 434.0
0, 727, 5, 412.0, 423.0, 436.0
0, 728, 4, 413.0, 423.0, 435.0
0, 729, 5, 413.0, 423.0, 436.0
0, 730, 7, 413.0, 426.0, 438.0
0, 731, 3, 413.0, 426.0, 439.0
0, 732, 3, 413.0, 427.0, 439.0
0, 733, 0, 413.0, 436.0, 453.0
0, 734, 1, 414.0, 426.0, 438.0
0, 735, 8, 415.0, 426.0, 438.0
0, 736, 0, 415.0, 444.0, 460.0
0, 737, 7, 416.0, 426.0, 437.0
0, 738, 6, 416.0, 428.0, 440.0
0, 739, 2, 416.0, 427.0, 440.0
0, 740, 0, 416.0, 451.0, 473.0
0, 741, 5, 417.0, 426.0, 439.0
0, 742, 7, 417.0, 428.0, 439.0
0, 743, 2, 417.0, 428.0, 440.0
0, 744, 1, 417.0, 428.0, 440.0
0, 745, 1, 418.0, 428.0, 439.0
0, 746, 2, 418.0, 428.0, 440.0
0, 747, 4, 418.0, 429.0, 440.0
0, 748, 4, 418.0, 427.0, 440.0
0, 749, 6, 419.0, 429.0, 440.0
0, 750, 8, 421.0, 430.0, 440.0
0, 751, 6, 423.0, 431.0, 443.0
0, 752, 8, 423.0, 433.0, 443.0
0, 753, 5, 423.0, 431.0, 444.0
0, 754, 4, 423.0, 431.0, 444.0
0, 755, 5, 423.0, 436.0, 447.0
0, 756, 7, 426.0, 433.0, 445.0
0, 757, 8, 426.0, 436.0, 445.0
0, 758, 3, 426.0, 440.0, 451.0
0, 759, 7, 427.0, 436.0, 446.0
0, 760, 5, 427.0, 436.0, 447.0
0, 761, 1, 427.0, 434.0, 447.0
0, 762, 3, 427.0, 438.0, 449.0
0, 763, 3, 427.0, 440.0, 451.0
0, 764, 7, 428.0, 436.0, 446.0
0, 765, 6, 428.0, 435.0, 447.0
0, 766, 2, 428.0, 436.0, 448.0
0, 767, 4, 428.0, 436.0, 448.0
0, 768, 1, 428.0, 440.0, 449.0
0, 769, 1, 429.0, 440.0, 449.0
0, 770, 2, 429.0, 440.0, 449.0
0, 771, 2, 429.0, 440.0, 450.0
0, 772, 6, 430.0, 440.0, 449.0
0, 773, 4, 430.0, 440.0, 452.0
0, 774, 8, 431.0, 441.0, 451.0
0, 775, 6, 431.0, 441.0, 452.0
0, 776, 4, 431.0, 440.0, 452.0
0, 777, 5, 432.0, 441.0, 453.0
0, 778, 8, 433.0, 442.0, 453.0
0, 779, 7, 434.0, 442.0, 452.0
0, 780, 1, 434.0, 441.0, 452.0
0, 781, 2, 436.0, 443.0, 454.0
0, 782, 7, 436.0, 444.0, 455.0
0, 783, 8, 436.0, 444.0, 455.0
0, 784, 7, 436.0, 444.0, 455.0
0, 785, 5, 436.0, 444.0, 456.0
0, 786, 4, 436.0, 444.0, 456.0
0, 787, 5, 436.0, 443.0, 456.0
0, 788, 6, 436.0, 444.0, 456.0
0, 789, 3, 439.0, 446.0, 457.0
0, 790, 1, 440.0, 447.0, 457.0
0, 791, 2, 440.0, 448.0, 458.0
0, 792, 4, 440.0, 448.0, 458.0
0, 793, 4, 440.0, 447.0, 458.0
0, 794, 6, 440.0, 448.0, 458.0
0, 795, 3, 440.0, 448.0, 459.0
0, 796, 2, 440.0, 448.0, 459.0
0, 797, 3, 440.0, 448.0, 460.0
0, 798, 0, 440.0, 453.0, 474.0
0, 799, 1, 441.0, 448.0, 458.0
0, 800, 8, 441.0, 448.0, 458.0
0, 801, 6, 441.0, 449.0, 458.0
0, 802, 8, 442.0, 449.0, 458.0
0, 803, 1, 442.0, 449.0, 458.0
0, 804, 7, 442.0, 449.0, 459.0
0, 805, 5, 442.0, 449.0, 459.0
0, 806, 2, 443.0, 450.0, 462.0
0, 807, 7, 444.0, 453.0, 462.0
0, 808, 5, 444.0, 453.0, 463.0
0, 809, 0, 444.0, 453.0, 473.0
0, 810, 7, 445.0, 452.0, 461.0
0, 811, 6, 445.0, 453.0, 461.0
0, 812, 8, 445.0, 453.0, 462.0
0, 813, 5, 445.0, 452.0, 462.0
0, 814, 4, 445.0, 453.0, 462.0
0, 815, 3, 446.0, 454.0, 464.0
0, 816, 1, 448.0, 455.0, 463.0
0, 817, 8, 448.0, 455.0, 463.0
0, 818, 2, 448.0, 455.0, 464.0
0, 819, 4, 448.0, 455.0, 464.0
0, 820, 4, 448.0, 455.0, 464.0
0, 821, 2, 448.0, 456.0, 464.0
0, 822, 6, 448.0, 456.0, 465.0
0, 823, 3, 448.0, 457.0, 466.0
0, 824, 3, 448.0, 457.0, 467.0
0, 825, 5, 449.0, 456.0, 465.0
0, 826, 8, 449.0, 458.0, 466.0
0, 827, 6, 449.0, 458.0, 466.0
0, 828, 1, 449.0, 458.0, 466.0
0, 829, 1, 449.0, 459.0, 467.0
0, 830, 7, 450.0, 458.0, 466.0
0, 831, 2, 450.0, 458.0, 466.0
0, 832, 0, 452.0, 468.0, 480.0
0, 833, 8, 453.0, 460.0, 467.0
0, 834, 6, 453.0, 460.0, 467.0
0, 835, 4, 453.0, 460.0, 468.0
0, 836, 5, 453.0, 460.0, 468.0
0, 837, 7, 453.0, 461.0, 468.0
0, 838, 7, 453.0, 461.0, 468.0
0, 839, 5, 453.0, 460.0, 469.0
0, 840, 0, 453.0, 477.0, 495.0
0, 841, 0, 453.0, 477.0, 496.0
0, 842, 1, 455.0, 463.0, 470.0
0, 843, 2, 455.0, 463.0, 470.0
0, 844, 3, 455.0, 463.0, 471.0
0, 845, 4, 455.0, 464.0, 471.0
0, 846, 6, 456.0, 463.0, 470.0
0, 847, 8, 456.0, 463.0, 470.0
0, 848, 2, 456.0, 463.0, 470.0
0, 849, 4, 456.0, 463.0, 470.0
0, 850, 5, 456.0, 464.0, 471.0
0, 851, 3, 457.0, 465.0, 472.0
0, 852, 7, 458.0, 465.0, 471.0
0, 853, 1, 458.0, 465.0, 472.0
0, 854, 2, 458.0, 465.0, 472.0
0, 855, 6, 458.0, 465.0, 472.0
0, 856, 8, 458.0, 466.0, 472.0
0, 857, 3, 458.0, 465.0, 472.0
0, 858, 8, 460.0, 467.0, 474.0
0, 859, 1, 460.0, 467.0, 474.0
0, 860, 4, 460.0, 467.0, 474.0
0, 861, 5, 460.0, 467.0, 474.0
0, 862, 6, 461.0, 468.0, 475.0
0, 863, 7, 461.0, 469.0, 475.0
0, 864, 5, 461.0, 468.0, 475.0
0, 865, 7, 461.0, 469.0, 475.0
0, 866, 8, 463.0, 470.0, 476.0
0, 867, 1, 463.0, 470.0, 476.0
0, 868, 2, 463.0, 467.0, 476.0
0, 869, 2, 463.0, 470.0, 477.0
0, 870, 3, 463.0, 467.0, 478.0
0, 871, 6, 463.0, 473.0, 479.0
0, 872, 4, 464.0, 471.0, 477.0
0, 873, 4, 464.0, 468.0, 477.0
0, 874, 5, 464.0, 472.0, 479.0
0, 875, 6, 465.0, 472.0, 478.0
0, 876, 7, 465.0, 472.0, 478.0
0, 877, 1, 465.0, 472.0, 478.0
0, 878, 3, 465.0, 470.0, 479.0
0, 879, 3, 465.0, 473.0, 480.0
0, 880, 2, 466.0, 473.0, 479.0
0, 881, 8, 466.0, 473.0, 479.0
0, 882, 2, 467.0, 470.0, 479.0
0, 883, 4, 467.0, 474.0, 480.0
0, 884, 5, 467.0, 474.0, 480.0
0, 885, 3, 467.0, 475.0, 481.0
0, 886, 1, 468.0, 473.0, 480.0
0, 887, 8, 468.0, 473.0, 480.0
0, 888, 5, 468.0, 473.0, 481.0
0, 889, 4, 468.0, 475.0, 481.0
0, 890, 0, 468.0, 480.0, 497.0
0, 891, 6, 469.0, 473.0, 481.0
0, 892, 7, 469.0, 473.0, 482.0
0, 893, 7, 469.0, 473.0, 482.0
0, 894, 2, 470.0, 473.0, 482.0
0, 895, 1, 470.0, 473.0, 482.0
0, 896, 2, 470.0, 474.0, 482.0
0, 897, 3, 470.0, 477.0, 483.0
0, 898, 4, 471.0, 478.0, 483.0
0, 899, 8, 471.0, 475.0, 483.0
0, 900, 8, 473.0, 477.0, 485.0
0, 901, 3, 473.0, 477.0, 485.0
0, 902, 6, 473.0, 477.0, 485.0
0, 903, 5, 473.0, 477.0, 485.0
0, 904, 8, 473.0, 477.0, 485.0
0, 905, 1, 473.0, 477.0, 485.0
0, 906, 2, 473.0, 477.0, 485.0
0, 907, 1, 473.0, 477.0, 486.0
0, 908, 1, 473.0, 477.0, 486.0
0, 909, 5, 473.0, 477.0, 486.0
0, 910, 6, 473.0, 477.0, 486.0
0, 911, 2, 473.0, 477.0, 486.0
0, 912, 7, 473.0, 477.0, 486.0
0, 913, 7, 473.0, 477.0, 486.0
0, 914, 6, 474.0, 477.0, 485.0
0, 915, 5, 474.0, 477.0, 486.0
0, 916, 4, 474.0, 478.0, 486.0
0, 917, 7, 474.0, 478.0, 486.0
0, 918, 2, 474.0, 477.0, 486.0
0, 919, 4, 475.0, 478.0, 487.0
0, 920, 3, 475.0, 478.0, 487.0
0, 921, 8, 475.0, 479.0, 487.0
0, 922, 5, 477.0, 480.0, 488.0
0, 923, 6, 477.0, 481.0, 488.0
0, 924, 1, 477.0, 481.0, 489.0
0, 925, 2, 477.0, 480.0, 489.0
0, 926, 3, 477.0, 482.0, 489.0
0, 927, 7, 477.0, 481.0, 489.0
0, 928, 8, 477.0, 482.0, 489.0
0, 929, 2, 477.0, 481.0, 489.0
0, 930, 7, 477.0, 481.0, 489.0
0, 931, 8, 477.0, 481.0, 489.0
0, 932, 3, 477.0, 481.0, 490.0
0, 933, 0, 477.0, 481.0, 497.0
0, 934, 0, 477.0, 480.0, 498.0
0, 935, 6, 478.0, 482.0, 489.0
0, 936, 4, 478.0, 482.0, 489.0
0, 937, 1, 478.0, 482.0, 489.0
0, 938, 5, 478.0, 482.0, 489.0
0, 939, 1, 478.0, 482.0, 489.0
0, 940, 4, 478.0, 483.0, 489.0
0, 941, 6, 478.0, 482.0, 490.0
0, 942, 2, 478.0, 482.0, 490.0
0, 943, 4, 478.0, 488.0, 495.0
0, 944, 7, 478.0, 488.0, 495.0
0, 945, 5, 478.0, 488.0, 495.0
0, 946, 8, 479.0, 488.0, 494.0
0, 947, 3, 479.0, 488.0, 495.0
0, 948, 5, 480.0, 489.0, 496.0
0, 949, 0, 480.0, 497.0, 505.0
0, 950, 0, 480.0, 497.0, 506.0
0, 951, 7, 481.0, 488.0, 494.0
0, 952, 6, 481.0, 488.0, 495.0
0, 953, 7, 481.0, 489.0, 495.0
0, 954, 2, 481.0, 489.0, 495.0
0, 955, 2, 481.0, 489.0, 496.0
0, 956, 1, 481.0, 489.0, 496.0
0, 957, 0, 481.0, 498.0, 505.0
0, 958, 1, 482.0, 488.0, 494.0
0, 959, 5, 482.0, 488.0, 494.0
0, 960, 8, 482.0, 488.0, 494.0
0, 961, 3, 482.0, 488.0, 494.0
0, 962, 1, 482.0, 488.0, 494.0
0, 963, 6, 482.0, 488.0, 494.0
0, 964, 4, 482.0, 488.0, 495.0
0, 965, 2, 482.0, 489.0, 495.0
0, 966, 3, 482.0, 489.0, 495.0
0, 967, 8, 482.0, 490.0, 496.0
0, 968, 4, 483.0, 488.0, 494.0
0, 969, 6, 483.0, 488.0, 494.0
0, 970, 1, 488.0, 491.0, 497.0
0, 971, 3, 488.0, 491.0, 497.0
0, 972, 4, 488.0, 491.0, 497.0
0, 973, 5, 488.0, 491.0, 497.0
0, 974, 7, 488.0, 491.0, 497.0
0, 975, 8, 488.0, 491.0, 497.0
0, 976, 8, 488.0, 492.0, 497.0
0, 977, 3, 488.0, 491.0, 497.0
0, 978, 6, 488.0, 491.0, 498.0
0, 979, 4, 488.0, 491.0, 498.0
0, 980, 5, 488.0, 492.0, 498.0
0, 981, 7, 488.0, 494.0, 500.0
0, 982, 3, 489.0, 492.0, 498.0
0, 983, 2, 489.0, 492.0, 498.0
0, 984, 2, 489.0, 492.0, 498.0
0, 985, 6, 489.0, 492.0, 498.0
0, 986, 1, 489.0, 493.0, 498.0
0, 987, 6, 489.0, 493.0, 498.0
0, 988, 4, 489.0, 492.0, 498.0
0, 989, 5, 489.0, 492.0, 498.0
0, 990, 1, 489.0, 493.0, 498.0
0, 991, 2, 489.0, 493.0, 499.0
0, 992, 7, 489.0, 494.0, 499.0
0, 993, 8, 490.0, 494.0, 499.0
0, 994, 5, 491.0, 494.0, 499.0
0, 995, 4, 491.0, 494.0, 500.0
0, 996, 8, 491.0, 495.0, 500.0
0, 997, 4, 491.0, 494.0, 500.0
0, 998, 1, 491.0, 494.0, 500.0
0, 999, 3, 491.0, 496.0, 501.0
0, 1000, 3, 491.0, 495.0, 501.0
0, 1001, 2, 492.0, 495.0, 500.0
0, 1002, 5, 492.0, 495.0, 500.0
0, 1003, 7, 492.0, 496.0, 501.0
0, 1004, 6, 492.0, 496.0, 501.0
0, 1005, 8, 492.0, 496.0, 501.0
0, 1006, 4, 493.0, 496.0, 501.0
0, 1007, 1, 493.0, 496.0, 501.0
0, 1008, 1, 493.0, 496.0, 501.0
0, 1009, 5, 493.0, 496.0, 501.0
0, 1010, 3, 493.0, 497.0, 501.0
0, 1011, 2, 493.0, 496.0, 501.0
0, 1012, 6, 493.0, 497.0, 502.0
0, 1013, 6, 493.0, 497.0, 502.0
0, 1014, 7, 494.0, 497.0, 502.0
0, 1015, 8, 494.0, 497.0, 502.0
0, 1016, 2, 494.0, 497.0, 502.0
0, 1017, 4, 494.0, 497.0, 502.0
0, 1018, 4, 494.0, 497.0, 502.0
0, 1019, 7, 494.0, 497.0, 502.0
0, 1020, 5, 494.0, 497.0, 502.0
0, 1021, 1, 494.0, 498.0, 503.0
0, 1022, 5, 495.0, 498.0, 502.0
0, 1023, 2, 495.0, 498.0, 502.0
0, 1024, 8, 495.0, 499.0, 503.0
0, 1025, 2, 496.0, 499.0, 503.0
0, 1026, 6, 496.0, 499.0, 503.0
0, 1027, 7, 496.0, 499.0, 503.0
0, 1028, 3, 496.0, 499.0, 503.0
0, 1029, 8, 496.0, 500.0, 503.0
0, 1030, 1, 496.0, 500.0, 503.0
0, 1031, 1, 496.0, 499.0, 503.0
0, 1032, 3, 496.0, 499.0, 503.0
0, 1033, 4, 496.0, 500.0, 504.0
0, 1034, 8, 497.0, 500.0, 504.0
0, 1035, 4, 497.0, 500.0, 504.0
0, 1036, 7, 497.0, 500.0, 504.0
0, 1037, 5, 497.0, 501.0, 504.0
0, 1038, 6, 497.0, 500.0, 504.0
0, 1039, 2, 497.0, 500.0, 504.0
0, 1040, 5, 497.0, 500.0, 504.0
0, 1041, 6, 497.0, 500.0, 504.0
0, 1042, 3, 497.0, 500.0, 504.0
0, 1043, 4, 497.0, 501.0, 504.0
0, 1044, 0, 497.0, 500.0, 505.0
0, 1045, 7, 498.0, 501.0, 505.0
0, 1046, 5, 498.0, 501.0, 505.0
0, 1047, 1, 498.0, 501.0, 505.0
0, 1048, 0, 498.0, 501.0, 505.0
0, 1049, 0, 498.0, 501.0, 505.0
0, 1050, 2, 498.0, 501.0, 505.0
0, 1051, 1, 499.0, 502.0, 505.0
0, 1052, 2, 499.0, 502.0, 505.0
0, 1053, 3, 499.0, 502.0, 505.0
0, 1054, 7, 499.0, 502.0, 505.0
0, 1055, 6, 499.0, 503.0, 506.0
0, 1056, 8, 499.0, 503.0, 506.0
0, 1057, 3, 499.0, 503.0, 506.0
0, 1058, 4, 500.0, 503.0, 506.0
0, 1059, 3, 500.0, 503.0, 506.0
0, 1060, 5, 500.0, 503.0, 506.0
0, 1061, 8, 500.0, 503.0, 506.0
0, 1062, 2, 500.0, 503.0, 506.0
0, 1063, 6, 500.0, 503.0, 506.0
0, 1064, 8, 500.0, 503.0, 506.0
0, 1065, 4, 500.0, 503.0, 506.0
0, 1066, 1, 500.0, 503.0, 507.0
0, 1067, 0, 500.0, 506.0, 508.0
0, 1068, 1, 501.0, 504.0, 506.0
0, 1069, 2, 501.0, 504.0, 506.0
0, 1070, 5, 501.0, 504.0, 506.0
0, 1071, 4, 501.0, 504.0, 506.0
0, 1072, 5, 501.0, 504.0, 506.0
0, 1073, 7, 501.0, 504.0, 507.0
0, 1074, 6, 501.0, 504.0, 507.0
0, 1075, 0, 501.0, 507.0, 509.0
0, 1076, 0, 501.0, 507.0, 509.0
0, 1077, 1, 502.0, 505.0, 507.0
0, 1078, 2, 502.0, 505.0, 507.0
0, 1079, 7, 502.0, 505.0, 507.0
0, 1080, 7, 502.0, 505.0, 507.0
0, 1081, 4, 503.0, 506.0, 507.0
0, 1082, 3, 503.0, 506.0, 508.0
0, 1083, 4, 503.0, 506.0, 508.0
0, 1084, 3, 503.0, 506.0, 508.0
0, 1085, 6, 503.0, 506.0, 508.0
0, 1086, 3, 503.0, 506.0, 508.0
0, 1087, 2, 503.0, 506.0, 508.0
0, 1088, 8, 503.0, 506.0, 508.0
0, 1089, 5, 504.0, 507.0, 508.0
0, 1090, 5, 504.0, 507.0, 508.0
0, 1091, 4, 504.0, 507.0, 508.0
0, 1092, 1, 504.0, 507.0, 508.0
0, 1093, 5, 504.0, 507.0, 508.0
0, 1094, 8, 504.0, 507.0, 508.0
0, 1095, 1, 504.0, 507.0, 508.0
0, 1096, 8, 504.0, 507.0, 508.0
0, 1097, 7, 505.0, 508.0, 509.0
0, 1098, 7, 505.0, 508.0, 509.0
0, 1099, 7, 505.0, 508.0, 509.0
