0, 0, 8, 10.0, 54.0, -1
0, 1, 8, 10.0, 54.0, -1
0, 2, 2, 10.0, 54.0, -1
0, 3, 8, 10.0, 54.0, -1
0, 4, 8, 10.0, 54.0, -1
0, 5, 8, 10.0, 54.0, -1
0, 6, 8, 10.0, 55.0, -1
0, 7, 8, 10.0, 55.0, -1
0, 8, 2, 10.0, 55.0, -1
0, 9, 8, 10.0, 56.0, -1
0, 10, 8, 10.0, 56.0, -1
0, 11, 2, 10.0, 56.0, -1
0, 12, 8, 10.0, 56.0, -1
0, 13, 2, 10.0, 57.0, -1
0, 14, 2, 10.0, 57.0, -1
0, 15, 2, 10.0, 57.0, -1
0, 16, 2, 10.0, 58.0, -1
0, 17, 2, 10.0, 58.0, -1
0, 18, 2, 10.0, 58.0, -1
0, 19, 2, 10.0, 59.0, -1
0, 20, 7, 11.0, 55.0, -1
0, 21, 7, 11.0, 56.0, -1
0, 22, 7, 11.0, 56.0, -1
0, 23, 7, 11.0, 56.0, -1
0, 24, 7, 11.0, 56.0, -1
0, 25, 7, 11.0, 56.0, -1
0, 26, 7, 11.0, 57.0, -1
0, 27, 0, 11.0, 58.0, -1
0, 28, 7, 11.0, 58.0, -1
0, 29, 0, 11.0, 58.0, -1
0, 30, 7, 11.0, 58.0, -1
0, 31, 0, 11.0, 59.0, -1
0, 32, 7, 11.0, 59.0, -1
0, 33, 0, 11.0, 59.0, -1
0, 34, 0, 11.0, 60.0, -1
0, 35, 0, 11.0, 61.0, -1
0, 36, 0, 11.0, 142.0, -1
0, 37, 0, 11.0, 146.0, -1
0, 38, 0, 11.0, 160.0, -1
0, 39, 0, 11.0, 165.0, -1
0, 40, 4, 12.0, 55.0, -1
0, 41, 4, 12.0, 57.0, -1
0, 42, 4, 12.0, 57.0, -1
0, 43, 4, 12.0, 57.0, -1
0, 44, 5, 12.0, 58.0, -1
0, 45, 4, 12.0, 58.0, -1
0, 46, 5, 12.0, 58.0, -1
0, 47, 4, 12.0, 58.0, -1
0, 48, 4, 12.0, 58.0, -1
0, 49, 4, 12.0, 59.0, -1
0, 50, 5, 12.0, 59.0, -1
0, 51, 5, 12.0, 59.0, -1
0, 52, 5, 12.0, 59.0, -1
0, 53, 4, 12.0, 59.0, -1
0, 54, 5, 12.0, 60.0, -1
0, 55, 5, 12.0, 60.0, -1
0, 56, 5, 12.0, 60.0, -1
0, 57, 4, 12.0, 60.0, -1
0, 58, 5, 12.0, 61.0, -1
0, 59, 5, 12.0, 61.0, -1
0, 60, 1, 13.0, 56.0, -1
0, 61, 6, 13.0, 56.0, -1
0, 62, 1, 13.0, 56.0, -1
0, 63, 1, 13.0, 56.0, -1
0, 64, 6, 13.0, 56.0, -1
0, 65, 1, 13.0, 57.0, -1
0, 66, 6, 13.0, 57.0, -1
0, 67, 6, 13.0, 57.0, -1
0, 68, 6, 13.0, 57.0, -1
0, 69, 6, 13.0, 57.0, -1
0, 70, 6, 13.0, 58.0, -1
0, 71, 1, 13.0, 58.0, -1
0, 72, 1, 13.0, 58.0, -1
0, 73, 3, 13.0, 58.0, -1
0, 74, 1, 13.0, 59.0, -1
0, 75, 6, 13.0, 59.0, -1
0, 76, 3, 13.0, 60.0, -1
0, 77, 3, 13.0, 60.0, -1
0, 78, 3, 13.0, 60.0, -1
0, 79, 6, 13.0, 62.0, -1
0, 80, 3, 13.0, 62.0, -1
0, 81, 1, 13.0, 69.0, -1
0, 82, 1, 13.0, 81.0, -1
0, 83, 1, 13.0, 83.0, -1
0, 84, 3, 14.0, 59.0, -1
0, 85, 3, 14.0, 60.0, -1
0, 86, 3, 14.0, 61.0, -1
0, 87, 3, 14.0, 61.0, -1
0, 88, 3, 14.0, 61.0, -1
0, 89, 8, 54.0, 96.0, -1
0, 90, 8, 54.0, 96.0, -1
0, 91, 8, 54.0, 97.0, -1
0, 92, 8, 54.0, 97.0, -1
0, 93, 8, 54.0, 100.0, -1
0, 94, 2, 54.0, 102.0, -1
0, 95, 4, 55.0, 96.0, -1
0, 96, 7, 55.0, 97.0, -1
0, 97, 8, 55.0, 98.0, -1
0, 98, 2, 55.0, 99.0, -1
0, 99, 8, 55.0, 100.0, -1
0, 100, 7, 56.0, 98.0, -1
0, 101, 6, 56.0, 98.0, -1
0, 102, 8, 56.0, 98.0, -1
0, 103, 8, 56.0, 99.0, -1
0, 104, 7, 56.0, 99.0, -1
0, 105, 2, 56.0, 100.0, -1
0, 106, 8, 56.0, 101.0, -1
0, 107, 6, 56.0, 101.0, -1
0, 108, 7, 57.0, 99.0, -1
0, 109, 1, 57.0, 101.0, -1
0, 110, 7, 57.0, 102.0, -1
0, 111, 1, 57.0, 102.0, -1
0, 112, 7, 57.0, 102.0, -1
0, 113, 6, 57.0, 102.0, -1
0, 114, 1, 57.0, 122.0, -1
0, 115, 4, 58.0, 99.0, -1
0, 116, 6, 58.0, 100.0, -1
0, 117, 2, 58.0, 100.0, -1
0, 118, 6, 58.0, 101.0, -1
0, 119, 7, 58.0, 101.0, -1
0, 120, 2, 58.0, 102.0, -1
0, 121, 2, 58.0, 102.0, -1
0, 122, 4, 58.0, 102.0, -1
0, 123, 4, 58.0, 103.0, -1
0, 124, 6, 58.0, 104.0, -1
0, 125, 1, 58.0, 125.0, -1
0, 126, 7, 59.0, 100.0, -1
0, 127, 4, 59.0, 102.0, -1
0, 128, 5, 59.0, 102.0, -1
0, 129, 2, 59.0, 102.0, -1
0, 130, 6, 59.0, 102.0, -1
0, 131, 7, 59.0, 102.0, -1
0, 132, 4, 59.0, 102.0, -1
0, 133, 2, 59.0, 103.0, -1
0, 134, 4, 59.0, 105.0, -1
0, 135, 2, 59.0, 105.0, -1
0, 136, 5, 59.0, 106.0, -1
0, 137, 3, 59.0, 106.0, -1
0, 138, 0, 59.0, 106.0, -1
0, 139, 0, 59.0, 107.0, -1
0, 140, 1, 59.0, 120.0, -1
0, 141, 1, 59.0, 125.0, -1
0, 142, 7, 60.0, 101.0, -1
0, 143, 6, 60.0, 102.0, -1
0, 144, 4, 60.0, 102.0, -1
0, 145, 4, 60.0, 102.0, -1
0, 146, 5, 60.0, 103.0, -1
0, 147, 3, 60.0, 103.0, -1
0, 148, 5, 60.0, 104.0, -1
0, 149, 2, 60.0, 105.0, -1
0, 150, 5, 60.0, 105.0, -1
0, 151, 0, 60.0, 108.0, -1
0, 152, 0, 60.0, 108.0, -1
0, 153, 1, 60.0, 130.0, -1
0, 154, 3, 61.0, 104.0, -1
0, 155, 3, 61.0, 105.0, -1
0, 156, 3, 61.0, 105.0, -1
0, 157, 5, 61.0, 105.0, -1
0, 158, 5, 61.0, 106.0, -1
0, 159, 5, 61.0, 106.0, -1
0, 160, 4, 61.0, 106.0, -1
0, 161, 3, 61.0, 107.0, -1
0, 162, 0, 61.0, 109.0, -1
0, 163, 3, 62.0, 104.0, -1
0, 164, 5, 62.0, 106.0, -1
0, 165, 3, 62.0, 106.0, -1
0, 166, 3, 62.0, 107.0, -1
0, 167, 5, 62.0, 107.0, -1
0, 168, 3, 63.0, 107.0, -1
0, 169, 0, 63.0, 107.0, -1
0, 170, 6, 63.0, 107.0, -1
0, 171, 1, 69.0, 136.0, -1
0, 172, 1, 82.0, 137.0, -1
0, 173, 1, 84.0, 127.0, -1
0, 174, 4, 97.0, 136.0, -1
0, 175, 8, 97.0, 139.0, -1
0, 176, 8, 97.0, 139.0, -1
0, 177, 8, 97.0, 140.0, -1
0, 178, 8, 98.0, 140.0, -1
0, 179, 7, 98.0, 142.0, -1
0, 180, 6, 99.0, 142.0, -1
0, 181, 8, 99.0, 143.0, -1
0, 182, 7, 99.0, 143.0, -1
0, 183, 8, 99.0, 145.0, -1
0, 184, 7, 100.0, 143.0, -1
0, 185, 8, 100.0, 144.0, -1
0, 186, 8, 100.0, 145.0, -1
0, 187, 7, 100.0, 145.0, -1
0, 188, 4, 100.0, 147.0, -1
0, 189, 2, 100.0, 147.0, -1
0, 190, 2, 101.0, 145.0, -1
0, 191, 2, 101.0, 145.0, -1
0, 192, 8, 101.0, 146.0, -1
0, 193, 6, 101.0, 146.0, -1
0, 194, 7, 101.0, 146.0, -1
0, 195, 1, 102.0, 144.0, -1
0, 196, 7, 102.0, 144.0, -1
0, 197, 8, 102.0, 145.0, -1
0, 198, 6, 102.0, 145.0, -1
0, 199, 6, 102.0, 145.0, -1
0, 200, 7, 102.0, 147.0, -1
0, 201, 4, 102.0, 149.0, -1
0, 202, 6, 103.0, 144.0, -1
0, 203, 7, 103.0, 144.0, -1
0, 204, 2, 103.0, 146.0, -1
0, 205, 4, 103.0, 146.0, -1
0, 206, 1, 103.0, 147.0, -1
0, 207, 4, 103.0, 147.0, -1
0, 208, 6, 103.0, 147.0, -1
0, 209, 2, 103.0, 147.0, -1
0, 210, 2, 103.0, 147.0, -1
0, 211, 2, 103.0, 148.0, -1
0, 212, 7, 103.0, 148.0, -1
0, 213, 6, 103.0, 148.0, -1
0, 214, 2, 103.0, 149.0, -1
0, 215, 4, 103.0, 149.0, -1
0, 216, 7, 103.0, 150.0, -1
0, 217, 5, 103.0, 151.0, -1
0, 218, 4, 103.0, 151.0, -1
0, 219, 4, 104.0, 146.0, -1
0, 220, 5, 104.0, 149.0, -1
0, 221, 3, 104.0, 152.0, -1
0, 222, 4, 105.0, 148.0, -1
0, 223, 6, 105.0, 148.0, -1
0, 224, 2, 105.0, 149.0, -1
0, 225, 5, 105.0, 149.0, -1
0, 226, 3, 105.0, 150.0, -1
0, 227, 3, 105.0, 152.0, -1
0, 228, 3, 106.0, 149.0, -1
0, 229, 5, 106.0, 150.0, -1
0, 230, 5, 106.0, 150.0, -1
0, 231, 2, 106.0, 150.0, -1
0, 232, 5, 106.0, 152.0, -1
0, 233, 3, 106.0, 152.0, -1
0, 234, 3, 107.0, 149.0, -1
0, 235, 4, 107.0, 150.0, -1
0, 236, 3, 107.0, 150.0, -1
0, 237, 3, 107.0, 150.0, -1
0, 238, 5, 107.0, 152.0, -1
0, 239, 5, 107.0, 152.0, -1
0, 240, 5, 107.0, 152.0, -1
0, 241, 0, 107.0, 154.0, -1
0, 242, 5, 107.0, 155.0, -1
0, 243, 3, 108.0, 151.0, -1
0, 244, 6, 108.0, 151.0, -1
0, 245, 0, 108.0, 153.0, -1
0, 246, 3, 108.0, 155.0, -1
0, 247, 0, 108.0, 157.0, -1
0, 248, 0, 108.0, 237.0, -1
0, 249, 0, 108.0, 271.0, -1
0, 250, 0, 110.0, 272.0, -1
0, 251, 1, 121.0, 162.0, -1
0, 252, 1, 123.0, 165.0, -1
0, 253, 1, 125.0, 169.0, -1
0, 254, 1, 126.0, 168.0, -1
0, 255, 1, 128.0, 171.0, -1
0, 256, 1, 131.0, 172.0, -1
0, 257, 4, 137.0, 178.0, -1
0, 258, 1, 137.0, 180.0, -1
0, 259, 1, 137.0, 181.0, -1
0, 260, 8, 139.0, 182.0, -1
0, 261, 8, 140.0, 183.0, -1
0, 262, 8, 140.0, 184.0, -1
0, 263, 8, 140.0, 185.0, -1
0, 264, 6, 142.0, 183.0, -1
0, 265, 7, 142.0, 185.0, -1
0, 266, 0, 142.0, 283.0, -1
0, 267, 1, 144.0, 185.0, -1
0, 268, 8, 144.0, 187.0, -1
0, 269, 7, 144.0, 187.0, -1
0, 270, 7, 144.0, 189.0, -1
0, 271, 8, 144.0, 190.0, -1
0, 272, 8, 145.0, 188.0, -1
0, 273, 7, 145.0, 188.0, -1
0, 274, 8, 145.0, 189.0, -1
0, 275, 6, 145.0, 189.0, -1
0, 276, 7, 145.0, 189.0, -1
0, 277, 2, 145.0, 190.0, -1
0, 278, 2, 145.0, 193.0, -1
0, 279, 8, 146.0, 187.0, -1
0, 280, 7, 146.0, 189.0, -1
0, 281, 6, 146.0, 189.0, -1
0, 282, 6, 146.0, 189.0, -1
0, 283, 8, 146.0, 190.0, -1
0, 284, 6, 146.0, 191.0, -1
0, 285, 1, 147.0, 191.0, -1
0, 286, 4, 147.0, 191.0, -1
0, 287, 7, 147.0, 191.0, -1
0, 288, 7, 147.0, 192.0, -1
0, 289, 6, 147.0, 192.0, -1
0, 290, 2, 147.0, 193.0, -1
0, 291, 4, 147.0, 193.0, -1
0, 292, 4, 147.0, 194.0, -1
0, 293, 4, 147.0, 194.0, -1
0, 294, 0, 147.0, 280.0, -1
0, 295, 2, 148.0, 190.0, -1
0, 296, 6, 148.0, 190.0, -1
0, 297, 4, 148.0, 191.0, -1
0, 298, 7, 148.0, 191.0, -1
0, 299, 2, 148.0, 192.0, -1
0, 300, 2, 148.0, 193.0, -1
0, 301, 2, 148.0, 193.0, -1
0, 302, 4, 149.0, 192.0, -1
0, 303, 2, 149.0, 192.0, -1
0, 304, 2, 149.0, 193.0, -1
0, 305, 4, 149.0, 193.0, -1
0, 306, 5, 149.0, 193.0, -1
0, 307, 6, 149.0, 194.0, -1
0, 308, 5, 149.0, 194.0, -1
0, 309, 7, 150.0, 192.0, -1
0, 310, 4, 150.0, 193.0, -1
0, 311, 5, 150.0, 193.0, -1
0, 312, 5, 150.0, 195.0, -1
0, 313, 3, 150.0, 195.0, -1
0, 314, 3, 150.0, 196.0, -1
0, 315, 3, 151.0, 196.0, -1
0, 316, 3, 151.0, 196.0, -1
0, 317, 2, 151.0, 197.0, -1
0, 318, 3, 151.0, 198.0, -1
0, 319, 3, 152.0, 196.0, -1
0, 320, 3, 152.0, 196.0, -1
0, 321, 3, 152.0, 197.0, -1
0, 322, 3, 152.0, 197.0, -1
0, 323, 5, 152.0, 197.0, -1
0, 324, 5, 152.0, 197.0, -1
0, 325, 6, 152.0, 198.0, -1
0, 326, 5, 152.0, 198.0, -1
0, 327, 5, 152.0, 198.0, -1
0, 328, 4, 152.0, 198.0, -1
0, 329, 5, 152.0, 199.0, -1
0, 330, 0, 153.0, 284.0, -1
0, 331, 3, 155.0, 199.0, -1
0, 332, 5, 155.0, 199.0, -1
0, 333, 0, 155.0, 205.0, -1
0, 334, 0, 157.0, 206.0, -1
0, 335, 0, 161.0, 208.0, -1
0, 336, 1, 163.0, 206.0, -1
0, 337, 1, 165.0, 208.0, -1
0, 338, 0, 166.0, 218.0, -1
0, 339, 1, 168.0, 213.0, -1
0, 340, 1, 169.0, 214.0, -1
0, 341, 1, 171.0, 213.0, -1
0, 342, 1, 173.0, 215.0, -1
0, 343, 4, 178.0, 218.0, -1
0, 344, 1, 180.0, 225.0, -1
0, 345, 1, 181.0, 224.0, -1
0, 346, 8, 182.0, 225.0, -1
0, 347, 8, 184.0, 227.0, -1
0, 348, 6, 184.0, 228.0, -1
0, 349, 8, 184.0, 228.0, -1
0, 350, 8, 185.0, 226.0, -1
0, 351, 1, 185.0, 228.0, -1
0, 352, 7, 185.0, 228.0, -1
0, 353, 8, 187.0, 232.0, -1
0, 354, 7, 188.0, 230.0, -1
0, 355, 8, 188.0, 231.0, -1
0, 356, 7, 188.0, 233.0, -1
0, 357, 8, 188.0, 234.0, -1
0, 358, 6, 189.0, 231.0, -1
0, 359, 7, 189.0, 231.0, -1
0, 360, 8, 189.0, 231.0, -1
0, 361, 6, 189.0, 232.0, -1
0, 362, 6, 189.0, 232.0, -1
0, 363, 7, 189.0, 233.0, -1
0, 364, 7, 189.0, 235.0, -1
0, 365, 8, 190.0, 233.0, -1
0, 366, 2, 190.0, 236.0, -1
0, 367, 2, 190.0, 238.0, -1
0, 368, 1, 191.0, 233.0, -1
0, 369, 6, 191.0, 233.0, -1
0, 370, 8, 191.0, 233.0, -1
0, 371, 7, 191.0, 234.0, -1
0, 372, 7, 191.0, 236.0, -1
0, 373, 6, 191.0, 236.0, -1
0, 374, 4, 191.0, 237.0, -1
0, 375, 4, 191.0, 238.0, -1
0, 376, 7, 192.0, 234.0, -1
0, 377, 7, 192.0, 235.0, -1
0, 378, 4, 192.0, 236.0, -1
0, 379, 6, 192.0, 236.0, -1
0, 380, 2, 193.0, 236.0, -1
0, 381, 4, 193.0, 236.0, -1
0, 382, 4, 193.0, 237.0, -1
0, 383, 2, 193.0, 237.0, -1
0, 384, 4, 193.0, 238.0, -1
0, 385, 2, 193.0, 238.0, -1
0, 386, 2, 193.0, 239.0, -1
0, 387, 2, 193.0, 239.0, -1
0, 388, 2, 193.0, 239.0, -1
0, 389, 2, 193.0, 240.0, -1
0, 390, 6, 194.0, 236.0, -1
0, 391, 5, 194.0, 238.0, -1
0, 392, 4, 194.0, 238.0, -1
0, 393, 4, 194.0, 240.0, -1
0, 394, 5, 194.0, 241.0, -1
0, 395, 5, 195.0, 240.0, -1
0, 396, 5, 195.0, 240.0, -1
0, 397, 3, 195.0, 244.0, -1
0, 398, 3, 196.0, 241.0, -1
0, 399, 3, 196.0, 241.0, -1
0, 400, 3, 196.0, 241.0, -1
0, 401, 3, 196.0, 242.0, -1
0, 402, 3, 196.0, 243.0, -1
0, 403, 3, 197.0, 240.0, -1
0, 404, 5, 197.0, 242.0, -1
0, 405, 3, 197.0, 242.0, -1
0, 406, 6, 198.0, 241.0, -1
0, 407, 5, 198.0, 242.0, -1
0, 408, 2, 198.0, 242.0, -1
0, 409, 5, 198.0, 243.0, -1
0, 410, 5, 198.0, 243.0, -1
0, 411, 4, 199.0, 243.0, -1
0, 412, 3, 199.0, 243.0, -1
0, 413, 5, 199.0, 244.0, -1
0, 414, 3, 199.0, 244.0, -1
0, 415, 5, 199.0, 245.0, -1
0, 416, 1, 206.0, 251.0, -1
0, 417, 0, 206.0, 253.0, -1
0, 418, 0, 206.0, 253.0, -1
0, 419, 1, 208.0, 250.0, -1
0, 420, 0, 210.0, 254.0, -1
0, 421, 1, 213.0, 258.0, -1
0, 422, 1, 214.0, 257.0, -1
0, 423, 1, 214.0, 259.0, -1
0, 424, 1, 215.0, 257.0, -1
0, 425, 4, 218.0, 259.0, -1
0, 426, 0, 220.0, 266.0, -1
0, 427, 1, 225.0, 265.0, -1
0, 428, 1, 225.0, 267.0, -1
0, 429, 8, 226.0, 270.0, -1
0, 430, 8, 226.0, 271.0, -1
0, 431, 8, 228.0, 272.0, -1
0, 432, 1, 229.0, 269.0, -1
0, 433, 7, 229.0, 270.0, -1
0, 434, 6, 229.0, 273.0, -1
0, 435, 8, 229.0, 273.0, -1
0, 436, 7, 231.0, 276.0, -1
0, 437, 8, 232.0, 274.0, -1
0, 438, 7, 232.0, 274.0, -1
0, 439, 6, 232.0, 276.0, -1
0, 440, 8, 232.0, 277.0, -1
0, 441, 6, 233.0, 275.0, -1
0, 442, 8, 233.0, 277.0, -1
0, 443, 6, 233.0, 277.0, -1
0, 444, 1, 234.0, 274.0, -1
0, 445, 7, 234.0, 275.0, -1
0, 446, 6, 234.0, 277.0, -1
0, 447, 8, 234.0, 277.0, -1
0, 448, 8, 234.0, 277.0, -1
0, 449, 7, 234.0, 278.0, -1
0, 450, 7, 235.0, 276.0, -1
0, 451, 8, 235.0, 278.0, -1
0, 452, 7, 235.0, 280.0, -1
0, 453, 7, 236.0, 277.0, -1
0, 454, 7, 236.0, 279.0, -1
0, 455, 7, 237.0, 278.0, -1
0, 456, 6, 237.0, 279.0, -1
0, 457, 6, 237.0, 280.0, -1
0, 458, 6, 237.0, 281.0, -1
0, 459, 4, 237.0, 282.0, -1
0, 460, 0, 237.0, 284.0, -1
0, 461, 4, 237.0, 284.0, -1
0, 462, 2, 237.0, 285.0, -1
0, 463, 2, 237.0, 285.0, -1
0, 464, 4, 238.0, 280.0, -1
0, 465, 4, 238.0, 282.0, -1
0, 466, 2, 238.0, 284.0, -1
0, 467, 4, 239.0, 282.0, -1
0, 468, 4, 239.0, 282.0, -1
0, 469, 2, 239.0, 282.0, -1
0, 470, 2, 239.0, 282.0, -1
0, 471, 4, 239.0, 283.0, -1
0, 472, 5, 239.0, 285.0, -1
0, 473, 2, 240.0, 285.0, -1
0, 474, 2, 240.0, 286.0, -1
0, 475, 2, 240.0, 286.0, -1
0, 476, 4, 241.0, 284.0, -1
0, 477, 5, 241.0, 285.0, -1
0, 478, 5, 241.0, 286.0, -1
0, 479, 2, 241.0, 286.0, -1
0, 480, 3, 241.0, 289.0, -1
0, 481, 6, 242.0, 283.0, -1
0, 482, 3, 242.0, 286.0, -1
0, 483, 3, 242.0, 286.0, -1
0, 484, 3, 242.0, 287.0, -1
0, 485, 5, 242.0, 289.0, -1
0, 486, 3, 242.0, 290.0, -1
0, 487, 4, 243.0, 286.0, -1
0, 488, 3, 243.0, 286.0, -1
0, 489, 5, 243.0, 287.0, -1
0, 490, 2, 243.0, 287.0, -1
0, 491, 5, 243.0, 287.0, -1
0, 492, 5, 243.0, 290.0, -1
0, 493, 3, 244.0, 288.0, -1
0, 494, 3, 244.0, 288.0, -1
0, 495, 5, 244.0, 289.0, -1
0, 496, 5, 244.0, 290.0, -1
0, 497, 3, 245.0, 289.0, -1
0, 498, 3, 245.0, 290.0, -1
0, 499, 5, 246.0, 292.0, -1
1, 500, 5, 295.0, 310.0, -1
2, 501, 3, 296.0, 312.0, -1
0, 502, 8, 296.0, 318.0, 352.0
0, 503, 0, 296.0, 318.0, 352.0
0, 504, 6, 296.0, 318.0, 353.0
0, 505, 8, 296.0, 320.0, 354.0
0, 506, 0, 296.0, 320.0, 355.0
0, 507, 7, 296.0, 319.0, 355.0
0, 508, 1, 296.0, 322.0, 355.0
0, 509, 4, 296.0, 320.0, 356.0
0, 510, 1, 296.0, 320.0, 356.0
0, 511, 7, 296.0, 321.0, 357.0
0, 512, 6, 296.0, 320.0, 358.0
0, 513, 5, 296.0, 322.0, 358.0
0, 514, 2, 296.0, 322.0, 360.0
0, 515, 2, 296.0, 321.0, 362.0
0, 516, 4, 296.0, 324.0, 363.0
0, 517, 3, 296.0, 325.0, 364.0
0, 518, 5, 296.0, 323.0, 366.0
0, 519, 3, 296.0, 324.0, 367.0
0, 520, 3, 296.0, 324.0, 367.0
0, 521, 1, 296.0, 323.0, 368.0
0, 522, 6, 296.0, 325.0, 369.0
0, 523, 7, 296.0, 323.0, 370.0
0, 524, 5, 296.0, 326.0, 371.0
0, 525, 2, 296.0, 325.0, 375.0
0, 526, 4, 296.0, 328.0, 381.0
0, 527, 0, 296.0, 331.0, 384.0
0, 528, 8, 296.0, 332.0, 396.0
3, 529, 7, 297.0, 313.0, -1
5, 530, 0, 298.0, 312.0, -1
4, 531, 4, 299.0, 314.0, -1
6, 532, 8, 300.0, 315.0, -1
7, 533, 0, 301.0, 318.0, -1
8, 534, 3, 302.0, 317.0, -1
10, 535, 8, 304.0, 319.0, -1
9, 536, 4, 304.0, 322.0, -1
11, 537, 5, 306.0, 323.0, -1
12, 538, 2, 306.0, 324.0, -1
13, 539, 8, 308.0, 323.0, -1
14, 540, 4, 309.0, 325.0, -1
15, 541, 5, 309.0, 326.0, -1
16, 542, 0, 310.0, 326.0, -1
17, 543, 1, 312.0, 327.0, -1
0, 544, 6, 319.0, 340.0, 371.0
0, 545, 7, 319.0, 341.0, 372.0
0, 546, 0, 319.0, 341.0, 374.0
0, 547, 8, 319.0, 341.0, 376.0
0, 548, 1, 320.0, 340.0, 369.0
0, 549, 0, 320.0, 341.0, 371.0
0, 550, 8, 320.0, 342.0, 374.0
0, 551, 4, 320.0, 345.0, 379.0
0, 552, 7, 321.0, 341.0, 370.0
0, 553, 6, 321.0, 341.0, 372.0
0, 554, 1, 322.0, 342.0, 371.0
0, 555, 2, 322.0, 344.0, 374.0
0, 556, 2, 322.0, 343.0, 378.0
0, 557, 7, 323.0, 342.0, 372.0
0, 558, 5, 323.0, 344.0, 376.0
18, 559, 1, 324.0, 339.0, -1
0, 560, 1, 324.0, 344.0, 369.0
0, 561, 4, 324.0, 342.0, 370.0
0, 562, 3, 324.0, 343.0, 371.0
0, 563, 3, 324.0, 342.0, 375.0
0, 564, 5, 324.0, 344.0, 375.0
20, 565, 3, 325.0, 341.0, -1
0, 566, 6, 325.0, 342.0, 369.0
0, 567, 3, 325.0, 343.0, 374.0
0, 568, 2, 325.0, 344.0, 376.0
19, 569, 1, 326.0, 341.0, -1
0, 570, 5, 328.0, 346.0, 379.0
0, 571, 4, 329.0, 347.0, 382.0
0, 572, 0, 332.0, 350.0, 376.0
0, 573, 8, 332.0, 350.0, 377.0
0, 574, 1, 340.0, 357.0, 382.0
0, 575, 6, 340.0, 356.0, 382.0
0, 576, 0, 341.0, 358.0, 381.0
0, 577, 6, 341.0, 358.0, 382.0
0, 578, 0, 341.0, 358.0, 383.0
0, 579, 7, 341.0, 358.0, 383.0
0, 580, 7, 341.0, 359.0, 384.0
0, 581, 6, 342.0, 359.0, 381.0
0, 582, 7, 342.0, 359.0, 382.0
0, 583, 8, 342.0, 360.0, 384.0
0, 584, 8, 342.0, 359.0, 385.0
0, 585, 3, 342.0, 360.0, 386.0
0, 586, 4, 342.0, 359.0, 387.0
0, 587, 1, 343.0, 360.0, 382.0
0, 588, 3, 343.0, 361.0, 385.0
0, 589, 2, 343.0, 361.0, 386.0
0, 590, 1, 344.0, 361.0, 384.0
0, 591, 2, 344.0, 363.0, 388.0
0, 592, 2, 344.0, 362.0, 389.0
0, 593, 3, 344.0, 363.0, 389.0
0, 594, 4, 345.0, 361.0, 384.0
0, 595, 5, 345.0, 363.0, 386.0
0, 596, 5, 345.0, 361.0, 388.0
0, 597, 5, 346.0, 362.0, 388.0
0, 598, 4, 347.0, 363.0, 386.0
0, 599, 8, 350.0, 364.0, 386.0
0, 600, 0, 350.0, 365.0, 387.0
0, 601, 6, 357.0, 372.0, 394.0
0, 602, 0, 358.0, 373.0, 393.0
0, 603, 6, 358.0, 373.0, 394.0
0, 604, 0, 358.0, 374.0, 395.0
0, 605, 1, 358.0, 372.0, 395.0
0, 606, 7, 358.0, 373.0, 396.0
0, 607, 7, 359.0, 374.0, 394.0
0, 608, 7, 359.0, 374.0, 394.0
0, 609, 8, 360.0, 377.0, 397.0
0, 610, 8, 360.0, 377.0, 397.0
0, 611, 1, 361.0, 377.0, 395.0
0, 612, 1, 361.0, 376.0, 396.0
0, 613, 3, 361.0, 377.0, 399.0
0, 614, 4, 361.0, 376.0, 400.0
0, 615, 5, 362.0, 378.0, 398.0
0, 616, 5, 363.0, 379.0, 398.0
0, 617, 4, 363.0, 378.0, 399.0
0, 618, 2, 363.0, 380.0, 399.0
0, 619, 2, 363.0, 378.0, 401.0
0, 620, 2, 363.0, 379.0, 401.0
0, 621, 3, 364.0, 380.0, 403.0
0, 622, 5, 366.0, 382.0, 403.0
0, 623, 0, 367.0, 380.0, 399.0
0, 624, 3, 367.0, 380.0, 401.0
0, 625, 4, 367.0, 380.0, 403.0
0, 626, 8, 368.0, 385.0, 406.0
0, 627, 6, 369.0, 381.0, 400.0
0, 628, 1, 372.0, 385.0, 404.0
0, 629, 6, 372.0, 385.0, 404.0
0, 630, 0, 373.0, 385.0, 404.0
0, 631, 7, 373.0, 385.0, 405.0
0, 632, 6, 373.0, 386.0, 405.0
0, 633, 7, 374.0, 387.0, 406.0
0, 634, 7, 374.0, 387.0, 406.0
0, 635, 0, 374.0, 387.0, 407.0
0, 636, 1, 376.0, 389.0, 407.0
0, 637, 8, 377.0, 390.0, 409.0
0, 638, 8, 377.0, 390.0, 409.0
0, 639, 1, 377.0, 391.0, 410.0
0, 640, 3, 377.0, 390.0, 410.0
0, 641, 4, 377.0, 391.0, 410.0
0, 642, 5, 378.0, 390.0, 411.0
0, 643, 4, 379.0, 392.0, 412.0
0, 644, 2, 379.0, 392.0, 412.0
0, 645, 5, 379.0, 391.0, 413.0
0, 646, 2, 379.0, 393.0, 414.0
0, 647, 3, 380.0, 394.0, 413.0
0, 648, 3, 380.0, 393.0, 413.0
0, 649, 2, 380.0, 394.0, 414.0
0, 650, 6, 381.0, 394.0, 411.0
0, 651, 4, 381.0, 394.0, 413.0
0, 652, 0, 381.0, 394.0, 413.0
0, 653, 5, 382.0, 395.0, 414.0
0, 654, 8, 386.0, 397.0, 414.0
0, 655, 0, 386.0, 398.0, 414.0
0, 656, 6, 386.0, 397.0, 415.0
0, 657, 7, 386.0, 397.0, 415.0
0, 658, 1, 386.0, 397.0, 415.0
0, 659, 6, 387.0, 399.0, 415.0
0, 660, 7, 388.0, 400.0, 415.0
0, 661, 7, 388.0, 400.0, 416.0
0, 662, 0, 388.0, 400.0, 416.0
0, 663, 1, 390.0, 402.0, 417.0
0, 664, 3, 391.0, 402.0, 418.0
0, 665, 5, 391.0, 402.0, 419.0
0, 666, 8, 391.0, 404.0, 420.0
0, 667, 8, 391.0, 404.0, 420.0
0, 668, 1, 392.0, 403.0, 418.0
0, 669, 5, 392.0, 404.0, 420.0
0, 670, 4, 392.0, 404.0, 424.0
0, 671, 4, 393.0, 406.0, 422.0
0, 672, 2, 393.0, 405.0, 422.0
0, 673, 3, 394.0, 406.0, 421.0
0, 674, 2, 394.0, 406.0, 423.0
0, 675, 0, 395.0, 407.0, 421.0
0, 676, 6, 395.0, 406.0, 421.0
0, 677, 3, 395.0, 407.0, 423.0
0, 678, 2, 395.0, 407.0, 425.0
0, 679, 4, 395.0, 408.0, 425.0
0, 680, 5, 396.0, 408.0, 424.0
0, 681, 1, 398.0, 407.0, 423.0
0, 682, 7, 398.0, 409.0, 424.0
0, 683, 8, 398.0, 410.0, 424.0
0, 684, 6, 398.0, 407.0, 424.0
0, 685, 0, 399.0, 408.0, 424.0
0, 686, 6, 400.0, 412.0, 426.0
0, 687, 7, 401.0, 410.0, 426.0
0, 688, 0, 401.0, 410.0, 426.0
0, 689, 7, 401.0, 413.0, 427.0
0, 690, 1, 403.0, 412.0, 428.0
0, 691, 3, 403.0, 412.0, 430.0
0, 692, 5, 403.0, 413.0, 431.0
0, 693, 1, 404.0, 415.0, 430.0
0, 694, 8, 405.0, 414.0, 430.0
0, 695, 4, 405.0, 414.0, 431.0
0, 696, 8, 405.0, 416.0, 432.0
0, 697, 5, 405.0, 415.0, 433.0
0, 698, 2, 406.0, 416.0, 433.0
0, 699, 6, 407.0, 416.0, 431.0
0, 700, 3, 407.0, 417.0, 433.0
0, 701, 4, 407.0, 417.0, 434.0
0, 702, 2, 407.0, 417.0, 436.0
0, 703, 0, 408.0, 417.0, 431.0
0, 704, 6, 408.0, 417.0, 432.0
0, 705, 1, 408.0, 417.0, 432.0
0, 706, 3, 408.0, 418.0, 434.0
0, 707, 2, 408.0, 418.0, 434.0
0, 708, 0, 409.0, 418.0, 433.0
0, 709, 4, 409.0, 418.0, 434.0
0, 710, 5, 409.0, 419.0, 435.0
0, 711, 7, 410.0, 419.0, 433.0
0, 712, 0, 411.0, 420.0, 434.0
0, 713, 7, 411.0, 420.0, 435.0
0, 714, 8, 411.0, 421.0, 436.0
0, 715, 6, 413.0, 423.0, 437.0
0, 716, 1, 413.0, 422.0, 437.0
0, 717, 7, 413.0, 422.0, 437.0
0, 718, 3, 413.0, 422.0, 438.0
0, 719, 5, 414.0, 423.0, 439.0
0, 720, 8, 415.0, 424.0, 438.0
0, 721, 4, 415.0, 424.0, 439.0
0, 722, 1, 416.0, 425.0, 438.0
0, 723, 5, 416.0, 425.0, 441.0
0, 724, 2, 417.0, 426.0, 440.0
0, 725, 6, 417.0, 427.0, 440.0
0, 726, 8, 417.0, 427.0, 441.0
0, 727, 3, 417.0, 426.0, 441.0
0, 728, 0, 418.0, 427.0, 439.0
0, 729, 1, 418.0, 427.0, 440.0
0, 730, 6, 418.0, 428.0, 441.0
0, 731, 4, 418.0, 427.0, 442.0
0, 732, 2, 418.0, 428.0, 443.0
0, 733, 0, 419.0, 428.0, 441.0
0, 734, 4, 419.0, 429.0, 442.0
0, 735, 3, 419.0, 428.0, 443.0
0, 736, 2, 419.0, 428.0, 443.0
0, 737, 7, 420.0, 429.0, 441.0
0, 738, 5, 420.0, 429.0, 445.0
0, 739, 7, 421.0, 431.0, 443.0
0, 740, 0, 421.0, 430.0, 443.0
0, 741, 8, 422.0, 432.0, 444.0
0, 742, 7, 423.0, 432.0, 444.0
0, 743, 1, 423.0, 432.0, 445.0
0, 744, 3, 423.0, 433.0, 446.0
0, 745, 6, 424.0, 435.0, 446.0
0, 746, 5, 424.0, 433.0, 448.0
0, 747, 4, 425.0, 435.0, 447.0
0, 748, 8, 425.0, 434.0, 447.0
0, 749, 1, 426.0, 435.0, 447.0
0, 750, 5, 426.0, 435.0, 449.0
0, 751, 2, 427.0, 436.0, 448.0
0, 752, 3, 427.0, 436.0, 449.0
0, 753, 8, 428.0, 437.0, 448.0
0, 754, 1, 428.0, 437.0, 449.0
0, 755, 4, 428.0, 437.0, 449.0
0, 756, 2, 428.0, 438.0, 449.0
0, 757, 0, 428.0, 437.0, 450.0
0, 758, 6, 428.0, 438.0, 450.0
0, 759, 0, 429.0, 438.0, 449.0
0, 760, 4, 429.0, 438.0, 450.0
0, 761, 6, 429.0, 439.0, 450.0
0, 762, 3, 429.0, 438.0, 450.0
0, 763, 2, 429.0, 439.0, 451.0
0, 764, 7, 430.0, 437.0, 450.0
0, 765, 5, 430.0, 439.0, 451.0
0, 766, 7, 431.0, 440.0, 450.0
0, 767, 0, 431.0, 440.0, 451.0
0, 768, 8, 433.0, 439.0, 452.0
0, 769, 7, 433.0, 442.0, 452.0
0, 770, 1, 433.0, 440.0, 453.0
0, 771, 3, 433.0, 440.0, 454.0
0, 772, 5, 434.0, 443.0, 455.0
0, 773, 8, 435.0, 443.0, 455.0
0, 774, 1, 436.0, 443.0, 455.0
0, 775, 4, 436.0, 442.0, 456.0
0, 776, 6, 436.0, 443.0, 456.0
0, 777, 5, 436.0, 446.0, 457.0
0, 778, 7, 437.0, 444.0, 455.0
0, 779, 2, 437.0, 444.0, 457.0
0, 780, 3, 437.0, 444.0, 457.0
0, 781, 1, 438.0, 445.0, 456.0
0, 782, 0, 438.0, 444.0, 456.0
0, 783, 8, 438.0, 445.0, 457.0
0, 784, 4, 438.0, 444.0, 458.0
0, 785, 2, 438.0, 445.0, 458.0
0, 786, 0, 439.0, 446.0, 457.0
0, 787, 6, 439.0, 446.0, 457.0
0, 788, 2, 439.0, 446.0, 458.0
0, 789, 3, 439.0, 445.0, 458.0
0, 790, 4, 439.0, 446.0, 459.0
0, 791, 6, 440.0, 447.0, 458.0
0, 792, 8, 440.0, 448.0, 459.0
0, 793, 5, 440.0, 447.0, 459.0
0, 794, 0, 441.0, 447.0, 458.0
0, 795, 7, 441.0, 448.0, 458.0
0, 796, 1, 441.0, 448.0, 459.0
0, 797, 3, 441.0, 448.0, 461.0
0, 798, 6, 443.0, 450.0, 461.0
0, 799, 1, 443.0, 450.0, 461.0
0, 800, 7, 443.0, 450.0, 462.0
0, 801, 4, 443.0, 450.0, 462.0
0, 802, 8, 444.0, 451.0, 462.0
0, 803, 5, 444.0, 451.0, 462.0
0, 804, 2, 444.0, 451.0, 462.0
0, 805, 0, 445.0, 451.0, 462.0
0, 806, 1, 445.0, 452.0, 463.0
0, 807, 7, 445.0, 452.0, 463.0
0, 808, 3, 445.0, 452.0, 463.0
0, 809, 4, 445.0, 452.0, 463.0
0, 810, 2, 445.0, 452.0, 463.0
0, 811, 0, 446.0, 453.0, 462.0
0, 812, 2, 446.0, 453.0, 463.0
0, 813, 3, 446.0, 452.0, 463.0
0, 814, 8, 446.0, 453.0, 464.0
0, 815, 4, 446.0, 453.0, 465.0
0, 816, 6, 447.0, 454.0, 463.0
0, 817, 5, 447.0, 453.0, 464.0
0, 818, 0, 448.0, 454.0, 463.0
0, 819, 7, 448.0, 455.0, 464.0
0, 820, 1, 448.0, 455.0, 464.0
0, 821, 8, 448.0, 455.0, 464.0
0, 822, 6, 448.0, 455.0, 465.0
0, 823, 5, 448.0, 455.0, 465.0
0, 824, 3, 449.0, 456.0, 466.0
0, 825, 1, 450.0, 457.0, 466.0
0, 826, 7, 451.0, 457.0, 467.0
0, 827, 4, 451.0, 458.0, 467.0
0, 828, 5, 451.0, 458.0, 467.0
0, 829, 6, 451.0, 458.0, 468.0
0, 830, 0, 452.0, 458.0, 466.0
0, 831, 2, 452.0, 459.0, 467.0
0, 832, 8, 452.0, 459.0, 467.0
0, 833, 8, 453.0, 459.0, 468.0
0, 834, 0, 453.0, 460.0, 468.0
0, 835, 7, 453.0, 460.0, 468.0
0, 836, 4, 453.0, 460.0, 469.0
0, 837, 1, 453.0, 460.0, 469.0
0, 838, 3, 453.0, 460.0, 469.0
0, 839, 4, 453.0, 460.0, 469.0
0, 840, 3, 453.0, 460.0, 469.0
0, 841, 2, 453.0, 460.0, 469.0
0, 842, 2, 454.0, 461.0, 469.0
0, 843, 5, 454.0, 461.0, 469.0
0, 844, 0, 455.0, 462.0, 470.0
0, 845, 6, 455.0, 462.0, 470.0
0, 846, 8, 455.0, 462.0, 470.0
0, 847, 1, 456.0, 463.0, 470.0
0, 848, 7, 456.0, 462.0, 471.0
0, 849, 6, 456.0, 463.0, 471.0
0, 850, 5, 456.0, 462.0, 471.0
0, 851, 3, 456.0, 463.0, 471.0
0, 852, 1, 457.0, 464.0, 472.0
0, 853, 7, 458.0, 465.0, 472.0
0, 854, 4, 458.0, 465.0, 474.0
0, 855, 0, 459.0, 465.0, 473.0
0, 856, 5, 459.0, 465.0, 473.0
0, 857, 2, 459.0, 466.0, 473.0
0, 858, 6, 459.0, 466.0, 474.0
0, 859, 8, 459.0, 466.0, 474.0
0, 860, 8, 460.0, 467.0, 474.0
0, 861, 4, 460.0, 467.0, 475.0
0, 862, 0, 461.0, 468.0, 475.0
0, 863, 1, 461.0, 468.0, 475.0
0, 864, 2, 461.0, 468.0, 475.0
0, 865, 3, 461.0, 468.0, 475.0
0, 866, 7, 461.0, 468.0, 475.0
0, 867, 2, 461.0, 468.0, 475.0
0, 868, 3, 461.0, 468.0, 475.0
0, 869, 4, 461.0, 468.0, 475.0
0, 870, 5, 461.0, 468.0, 476.0
0, 871, 7, 463.0, 469.0, 476.0
0, 872, 1, 463.0, 469.0, 476.0
0, 873, 0, 463.0, 469.0, 476.0
0, 874, 6, 463.0, 469.0, 476.0
0, 875, 8, 463.0, 470.0, 476.0
0, 876, 3, 463.0, 470.0, 477.0
0, 877, 5, 463.0, 470.0, 477.0
0, 878, 6, 464.0, 470.0, 477.0
0, 879, 7, 465.0, 471.0, 477.0
0, 880, 1, 465.0, 472.0, 478.0
0, 881, 4, 465.0, 472.0, 479.0
0, 882, 0, 466.0, 472.0, 479.0
0, 883, 2, 466.0, 469.0, 480.0
0, 884, 5, 466.0, 473.0, 481.0
0, 885, 6, 467.0, 474.0, 480.0
0, 886, 8, 467.0, 474.0, 480.0
0, 887, 4, 467.0, 474.0, 480.0
0, 888, 8, 468.0, 474.0, 480.0
0, 889, 0, 468.0, 474.0, 480.0
0, 890, 3, 468.0, 471.0, 481.0
0, 891, 7, 468.0, 475.0, 481.0
0, 892, 5, 468.0, 474.0, 481.0
0, 893, 1, 469.0, 473.0, 482.0
0, 894, 4, 469.0, 476.0, 482.0
0, 895, 3, 469.0, 472.0, 483.0
0, 896, 2, 469.0, 476.0, 483.0
0, 897, 2, 469.0, 476.0, 483.0
0, 898, 2, 469.0, 472.0, 483.0
0, 899, 0, 470.0, 476.0, 481.0
0, 900, 1, 470.0, 473.0, 482.0
0, 901, 6, 470.0, 477.0, 482.0
0, 902, 7, 470.0, 477.0, 483.0
0, 903, 3, 470.0, 473.0, 483.0
0, 904, 5, 470.0, 477.0, 483.0
0, 905, 6, 471.0, 478.0, 483.0
0, 906, 8, 471.0, 478.0, 483.0
0, 907, 3, 471.0, 474.0, 484.0
0, 908, 1, 472.0, 475.0, 484.0
0, 909, 7, 472.0, 475.0, 484.0
0, 910, 5, 473.0, 476.0, 485.0
0, 911, 0, 473.0, 480.0, 485.0
0, 912, 4, 473.0, 476.0, 485.0
0, 913, 1, 473.0, 476.0, 485.0
0, 914, 2, 473.0, 476.0, 485.0
0, 915, 3, 473.0, 476.0, 485.0
0, 916, 6, 474.0, 477.0, 485.0
0, 917, 4, 474.0, 477.0, 486.0
0, 918, 1, 474.0, 477.0, 486.0
0, 919, 3, 474.0, 477.0, 486.0
0, 920, 7, 475.0, 478.0, 486.0
0, 921, 8, 475.0, 478.0, 486.0
0, 922, 0, 475.0, 478.0, 486.0
0, 923, 8, 475.0, 478.0, 487.0
0, 924, 1, 475.0, 478.0, 487.0
0, 925, 5, 475.0, 479.0, 487.0
0, 926, 3, 475.0, 478.0, 488.0
0, 927, 7, 476.0, 479.0, 487.0
0, 928, 4, 476.0, 479.0, 488.0
0, 929, 1, 476.0, 479.0, 488.0
0, 930, 6, 477.0, 480.0, 488.0
0, 931, 7, 477.0, 480.0, 488.0
0, 932, 2, 477.0, 480.0, 489.0
0, 933, 3, 477.0, 481.0, 489.0
0, 934, 0, 477.0, 481.0, 489.0
0, 935, 4, 477.0, 480.0, 489.0
0, 936, 2, 477.0, 481.0, 489.0
0, 937, 5, 477.0, 481.0, 489.0
0, 938, 3, 477.0, 481.0, 489.0
0, 939, 2, 477.0, 481.0, 489.0
0, 940, 5, 477.0, 481.0, 490.0
0, 941, 4, 478.0, 481.0, 489.0
0, 942, 7, 478.0, 481.0, 489.0
0, 943, 1, 478.0, 481.0, 489.0
0, 944, 6, 478.0, 482.0, 490.0
0, 945, 0, 479.0, 482.0, 489.0
0, 946, 5, 479.0, 482.0, 490.0
0, 947, 8, 479.0, 482.0, 490.0
0, 948, 4, 479.0, 482.0, 490.0
0, 949, 1, 479.0, 482.0, 490.0
0, 950, 8, 479.0, 483.0, 490.0
0, 951, 1, 479.0, 482.0, 490.0
0, 952, 8, 479.0, 483.0, 491.0
0, 953, 6, 479.0, 483.0, 491.0
0, 954, 3, 479.0, 483.0, 491.0
0, 955, 0, 480.0, 483.0, 490.0
0, 956, 7, 480.0, 483.0, 490.0
0, 957, 3, 481.0, 484.0, 491.0
0, 958, 2, 481.0, 484.0, 491.0
0, 959, 4, 481.0, 484.0, 492.0
0, 960, 0, 481.0, 484.0, 492.0
0, 961, 6, 481.0, 485.0, 492.0
0, 962, 7, 481.0, 485.0, 492.0
0, 963, 4, 481.0, 484.0, 493.0
0, 964, 2, 481.0, 485.0, 493.0
0, 965, 2, 481.0, 486.0, 493.0
0, 966, 0, 482.0, 485.0, 492.0
0, 967, 5, 482.0, 485.0, 492.0
0, 968, 5, 482.0, 485.0, 493.0
0, 969, 7, 482.0, 486.0, 493.0
0, 970, 1, 483.0, 486.0, 493.0
0, 971, 5, 483.0, 486.0, 493.0
0, 972, 8, 483.0, 486.0, 493.0
0, 973, 1, 483.0, 486.0, 494.0
0, 974, 4, 483.0, 486.0, 494.0
0, 975, 0, 484.0, 487.0, 493.0
0, 976, 0, 484.0, 487.0, 493.0
0, 977, 3, 484.0, 488.0, 494.0
0, 978, 8, 484.0, 487.0, 494.0
0, 979, 7, 484.0, 488.0, 494.0
0, 980, 1, 484.0, 488.0, 494.0
0, 981, 6, 484.0, 487.0, 494.0
0, 982, 6, 484.0, 488.0, 494.0
0, 983, 3, 484.0, 488.0, 494.0
0, 984, 8, 484.0, 488.0, 494.0
0, 985, 3, 484.0, 488.0, 495.0
0, 986, 0, 485.0, 488.0, 494.0
0, 987, 5, 485.0, 488.0, 494.0
0, 988, 7, 485.0, 488.0, 494.0
0, 989, 6, 485.0, 488.0, 494.0
0, 990, 2, 485.0, 488.0, 494.0
0, 991, 4, 485.0, 488.0, 495.0
0, 992, 4, 485.0, 488.0, 495.0
0, 993, 1, 486.0, 489.0, 495.0
0, 994, 2, 486.0, 489.0, 495.0
0, 995, 7, 486.0, 489.0, 495.0
0, 996, 2, 486.0, 489.0, 495.0
0, 997, 5, 486.0, 489.0, 495.0
0, 998, 1, 487.0, 490.0, 495.0
0, 999, 5, 487.0, 490.0, 495.0
0, 1000, 8, 487.0, 490.0, 496.0
0, 1001, 4, 487.0, 490.0, 496.0
0, 1002, 6, 488.0, 491.0, 496.0
0, 1003, 3, 488.0, 491.0, 496.0
0, 1004, 0, 488.0, 491.0, 496.0
0, 1005, 3, 488.0, 491.0, 496.0
0, 1006, 8, 488.0, 491.0, 496.0
0, 1007, 5, 488.0, 491.0, 496.0
0, 1008, 1, 488.0, 491.0, 496.0
0, 1009, 0, 488.0, 491.0, 497.0
0, 1010, 6, 488.0, 491.0, 497.0
0, 1011, 3, 488.0, 491.0, 497.0
0, 1012, 8, 488.0, 492.0, 497.0
0, 1013, 1, 489.0, 492.0, 497.0
0, 1014, 0, 489.0, 492.0, 497.0
0, 1015, 7, 489.0, 492.0, 497.0
0, 1016, 4, 489.0, 492.0, 497.0
0, 1017, 6, 489.0, 492.0, 497.0
0, 1018, 7, 489.0, 492.0, 497.0
0, 1019, 2, 489.0, 492.0, 497.0
0, 1020, 2, 489.0, 492.0, 497.0
0, 1021, 4, 489.0, 492.0, 497.0
0, 1022, 7, 490.0, 493.0, 498.0
0, 1023, 1, 490.0, 493.0, 498.0
0, 1024, 5, 490.0, 493.0, 498.0
0, 1025, 2, 490.0, 493.0, 498.0
0, 1026, 5, 490.0, 493.0, 498.0
0, 1027, 0, 491.0, 494.0, 498.0
0, 1028, 4, 491.0, 494.0, 498.0
0, 1029, 3, 491.0, 494.0, 499.0
0, 1030, 6, 491.0, 494.0, 499.0
0, 1031, 8, 491.0, 494.0, 499.0
0, 1032, 0, 492.0, 495.0, 499.0
0, 1033, 0, 492.0, 495.0, 499.0
0, 1034, 8, 492.0, 495.0, 499.0
0, 1035, 8, 492.0, 495.0, 499.0
0, 1036, 5, 492.0, 495.0, 499.0
0, 1037, 1, 492.0, 495.0, 499.0
0, 1038, 3, 492.0, 495.0, 500.0
0, 1039, 1, 492.0, 495.0, 500.0
0, 1040, 3, 492.0, 495.0, 500.0
0, 1041, 6, 492.0, 495.0, 500.0
0, 1042, 7, 493.0, 496.0, 500.0
0, 1043, 2, 493.0, 496.0, 500.0
0, 1044, 5, 493.0, 496.0, 500.0
0, 1045, 7, 493.0, 496.0, 500.0
0, 1046, 7, 493.0, 496.0, 500.0
0, 1047, 4, 493.0, 496.0, 500.0
0, 1048, 2, 493.0, 496.0, 500.0
0, 1049, 2, 493.0, 496.0, 500.0
0, 1050, 6, 493.0, 496.0, 500.0
0, 1051, 4, 493.0, 497.0, 501.0
0, 1052, 3, 494.0, 497.0, 500.0
0, 1053, 1, 494.0, 497.0, 500.0
0, 1054, 0, 494.0, 497.0, 501.0
0, 1055, 5, 494.0, 497.0, 501.0
0, 1056, 4, 494.0, 497.0, 501.0
0, 1057, 1, 495.0, 498.0, 501.0
0, 1058, 0, 495.0, 498.0, 501.0
0, 1059, 0, 495.0, 498.0, 501.0
0, 1060, 3, 495.0, 498.0, 501.0
0, 1061, 3, 495.0, 498.0, 501.0
0, 1062, 1, 495.0, 498.0, 501.0
0, 1063, 6, 495.0, 498.0, 501.0
0, 1064, 5, 495.0, 498.0, 501.0
0, 1065, 8, 495.0, 498.0, 501.0
0, 1066, 6, 496.0, 499.0, 502.0
0, 1067, 2, 496.0, 499.0, 502.0
0, 1068, 2, 496.0, 499.0, 502.0
0, 1069, 2, 496.0, 499.0, 502.0
0, 1070, 5, 496.0, 499.0, 502.0
0, 1071, 8, 496.0, 499.0, 502.0
0, 1072, 7, 496.0, 499.0, 502.0
0, 1073, 8, 496.0, 499.0, 502.0
0, 1074, 7, 496.0, 499.0, 503.0
0, 1075, 7, 496.0, 499.0, 503.0
0, 1076, 0, 497.0, 500.0, 502.0
0, 1077, 5, 497.0, 500.0, 503.0
0, 1078, 1, 497.0, 500.0, 503.0
0, 1079, 3, 497.0, 500.0, 503.0
0, 1080, 6, 497.0, 500.0, 503.0
0, 1081, 4, 497.0, 500.0, 503.0
0, 1082, 4, 497.0, 500.0, 503.0
0, 1083, 5, 498.0, 501.0, 503.0
0, 1084, 3, 498.0, 501.0, 503.0
0, 1085, 8, 498.0, 501.0, 503.0
0, 1086, 0, 498.0, 501.0, 503.0
0, 1087, 0, 498.0, 501.0, 503.0
0, 1088, 1, 498.0, 501.0, 503.0
0, 1089, 4, 498.0, 501.0, 503.0
0, 1090, 6, 498.0, 501.0, 503.0
0, 1091, 3, 498.0, 501.0, 504.0
0, 1092, 1, 498.0, 501.0, 504.0
0, 1093, 2, 499.0, 502.0, 504.0
0, 1094, 6, 499.0, 502.0, 504.0
0, 1095, 5, 499.0, 502.0, 504.0
0, 1096, 2, 499.0, 502.0, 504.0
0, 1097, 2, 499.0, 502.0, 504.0
0, 1098, 4, 500.0, 503.0, 504.0
0, 1099, 4, 500.0, 503.0, 504.0
0, 1100, 5, 500.0, 503.0, 504.0
0, 1101, 7, 500.0, 503.0, 504.0
0, 1102, 7, 500.0, 503.0, 504.0
0, 1103, 8, 500.0, 502.0, 505.0
0, 1104, 7, 500.0, 503.0, 505.0
0, 1105, 8, 500.0, 504.0, 506.0
0, 1106, 1, 501.0, 504.0, 505.0
0, 1107, 1, 501.0, 503.0, 505.0
0, 1108, 1, 501.0, 503.0, 505.0
0, 1109, 3, 501.0, 503.0, 505.0
0, 1110, 3, 501.0, 504.0, 505.0
0, 1111, 0, 501.0, 503.0, 505.0
0, 1112, 4, 501.0, 503.0, 505.0
0, 1113, 3, 501.0, 504.0, 505.0
0, 1114, 0, 501.0, 503.0, 505.0
0, 1115, 0, 501.0, 503.0, 505.0
0, 1116, 6, 502.0, 505.0, 505.0
0, 1117, 6, 502.0, 505.0, 506.0
0, 1118, 2, 502.0, 505.0, 506.0
0, 1119, 2, 502.0, 505.0, 506.0
