0, 0, 4, 6.0, 50.0, -1
0, 1, 4, 6.0, 50.0, -1
0, 2, 4, 6.0, 50.0, -1
0, 3, 3, 6.0, 50.0, -1
0, 4, 4, 6.0, 50.0, -1
0, 5, 3, 6.0, 51.0, -1
0, 6, 4, 6.0, 52.0, -1
0, 7, 4, 6.0, 52.0, -1
0, 8, 4, 6.0, 52.0, -1
0, 9, 4, 6.0, 53.0, -1
0, 10, 3, 6.0, 54.0, -1
0, 11, 3, 6.0, 54.0, -1
0, 12, 3, 6.0, 54.0, -1
0, 13, 3, 6.0, 56.0, -1
0, 14, 3, 6.0, 58.0, -1
0, 15, 3, 6.0, 58.0, -1
0, 16, 3, 6.0, 58.0, -1
0, 17, 3, 6.0, 62.0, -1
0, 18, 0, 7.0, 48.0, -1
0, 19, 0, 7.0, 49.0, -1
0, 20, 1, 7.0, 49.0, -1
0, 21, 1, 7.0, 49.0, -1
0, 22, 1, 7.0, 49.0, -1
0, 23, 5, 7.0, 49.0, -1
0, 24, 7, 7.0, 50.0, -1
0, 25, 5, 7.0, 50.0, -1
0, 26, 1, 7.0, 50.0, -1
0, 27, 7, 7.0, 50.0, -1
0, 28, 8, 7.0, 50.0, -1
0, 29, 1, 7.0, 50.0, -1
0, 30, 2, 7.0, 50.0, -1
0, 31, 7, 7.0, 50.0, -1
0, 32, 7, 7.0, 50.0, -1
0, 33, 2, 7.0, 51.0, -1
0, 34, 1, 7.0, 51.0, -1
0, 35, 6, 7.0, 51.0, -1
0, 36, 0, 7.0, 51.0, -1
0, 37, 0, 7.0, 51.0, -1
0, 38, 7, 7.0, 51.0, -1
0, 39, 8, 7.0, 51.0, -1
0, 40, 8, 7.0, 51.0, -1
0, 41, 8, 7.0, 51.0, -1
0, 42, 1, 7.0, 51.0, -1
0, 43, 6, 7.0, 51.0, -1
0, 44, 0, 7.0, 51.0, -1
0, 45, 5, 7.0, 52.0, -1
0, 46, 1, 7.0, 52.0, -1
0, 47, 2, 7.0, 52.0, -1
0, 48, 1, 7.0, 52.0, -1
0, 49, 6, 7.0, 52.0, -1
0, 50, 2, 7.0, 52.0, -1
0, 51, 2, 7.0, 52.0, -1
0, 52, 0, 7.0, 52.0, -1
0, 53, 5, 7.0, 52.0, -1
0, 54, 0, 7.0, 52.0, -1
0, 55, 7, 7.0, 52.0, -1
0, 56, 5, 7.0, 52.0, -1
0, 57, 5, 7.0, 52.0, -1
0, 58, 1, 7.0, 52.0, -1
0, 59, 8, 7.0, 52.0, -1
0, 60, 6, 7.0, 52.0, -1
0, 61, 6, 7.0, 52.0, -1
0, 62, 6, 7.0, 53.0, -1
0, 63, 8, 7.0, 53.0, -1
0, 64, 6, 7.0, 53.0, -1
0, 65, 5, 7.0, 53.0, -1
0, 66, 5, 7.0, 53.0, -1
0, 67, 2, 7.0, 53.0, -1
0, 68, 2, 7.0, 53.0, -1
0, 69, 0, 7.0, 53.0, -1
0, 70, 8, 7.0, 53.0, -1
0, 71, 4, 7.0, 53.0, -1
0, 72, 8, 7.0, 53.0, -1
0, 73, 5, 7.0, 53.0, -1
0, 74, 8, 7.0, 53.0, -1
0, 75, 7, 7.0, 53.0, -1
0, 76, 5, 7.0, 53.0, -1
0, 77, 7, 7.0, 53.0, -1
0, 78, 7, 7.0, 54.0, -1
0, 79, 6, 7.0, 54.0, -1
0, 80, 8, 7.0, 54.0, -1
0, 81, 2, 7.0, 54.0, -1
0, 82, 6, 7.0, 54.0, -1
0, 83, 7, 7.0, 54.0, -1
0, 84, 2, 7.0, 54.0, -1
0, 85, 6, 7.0, 55.0, -1
0, 86, 2, 7.0, 55.0, -1
0, 87, 0, 7.0, 60.0, -1
0, 88, 0, 7.0, 62.0, -1
0, 89, 0, 48.0, 90.0, -1
0, 90, 1, 49.0, 91.0, -1
0, 91, 1, 49.0, 93.0, -1
0, 92, 0, 49.0, 94.0, -1
0, 93, 1, 49.0, 95.0, -1
0, 94, 5, 49.0, 96.0, -1
0, 95, 3, 50.0, 92.0, -1
0, 96, 1, 50.0, 92.0, -1
0, 97, 4, 50.0, 94.0, -1
0, 98, 7, 50.0, 94.0, -1
0, 99, 8, 50.0, 95.0, -1
0, 100, 4, 50.0, 95.0, -1
0, 101, 4, 50.0, 95.0, -1
0, 102, 1, 50.0, 96.0, -1
0, 103, 2, 50.0, 96.0, -1
0, 104, 7, 50.0, 96.0, -1
0, 105, 5, 50.0, 96.0, -1
0, 106, 0, 51.0, 94.0, -1
0, 107, 3, 51.0, 94.0, -1
0, 108, 1, 51.0, 94.0, -1
0, 109, 2, 51.0, 95.0, -1
0, 110, 7, 51.0, 95.0, -1
0, 111, 4, 51.0, 95.0, -1
0, 112, 0, 51.0, 96.0, -1
0, 113, 8, 51.0, 96.0, -1
0, 114, 7, 51.0, 96.0, -1
0, 115, 6, 51.0, 97.0, -1
0, 116, 8, 51.0, 97.0, -1
0, 117, 7, 51.0, 97.0, -1
0, 118, 8, 51.0, 98.0, -1
0, 119, 1, 51.0, 98.0, -1
0, 120, 0, 52.0, 94.0, -1
0, 121, 1, 52.0, 94.0, -1
0, 122, 0, 52.0, 95.0, -1
0, 123, 4, 52.0, 95.0, -1
0, 124, 5, 52.0, 96.0, -1
0, 125, 4, 52.0, 96.0, -1
0, 126, 2, 52.0, 96.0, -1
0, 127, 5, 52.0, 96.0, -1
0, 128, 1, 52.0, 96.0, -1
0, 129, 6, 52.0, 97.0, -1
0, 130, 7, 52.0, 97.0, -1
0, 131, 6, 52.0, 97.0, -1
0, 132, 8, 52.0, 97.0, -1
0, 133, 5, 52.0, 97.0, -1
0, 134, 4, 52.0, 97.0, -1
0, 135, 2, 52.0, 98.0, -1
0, 136, 5, 52.0, 98.0, -1
0, 137, 2, 52.0, 98.0, -1
0, 138, 6, 52.0, 98.0, -1
0, 139, 0, 52.0, 99.0, -1
0, 140, 1, 52.0, 99.0, -1
0, 141, 6, 52.0, 100.0, -1
0, 142, 4, 53.0, 97.0, -1
0, 143, 4, 53.0, 97.0, -1
0, 144, 0, 53.0, 97.0, -1
0, 145, 6, 53.0, 97.0, -1
0, 146, 5, 53.0, 97.0, -1
0, 147, 2, 53.0, 97.0, -1
0, 148, 8, 53.0, 97.0, -1
0, 149, 6, 53.0, 97.0, -1
0, 150, 8, 53.0, 98.0, -1
0, 151, 8, 53.0, 98.0, -1
0, 152, 5, 53.0, 99.0, -1
0, 153, 2, 53.0, 99.0, -1
0, 154, 5, 53.0, 99.0, -1
0, 155, 8, 53.0, 102.0, -1
0, 156, 3, 54.0, 97.0, -1
0, 157, 2, 54.0, 98.0, -1
0, 158, 7, 54.0, 98.0, -1
0, 159, 7, 54.0, 99.0, -1
0, 160, 2, 54.0, 100.0, -1
0, 161, 5, 54.0, 100.0, -1
0, 162, 6, 54.0, 100.0, -1
0, 163, 6, 54.0, 100.0, -1
0, 164, 7, 54.0, 101.0, -1
0, 165, 7, 54.0, 101.0, -1
0, 166, 8, 54.0, 102.0, -1
0, 167, 3, 55.0, 97.0, -1
0, 168, 3, 55.0, 99.0, -1
0, 169, 6, 55.0, 102.0, -1
0, 170, 2, 55.0, 104.0, -1
0, 171, 3, 57.0, 107.0, -1
0, 172, 3, 59.0, 109.0, -1
0, 173, 3, 59.0, 109.0, -1
0, 174, 3, 59.0, 111.0, -1
0, 175, 0, 61.0, 104.0, -1
0, 176, 0, 63.0, 111.0, -1
0, 177, 3, 63.0, 114.0, -1
0, 178, 0, 91.0, 172.0, -1
0, 179, 1, 92.0, 132.0, -1
0, 180, 3, 93.0, 134.0, -1
0, 181, 1, 93.0, 139.0, -1
0, 182, 1, 94.0, 137.0, -1
0, 183, 0, 94.0, 143.0, -1
0, 184, 1, 95.0, 137.0, -1
0, 185, 3, 95.0, 137.0, -1
0, 186, 4, 95.0, 138.0, -1
0, 187, 1, 95.0, 139.0, -1
0, 188, 2, 95.0, 139.0, -1
0, 189, 7, 95.0, 140.0, -1
0, 190, 0, 95.0, 151.0, -1
0, 191, 0, 95.0, 172.0, -1
0, 192, 1, 96.0, 139.0, -1
0, 193, 1, 96.0, 140.0, -1
0, 194, 4, 96.0, 140.0, -1
0, 195, 7, 96.0, 140.0, -1
0, 196, 4, 96.0, 140.0, -1
0, 197, 8, 96.0, 140.0, -1
0, 198, 5, 96.0, 141.0, -1
0, 199, 4, 96.0, 141.0, -1
0, 200, 4, 96.0, 141.0, -1
0, 201, 2, 96.0, 141.0, -1
0, 202, 0, 96.0, 163.0, -1
0, 203, 0, 96.0, 176.0, -1
0, 204, 1, 97.0, 138.0, -1
0, 205, 4, 97.0, 140.0, -1
0, 206, 7, 97.0, 140.0, -1
0, 207, 5, 97.0, 141.0, -1
0, 208, 5, 97.0, 141.0, -1
0, 209, 8, 97.0, 142.0, -1
0, 210, 7, 97.0, 142.0, -1
0, 211, 5, 97.0, 143.0, -1
0, 212, 2, 97.0, 144.0, -1
0, 213, 6, 97.0, 145.0, -1
0, 214, 3, 98.0, 139.0, -1
0, 215, 3, 98.0, 139.0, -1
0, 216, 5, 98.0, 141.0, -1
0, 217, 2, 98.0, 141.0, -1
0, 218, 4, 98.0, 141.0, -1
0, 219, 6, 98.0, 141.0, -1
0, 220, 5, 98.0, 142.0, -1
0, 221, 4, 98.0, 142.0, -1
0, 222, 2, 98.0, 142.0, -1
0, 223, 4, 98.0, 143.0, -1
0, 224, 7, 98.0, 143.0, -1
0, 225, 7, 98.0, 143.0, -1
0, 226, 6, 98.0, 143.0, -1
0, 227, 6, 98.0, 144.0, -1
0, 228, 8, 98.0, 144.0, -1
0, 229, 8, 98.0, 144.0, -1
0, 230, 6, 98.0, 144.0, -1
0, 231, 8, 98.0, 146.0, -1
0, 232, 0, 98.0, 174.0, -1
0, 233, 1, 99.0, 142.0, -1
0, 234, 8, 99.0, 142.0, -1
0, 235, 2, 99.0, 142.0, -1
0, 236, 7, 99.0, 143.0, -1
0, 237, 5, 99.0, 143.0, -1
0, 238, 8, 99.0, 143.0, -1
0, 239, 7, 99.0, 143.0, -1
0, 240, 8, 99.0, 144.0, -1
0, 241, 6, 99.0, 144.0, -1
0, 242, 2, 99.0, 145.0, -1
0, 243, 5, 99.0, 145.0, -1
0, 244, 1, 100.0, 141.0, -1
0, 245, 0, 100.0, 142.0, -1
0, 246, 3, 100.0, 142.0, -1
0, 247, 5, 100.0, 143.0, -1
0, 248, 2, 100.0, 144.0, -1
0, 249, 2, 100.0, 145.0, -1
0, 250, 6, 101.0, 144.0, -1
0, 251, 6, 101.0, 144.0, -1
0, 252, 7, 101.0, 145.0, -1
0, 253, 5, 101.0, 146.0, -1
0, 254, 6, 101.0, 148.0, -1
0, 255, 7, 102.0, 147.0, -1
0, 256, 8, 103.0, 148.0, -1
0, 257, 6, 103.0, 149.0, -1
0, 258, 8, 103.0, 150.0, -1
0, 259, 2, 104.0, 148.0, -1
0, 260, 0, 105.0, 150.0, -1
0, 261, 3, 108.0, 157.0, -1
0, 262, 3, 110.0, 159.0, -1
0, 263, 3, 110.0, 160.0, -1
0, 264, 0, 112.0, 156.0, -1
0, 265, 3, 112.0, 162.0, -1
0, 266, 3, 115.0, 167.0, -1
0, 267, 1, 133.0, 175.0, -1
0, 268, 3, 135.0, 179.0, -1
0, 269, 1, 137.0, 180.0, -1
0, 270, 1, 138.0, 179.0, -1
0, 271, 3, 138.0, 180.0, -1
0, 272, 1, 138.0, 181.0, -1
0, 273, 1, 139.0, 181.0, -1
0, 274, 4, 139.0, 183.0, -1
0, 275, 1, 139.0, 184.0, -1
0, 276, 3, 140.0, 181.0, -1
0, 277, 3, 140.0, 182.0, -1
0, 278, 1, 140.0, 183.0, -1
0, 279, 1, 140.0, 183.0, -1
0, 280, 2, 140.0, 188.0, -1
0, 281, 4, 141.0, 183.0, -1
0, 282, 5, 141.0, 184.0, -1
0, 283, 7, 141.0, 184.0, -1
0, 284, 4, 141.0, 184.0, -1
0, 285, 4, 141.0, 185.0, -1
0, 286, 4, 141.0, 185.0, -1
0, 287, 7, 141.0, 186.0, -1
0, 288, 7, 141.0, 187.0, -1
0, 289, 8, 141.0, 188.0, -1
0, 290, 2, 142.0, 185.0, -1
0, 291, 4, 142.0, 185.0, -1
0, 292, 1, 142.0, 185.0, -1
0, 293, 5, 142.0, 185.0, -1
0, 294, 4, 142.0, 185.0, -1
0, 295, 5, 142.0, 185.0, -1
0, 296, 0, 142.0, 185.0, -1
0, 297, 5, 142.0, 186.0, -1
0, 298, 8, 142.0, 187.0, -1
0, 299, 6, 142.0, 187.0, -1
0, 300, 2, 142.0, 188.0, -1
0, 301, 5, 142.0, 189.0, -1
0, 302, 2, 143.0, 186.0, -1
0, 303, 3, 143.0, 186.0, -1
0, 304, 0, 143.0, 187.0, -1
0, 305, 7, 143.0, 187.0, -1
0, 306, 2, 143.0, 187.0, -1
0, 307, 1, 143.0, 187.0, -1
0, 308, 4, 143.0, 187.0, -1
0, 309, 7, 143.0, 187.0, -1
0, 310, 4, 143.0, 188.0, -1
0, 311, 8, 143.0, 189.0, -1
0, 312, 5, 144.0, 187.0, -1
0, 313, 8, 144.0, 187.0, -1
0, 314, 6, 144.0, 188.0, -1
0, 315, 6, 144.0, 188.0, -1
0, 316, 7, 144.0, 188.0, -1
0, 317, 7, 144.0, 188.0, -1
0, 318, 7, 144.0, 188.0, -1
0, 319, 5, 144.0, 189.0, -1
0, 320, 8, 144.0, 189.0, -1
0, 321, 5, 144.0, 189.0, -1
0, 322, 6, 144.0, 192.0, -1
0, 323, 2, 145.0, 187.0, -1
0, 324, 2, 145.0, 188.0, -1
0, 325, 7, 145.0, 188.0, -1
0, 326, 8, 145.0, 188.0, -1
0, 327, 6, 145.0, 188.0, -1
0, 328, 8, 145.0, 189.0, -1
0, 329, 6, 145.0, 189.0, -1
0, 330, 2, 145.0, 190.0, -1
0, 331, 6, 145.0, 190.0, -1
0, 332, 6, 145.0, 191.0, -1
0, 333, 2, 146.0, 190.0, -1
0, 334, 5, 146.0, 192.0, -1
0, 335, 5, 147.0, 191.0, -1
0, 336, 7, 147.0, 192.0, -1
0, 337, 8, 147.0, 195.0, -1
0, 338, 8, 148.0, 191.0, -1
0, 339, 2, 148.0, 192.0, -1
0, 340, 6, 148.0, 194.0, -1
0, 341, 0, 150.0, 193.0, -1
0, 342, 8, 150.0, 196.0, -1
0, 343, 6, 150.0, 197.0, -1
0, 344, 0, 152.0, 193.0, -1
0, 345, 0, 157.0, 199.0, -1
0, 346, 3, 158.0, 207.0, -1
0, 347, 3, 159.0, 210.0, -1
0, 348, 3, 161.0, 213.0, -1
0, 349, 0, 163.0, 204.0, -1
0, 350, 3, 163.0, 215.0, -1
0, 351, 3, 168.0, 220.0, -1
0, 352, 0, 172.0, 216.0, -1
0, 353, 0, 173.0, 213.0, -1
0, 354, 0, 175.0, 219.0, -1
0, 355, 1, 176.0, 217.0, -1
0, 356, 0, 177.0, 220.0, -1
0, 357, 1, 179.0, 221.0, -1
0, 358, 3, 179.0, 221.0, -1
0, 359, 3, 181.0, 223.0, -1
0, 360, 1, 181.0, 224.0, -1
0, 361, 1, 181.0, 224.0, -1
0, 362, 1, 181.0, 225.0, -1
0, 363, 3, 182.0, 224.0, -1
0, 364, 3, 182.0, 224.0, -1
0, 365, 1, 183.0, 225.0, -1
0, 366, 4, 183.0, 227.0, -1
0, 367, 1, 183.0, 229.0, -1
0, 368, 4, 184.0, 227.0, -1
0, 369, 5, 184.0, 227.0, -1
0, 370, 4, 185.0, 227.0, -1
0, 371, 1, 185.0, 227.0, -1
0, 372, 1, 185.0, 228.0, -1
0, 373, 4, 185.0, 228.0, -1
0, 374, 5, 185.0, 228.0, -1
0, 375, 4, 185.0, 229.0, -1
0, 376, 4, 185.0, 229.0, -1
0, 377, 2, 185.0, 230.0, -1
0, 378, 7, 185.0, 230.0, -1
0, 379, 0, 186.0, 229.0, -1
0, 380, 5, 186.0, 231.0, -1
0, 381, 4, 186.0, 232.0, -1
0, 382, 0, 187.0, 229.0, -1
0, 383, 5, 187.0, 230.0, -1
0, 384, 2, 187.0, 230.0, -1
0, 385, 3, 187.0, 231.0, -1
0, 386, 5, 187.0, 231.0, -1
0, 387, 7, 187.0, 231.0, -1
0, 388, 7, 187.0, 232.0, -1
0, 389, 7, 187.0, 233.0, -1
0, 390, 2, 187.0, 234.0, -1
0, 391, 8, 187.0, 234.0, -1
0, 392, 1, 188.0, 230.0, -1
0, 393, 6, 188.0, 232.0, -1
0, 394, 2, 188.0, 232.0, -1
0, 395, 7, 188.0, 232.0, -1
0, 396, 2, 188.0, 232.0, -1
0, 397, 8, 188.0, 232.0, -1
0, 398, 4, 188.0, 233.0, -1
0, 399, 6, 188.0, 233.0, -1
0, 400, 6, 188.0, 233.0, -1
0, 401, 4, 188.0, 234.0, -1
0, 402, 7, 188.0, 234.0, -1
0, 403, 7, 188.0, 234.0, -1
0, 404, 2, 188.0, 234.0, -1
0, 405, 8, 188.0, 237.0, -1
0, 406, 8, 189.0, 230.0, -1
0, 407, 8, 189.0, 231.0, -1
0, 408, 5, 189.0, 232.0, -1
0, 409, 2, 189.0, 233.0, -1
0, 410, 7, 189.0, 233.0, -1
0, 411, 8, 189.0, 234.0, -1
0, 412, 5, 189.0, 234.0, -1
0, 413, 6, 189.0, 234.0, -1
0, 414, 7, 189.0, 235.0, -1
0, 415, 8, 190.0, 233.0, -1
0, 416, 2, 190.0, 234.0, -1
0, 417, 6, 190.0, 235.0, -1
0, 418, 5, 190.0, 235.0, -1
0, 419, 2, 190.0, 235.0, -1
0, 420, 5, 191.0, 237.0, -1
0, 421, 6, 191.0, 237.0, -1
0, 422, 6, 191.0, 237.0, -1
0, 423, 5, 192.0, 236.0, -1
0, 424, 2, 192.0, 236.0, -1
0, 425, 7, 192.0, 239.0, -1
0, 426, 8, 192.0, 241.0, -1
0, 427, 6, 193.0, 238.0, -1
0, 428, 0, 194.0, 236.0, -1
0, 429, 0, 194.0, 237.0, -1
0, 430, 6, 194.0, 238.0, -1
0, 431, 8, 195.0, 241.0, -1
0, 432, 8, 196.0, 241.0, -1
0, 433, 6, 197.0, 243.0, -1
0, 434, 0, 199.0, 242.0, -1
0, 435, 0, 205.0, 250.0, -1
0, 436, 3, 207.0, 255.0, -1
0, 437, 3, 210.0, 259.0, -1
0, 438, 3, 213.0, 263.0, -1
0, 439, 0, 214.0, 259.0, -1
0, 440, 3, 215.0, 264.0, -1
0, 441, 0, 216.0, 258.0, -1
0, 442, 1, 218.0, 260.0, -1
0, 443, 0, 219.0, 266.0, -1
0, 444, 0, 220.0, 263.0, -1
0, 445, 3, 220.0, 266.0, -1
0, 446, 1, 221.0, 263.0, -1
0, 447, 3, 222.0, 265.0, -1
0, 448, 1, 224.0, 267.0, -1
0, 449, 3, 224.0, 272.0, -1
0, 450, 3, 224.0, 272.0, -1
0, 451, 3, 224.0, 273.0, -1
0, 452, 1, 225.0, 268.0, -1
0, 453, 1, 225.0, 269.0, -1
0, 454, 1, 225.0, 269.0, -1
0, 455, 4, 227.0, 270.0, -1
0, 456, 4, 227.0, 271.0, -1
0, 457, 1, 228.0, 270.0, -1
0, 458, 5, 228.0, 272.0, -1
0, 459, 4, 228.0, 273.0, -1
0, 460, 5, 228.0, 273.0, -1
0, 461, 4, 228.0, 274.0, -1
0, 462, 1, 228.0, 274.0, -1
0, 463, 0, 229.0, 272.0, -1
0, 464, 1, 229.0, 273.0, -1
0, 465, 4, 229.0, 273.0, -1
0, 466, 0, 230.0, 273.0, -1
0, 467, 1, 230.0, 274.0, -1
0, 468, 4, 230.0, 274.0, -1
0, 469, 2, 230.0, 279.0, -1
0, 470, 8, 231.0, 274.0, -1
0, 471, 5, 231.0, 274.0, -1
0, 472, 5, 231.0, 274.0, -1
0, 473, 7, 231.0, 276.0, -1
0, 474, 8, 231.0, 277.0, -1
0, 475, 2, 231.0, 279.0, -1
0, 476, 3, 231.0, 282.0, -1
0, 477, 7, 232.0, 274.0, -1
0, 478, 5, 232.0, 277.0, -1
0, 479, 7, 232.0, 277.0, -1
0, 480, 2, 232.0, 277.0, -1
0, 481, 4, 232.0, 277.0, -1
0, 482, 7, 232.0, 278.0, -1
0, 483, 6, 232.0, 278.0, -1
0, 484, 6, 233.0, 275.0, -1
0, 485, 2, 233.0, 275.0, -1
0, 486, 8, 233.0, 275.0, -1
0, 487, 7, 233.0, 276.0, -1
0, 488, 2, 233.0, 277.0, -1
0, 489, 8, 233.0, 277.0, -1
0, 490, 7, 233.0, 278.0, -1
0, 491, 4, 233.0, 278.0, -1
0, 492, 5, 233.0, 278.0, -1
0, 493, 2, 234.0, 276.0, -1
0, 494, 6, 234.0, 276.0, -1
0, 495, 7, 234.0, 279.0, -1
0, 496, 4, 234.0, 279.0, -1
0, 497, 7, 234.0, 279.0, -1
0, 498, 8, 234.0, 279.0, -1
0, 499, 8, 234.0, 280.0, -1
0, 500, 3, 284.0, 287.0, 288.0
0, 501, 2, 284.0, 287.0, 288.0
0, 502, 8, 284.0, 287.0, 289.0
0, 503, 7, 284.0, 287.0, 290.0
0, 504, 7, 284.0, 288.0, 291.0
0, 505, 6, 284.0, 288.0, 291.0
0, 506, 6, 284.0, 288.0, 291.0
0, 507, 8, 284.0, 288.0, 292.0
0, 508, 8, 284.0, 288.0, 292.0
0, 509, 5, 284.0, 288.0, 292.0
0, 510, 1, 284.0, 289.0, 292.0
0, 511, 3, 284.0, 288.0, 292.0
0, 512, 4, 284.0, 289.0, 293.0
0, 513, 6, 284.0, 288.0, 293.0
0, 514, 2, 284.0, 289.0, 294.0
0, 515, 3, 284.0, 289.0, 295.0
0, 516, 6, 284.0, 289.0, 295.0
0, 517, 7, 284.0, 289.0, 296.0
0, 518, 1, 284.0, 289.0, 296.0
0, 519, 7, 284.0, 289.0, 296.0
0, 520, 6, 284.0, 289.0, 297.0
0, 521, 6, 284.0, 290.0, 297.0
0, 522, 3, 284.0, 290.0, 297.0
0, 523, 0, 284.0, 290.0, 297.0
0, 524, 5, 284.0, 290.0, 298.0
0, 525, 7, 284.0, 290.0, 298.0
0, 526, 6, 284.0, 290.0, 298.0
0, 527, 0, 284.0, 290.0, 298.0
0, 528, 2, 284.0, 293.0, 298.0
0, 529, 2, 284.0, 290.0, 298.0
0, 530, 0, 284.0, 290.0, 299.0
0, 531, 1, 284.0, 293.0, 299.0
0, 532, 8, 284.0, 293.0, 299.0
0, 533, 5, 284.0, 290.0, 299.0
0, 534, 4, 284.0, 293.0, 300.0
0, 535, 0, 284.0, 293.0, 300.0
0, 536, 8, 284.0, 293.0, 300.0
0, 537, 0, 284.0, 292.0, 301.0
0, 538, 5, 284.0, 294.0, 301.0
0, 539, 7, 284.0, 293.0, 302.0
0, 540, 4, 284.0, 293.0, 302.0
0, 541, 3, 284.0, 294.0, 303.0
0, 542, 3, 284.0, 293.0, 303.0
0, 543, 0, 284.0, 293.0, 304.0
0, 544, 4, 284.0, 294.0, 305.0
0, 545, 1, 284.0, 294.0, 305.0
0, 546, 7, 284.0, 295.0, 306.0
0, 547, 7, 284.0, 296.0, 307.0
0, 548, 1, 284.0, 296.0, 308.0
0, 549, 4, 284.0, 296.0, 310.0
0, 550, 4, 284.0, 297.0, 310.0
0, 551, 1, 284.0, 297.0, 311.0
0, 552, 2, 284.0, 297.0, 311.0
0, 553, 1, 284.0, 298.0, 312.0
0, 554, 8, 284.0, 295.0, 312.0
0, 555, 2, 284.0, 297.0, 312.0
0, 556, 8, 284.0, 296.0, 312.0
0, 557, 4, 284.0, 297.0, 313.0
0, 558, 6, 284.0, 298.0, 313.0
0, 559, 5, 284.0, 297.0, 313.0
0, 560, 7, 284.0, 298.0, 315.0
0, 561, 0, 284.0, 298.0, 315.0
0, 562, 3, 284.0, 298.0, 315.0
0, 563, 8, 284.0, 298.0, 315.0
0, 564, 8, 284.0, 299.0, 315.0
0, 565, 5, 284.0, 300.0, 316.0
0, 566, 1, 284.0, 298.0, 317.0
0, 567, 0, 284.0, 298.0, 317.0
0, 568, 4, 284.0, 300.0, 319.0
0, 569, 2, 284.0, 298.0, 319.0
0, 570, 1, 284.0, 299.0, 319.0
0, 571, 5, 284.0, 299.0, 319.0
0, 572, 3, 284.0, 303.0, 323.0
0, 573, 2, 284.0, 302.0, 325.0
0, 574, 2, 284.0, 302.0, 325.0
0, 575, 6, 284.0, 301.0, 326.0
0, 576, 3, 284.0, 303.0, 328.0
0, 577, 3, 284.0, 305.0, 335.0
0, 578, 0, 284.0, 306.0, 338.0
0, 579, 5, 284.0, 311.0, 348.0
0, 580, 5, 284.0, 310.0, 348.0
0, 581, 4, 284.0, 310.0, 349.0
0, 582, 5, 284.0, 312.0, 350.0
0, 583, 6, 284.0, 311.0, 350.0
0, 584, 7, 284.0, 314.0, 356.0
0, 585, 2, 284.0, 316.0, 359.0
0, 586, 0, 284.0, 315.0, 360.0
0, 587, 8, 284.0, 319.0, 374.0
0, 588, 1, 284.0, 322.0, 380.0
0, 589, 3, 289.0, 295.0, 302.0
0, 590, 2, 289.0, 300.0, 316.0
0, 591, 8, 290.0, 298.0, 306.0
0, 592, 7, 290.0, 301.0, 313.0
0, 593, 7, 292.0, 300.0, 307.0
0, 594, 8, 292.0, 300.0, 308.0
0, 595, 6, 292.0, 300.0, 311.0
0, 596, 6, 292.0, 304.0, 319.0
0, 597, 1, 293.0, 296.0, 297.0
0, 598, 3, 293.0, 296.0, 298.0
0, 599, 4, 293.0, 296.0, 299.0
0, 600, 8, 293.0, 297.0, 304.0
0, 601, 5, 293.0, 307.0, 323.0
0, 602, 6, 294.0, 297.0, 303.0
0, 603, 3, 295.0, 298.0, 307.0
0, 604, 2, 295.0, 308.0, 326.0
0, 605, 6, 296.0, 306.0, 318.0
0, 606, 7, 297.0, 301.0, 303.0
0, 607, 6, 297.0, 300.0, 306.0
0, 608, 1, 297.0, 300.0, 309.0
0, 609, 1, 297.0, 307.0, 319.0
0, 610, 7, 297.0, 310.0, 328.0
0, 611, 0, 298.0, 301.0, 310.0
0, 612, 5, 298.0, 306.0, 313.0
0, 613, 3, 298.0, 306.0, 313.0
0, 614, 6, 298.0, 306.0, 318.0
0, 615, 0, 299.0, 302.0, 307.0
0, 616, 2, 299.0, 302.0, 310.0
0, 617, 3, 299.0, 307.0, 313.0
0, 618, 0, 299.0, 308.0, 318.0
0, 619, 6, 299.0, 307.0, 318.0
0, 620, 7, 299.0, 315.0, 334.0
0, 621, 2, 299.0, 319.0, 348.0
0, 622, 5, 300.0, 303.0, 313.0
0, 623, 8, 300.0, 311.0, 323.0
0, 624, 4, 300.0, 315.0, 340.0
0, 625, 1, 300.0, 322.0, 352.0
0, 626, 4, 301.0, 304.0, 313.0
0, 627, 0, 301.0, 308.0, 317.0
0, 628, 0, 301.0, 308.0, 319.0
0, 629, 8, 301.0, 333.0, 374.0
0, 630, 5, 302.0, 310.0, 321.0
0, 631, 3, 302.0, 313.0, 325.0
0, 632, 7, 302.0, 313.0, 328.0
0, 633, 4, 303.0, 306.0, 311.0
0, 634, 3, 303.0, 323.0, 350.0
0, 635, 7, 304.0, 307.0, 310.0
0, 636, 3, 304.0, 308.0, 316.0
0, 637, 6, 304.0, 322.0, 348.0
0, 638, 0, 304.0, 327.0, 359.0
0, 639, 8, 305.0, 320.0, 340.0
0, 640, 1, 306.0, 313.0, 322.0
0, 641, 8, 306.0, 314.0, 322.0
0, 642, 7, 306.0, 322.0, 341.0
0, 643, 4, 306.0, 335.0, 384.0
0, 644, 7, 307.0, 317.0, 333.0
0, 645, 6, 307.0, 320.0, 339.0
0, 646, 0, 308.0, 311.0, 313.0
0, 647, 3, 308.0, 313.0, 318.0
0, 648, 7, 308.0, 321.0, 341.0
0, 649, 8, 309.0, 325.0, 348.0
0, 650, 1, 309.0, 327.0, 351.0
0, 651, 1, 310.0, 312.0, 315.0
0, 652, 0, 310.0, 320.0, 330.0
0, 653, 4, 311.0, 313.0, 315.0
0, 654, 4, 311.0, 314.0, 319.0
0, 655, 1, 311.0, 319.0, 331.0
0, 656, 7, 311.0, 321.0, 333.0
0, 657, 4, 311.0, 324.0, 342.0
0, 658, 2, 311.0, 327.0, 346.0
0, 659, 6, 312.0, 315.0, 319.0
0, 660, 2, 312.0, 322.0, 333.0
0, 661, 1, 312.0, 322.0, 337.0
0, 662, 8, 313.0, 316.0, 319.0
0, 663, 8, 313.0, 316.0, 323.0
0, 664, 4, 313.0, 320.0, 330.0
0, 665, 4, 313.0, 320.0, 330.0
0, 666, 2, 313.0, 321.0, 332.0
0, 667, 7, 313.0, 326.0, 341.0
0, 668, 6, 313.0, 326.0, 343.0
0, 669, 3, 314.0, 317.0, 321.0
0, 670, 5, 314.0, 317.0, 322.0
0, 671, 5, 314.0, 317.0, 322.0
0, 672, 5, 314.0, 318.0, 326.0
0, 673, 0, 314.0, 327.0, 343.0
0, 674, 3, 314.0, 333.0, 361.0
0, 675, 1, 315.0, 330.0, 349.0
0, 676, 8, 316.0, 319.0, 323.0
0, 677, 8, 316.0, 320.0, 323.0
0, 678, 0, 316.0, 319.0, 325.0
0, 679, 3, 316.0, 327.0, 340.0
0, 680, 7, 316.0, 331.0, 349.0
0, 681, 4, 316.0, 329.0, 350.0
0, 682, 3, 316.0, 350.0, 397.0
0, 683, 0, 317.0, 320.0, 321.0
0, 684, 5, 317.0, 330.0, 347.0
0, 685, 2, 317.0, 346.0, 387.0
0, 686, 0, 318.0, 325.0, 335.0
0, 687, 6, 318.0, 331.0, 343.0
0, 688, 1, 318.0, 345.0, 387.0
0, 689, 6, 319.0, 323.0, 330.0
0, 690, 3, 319.0, 324.0, 331.0
0, 691, 6, 319.0, 323.0, 332.0
0, 692, 8, 319.0, 327.0, 335.0
0, 693, 0, 319.0, 327.0, 338.0
0, 694, 0, 319.0, 332.0, 346.0
0, 695, 4, 319.0, 334.0, 358.0
0, 696, 6, 319.0, 336.0, 362.0
0, 697, 5, 320.0, 323.0, 326.0
0, 698, 2, 320.0, 327.0, 336.0
0, 699, 1, 320.0, 328.0, 337.0
0, 700, 4, 320.0, 330.0, 343.0
0, 701, 1, 320.0, 333.0, 353.0
0, 702, 6, 320.0, 342.0, 374.0
0, 703, 3, 322.0, 329.0, 335.0
0, 704, 0, 322.0, 329.0, 337.0
0, 705, 5, 322.0, 332.0, 346.0
0, 706, 1, 322.0, 339.0, 367.0
0, 707, 5, 323.0, 326.0, 328.0
0, 708, 5, 323.0, 326.0, 333.0
0, 709, 8, 323.0, 327.0, 334.0
0, 710, 8, 323.0, 331.0, 338.0
0, 711, 5, 323.0, 341.0, 365.0
0, 712, 8, 324.0, 328.0, 334.0
0, 713, 8, 324.0, 328.0, 336.0
0, 714, 8, 324.0, 334.0, 344.0
0, 715, 3, 324.0, 341.0, 362.0
0, 716, 3, 325.0, 334.0, 347.0
0, 717, 2, 325.0, 335.0, 348.0
0, 718, 0, 325.0, 337.0, 350.0
0, 719, 2, 326.0, 336.0, 347.0
0, 720, 5, 326.0, 346.0, 377.0
0, 721, 5, 327.0, 329.0, 332.0
0, 722, 2, 327.0, 330.0, 339.0
0, 723, 6, 327.0, 338.0, 350.0
0, 724, 7, 328.0, 345.0, 371.0
0, 725, 3, 329.0, 333.0, 337.0
0, 726, 7, 329.0, 343.0, 358.0
0, 727, 5, 329.0, 348.0, 375.0
0, 728, 6, 330.0, 334.0, 338.0
0, 729, 4, 331.0, 335.0, 338.0
0, 730, 0, 331.0, 334.0, 342.0
0, 731, 1, 331.0, 338.0, 343.0
0, 732, 3, 331.0, 335.0, 344.0
0, 733, 4, 331.0, 345.0, 360.0
0, 734, 2, 332.0, 335.0, 337.0
0, 735, 5, 332.0, 340.0, 348.0
0, 736, 6, 332.0, 346.0, 361.0
0, 737, 7, 333.0, 349.0, 369.0
0, 738, 2, 334.0, 337.0, 340.0
0, 739, 8, 334.0, 341.0, 346.0
0, 740, 7, 334.0, 342.0, 349.0
0, 741, 5, 334.0, 342.0, 354.0
0, 742, 7, 334.0, 347.0, 361.0
0, 743, 8, 334.0, 352.0, 380.0
0, 744, 3, 335.0, 338.0, 348.0
0, 745, 0, 335.0, 345.0, 358.0
0, 746, 3, 336.0, 344.0, 353.0
0, 747, 8, 336.0, 347.0, 358.0
0, 748, 2, 336.0, 346.0, 358.0
0, 749, 8, 336.0, 355.0, 378.0
0, 750, 1, 337.0, 345.0, 354.0
0, 751, 2, 337.0, 344.0, 354.0
0, 752, 1, 337.0, 350.0, 365.0
0, 753, 3, 337.0, 352.0, 370.0
0, 754, 8, 338.0, 346.0, 351.0
0, 755, 0, 338.0, 346.0, 356.0
0, 756, 0, 338.0, 348.0, 362.0
0, 757, 6, 338.0, 349.0, 363.0
0, 758, 4, 338.0, 354.0, 374.0
0, 759, 0, 339.0, 342.0, 350.0
0, 760, 2, 339.0, 357.0, 385.0
0, 761, 2, 340.0, 353.0, 371.0
0, 762, 6, 340.0, 363.0, 400.0
0, 763, 3, 340.0, 366.0, 401.0
0, 764, 4, 341.0, 344.0, 346.0
0, 765, 7, 341.0, 345.0, 349.0
0, 766, 8, 341.0, 349.0, 360.0
0, 767, 7, 341.0, 354.0, 370.0
0, 768, 0, 342.0, 364.0, 394.0
0, 769, 7, 342.0, 370.0, 414.0
0, 770, 4, 343.0, 346.0, 349.0
0, 771, 0, 343.0, 346.0, 350.0
0, 772, 6, 343.0, 347.0, 352.0
0, 773, 1, 343.0, 346.0, 353.0
0, 774, 4, 343.0, 353.0, 370.0
0, 775, 6, 344.0, 347.0, 350.0
0, 776, 3, 344.0, 352.0, 361.0
0, 777, 8, 345.0, 349.0, 353.0
0, 778, 4, 346.0, 354.0, 364.0
0, 779, 0, 346.0, 361.0, 381.0
0, 780, 2, 347.0, 350.0, 354.0
0, 781, 5, 347.0, 350.0, 355.0
0, 782, 8, 347.0, 351.0, 357.0
0, 783, 2, 347.0, 361.0, 377.0
0, 784, 2, 348.0, 351.0, 355.0
0, 785, 5, 348.0, 352.0, 358.0
0, 786, 2, 348.0, 352.0, 359.0
0, 787, 3, 348.0, 356.0, 367.0
0, 788, 3, 348.0, 357.0, 368.0
0, 789, 5, 348.0, 359.0, 375.0
0, 790, 5, 348.0, 364.0, 383.0
0, 791, 5, 348.0, 374.0, 410.0
0, 792, 7, 349.0, 353.0, 356.0
0, 793, 6, 349.0, 353.0, 358.0
0, 794, 7, 349.0, 357.0, 363.0
0, 795, 8, 349.0, 357.0, 363.0
0, 796, 4, 349.0, 360.0, 371.0
0, 797, 7, 349.0, 363.0, 382.0
0, 798, 6, 350.0, 354.0, 357.0
0, 799, 6, 350.0, 354.0, 359.0
0, 800, 4, 350.0, 354.0, 359.0
0, 801, 6, 350.0, 354.0, 361.0
0, 802, 1, 350.0, 353.0, 362.0
0, 803, 3, 350.0, 355.0, 362.0
0, 804, 4, 350.0, 360.0, 374.0
0, 805, 0, 350.0, 361.0, 377.0
0, 806, 0, 350.0, 361.0, 378.0
0, 807, 5, 350.0, 363.0, 378.0
0, 808, 1, 351.0, 358.0, 367.0
0, 809, 0, 351.0, 361.0, 375.0
0, 810, 1, 352.0, 355.0, 360.0
0, 811, 8, 352.0, 365.0, 383.0
0, 812, 6, 352.0, 378.0, 416.0
0, 813, 1, 353.0, 360.0, 372.0
0, 814, 3, 353.0, 373.0, 400.0
0, 815, 2, 354.0, 357.0, 361.0
0, 816, 8, 354.0, 362.0, 367.0
0, 817, 1, 354.0, 362.0, 369.0
0, 818, 5, 354.0, 362.0, 369.0
0, 819, 2, 354.0, 367.0, 386.0
0, 820, 1, 354.0, 379.0, 412.0
0, 821, 2, 355.0, 358.0, 369.0
0, 822, 5, 356.0, 359.0, 365.0
0, 823, 7, 356.0, 360.0, 366.0
0, 824, 7, 356.0, 364.0, 371.0
0, 825, 0, 356.0, 375.0, 402.0
0, 826, 8, 357.0, 369.0, 388.0
0, 827, 6, 358.0, 362.0, 370.0
0, 828, 4, 358.0, 365.0, 378.0
0, 829, 8, 358.0, 371.0, 386.0
0, 830, 6, 358.0, 371.0, 387.0
0, 831, 2, 358.0, 378.0, 409.0
0, 832, 7, 359.0, 363.0, 365.0
0, 833, 0, 359.0, 362.0, 366.0
0, 834, 2, 359.0, 362.0, 367.0
0, 835, 2, 359.0, 362.0, 367.0
0, 836, 5, 359.0, 362.0, 371.0
0, 837, 0, 359.0, 373.0, 389.0
0, 838, 6, 359.0, 373.0, 389.0
0, 839, 4, 359.0, 386.0, 422.0
0, 840, 1, 360.0, 364.0, 372.0
0, 841, 0, 360.0, 367.0, 378.0
0, 842, 8, 360.0, 372.0, 385.0
0, 843, 4, 360.0, 383.0, 413.0
0, 844, 3, 361.0, 365.0, 374.0
0, 845, 6, 361.0, 370.0, 381.0
0, 846, 7, 361.0, 372.0, 385.0
0, 847, 6, 361.0, 380.0, 405.0
0, 848, 2, 361.0, 386.0, 423.0
0, 849, 1, 362.0, 365.0, 370.0
0, 850, 3, 362.0, 366.0, 374.0
0, 851, 6, 362.0, 367.0, 376.0
0, 852, 3, 362.0, 376.0, 396.0
0, 853, 3, 362.0, 379.0, 401.0
0, 854, 7, 363.0, 367.0, 370.0
0, 855, 6, 363.0, 371.0, 378.0
0, 856, 0, 363.0, 371.0, 378.0
0, 857, 8, 363.0, 373.0, 387.0
0, 858, 4, 364.0, 387.0, 420.0
0, 859, 7, 365.0, 368.0, 371.0
0, 860, 1, 365.0, 369.0, 375.0
0, 861, 7, 366.0, 370.0, 375.0
0, 862, 5, 366.0, 370.0, 378.0
0, 863, 0, 366.0, 374.0, 384.0
0, 864, 5, 366.0, 380.0, 401.0
0, 865, 2, 367.0, 371.0, 374.0
0, 866, 1, 367.0, 370.0, 374.0
0, 867, 1, 367.0, 375.0, 386.0
0, 868, 2, 367.0, 378.0, 393.0
0, 869, 3, 367.0, 384.0, 410.0
0, 870, 8, 367.0, 385.0, 411.0
0, 871, 3, 368.0, 372.0, 382.0
0, 872, 7, 369.0, 372.0, 374.0
0, 873, 5, 369.0, 372.0, 375.0
0, 874, 1, 369.0, 373.0, 381.0
0, 875, 2, 369.0, 376.0, 384.0
0, 876, 4, 370.0, 373.0, 378.0
0, 877, 3, 370.0, 379.0, 391.0
0, 878, 7, 370.0, 382.0, 393.0
0, 879, 7, 370.0, 383.0, 396.0
0, 880, 6, 370.0, 388.0, 413.0
0, 881, 7, 371.0, 375.0, 379.0
0, 882, 1, 371.0, 374.0, 380.0
0, 883, 7, 371.0, 376.0, 381.0
0, 884, 2, 371.0, 378.0, 387.0
0, 885, 5, 371.0, 384.0, 402.0
0, 886, 7, 371.0, 393.0, 424.0
0, 887, 1, 372.0, 375.0, 379.0
0, 888, 4, 372.0, 383.0, 402.0
0, 889, 1, 372.0, 388.0, 410.0
0, 890, 1, 374.0, 377.0, 380.0
0, 891, 6, 374.0, 379.0, 382.0
0, 892, 8, 374.0, 378.0, 386.0
0, 893, 3, 374.0, 378.0, 386.0
0, 894, 7, 374.0, 382.0, 389.0
0, 895, 3, 374.0, 382.0, 389.0
0, 896, 4, 374.0, 382.0, 393.0
0, 897, 4, 374.0, 390.0, 408.0
0, 898, 2, 374.0, 387.0, 409.0
0, 899, 0, 375.0, 379.0, 380.0
0, 900, 1, 375.0, 378.0, 380.0
0, 901, 5, 375.0, 383.0, 395.0
0, 902, 7, 375.0, 387.0, 399.0
0, 903, 5, 375.0, 386.0, 399.0
0, 904, 8, 375.0, 387.0, 403.0
0, 905, 5, 375.0, 397.0, 427.0
0, 906, 6, 376.0, 390.0, 408.0
0, 907, 0, 377.0, 380.0, 383.0
0, 908, 2, 377.0, 393.0, 415.0
0, 909, 4, 378.0, 382.0, 387.0
0, 910, 0, 378.0, 382.0, 389.0
0, 911, 0, 378.0, 382.0, 389.0
0, 912, 8, 378.0, 382.0, 391.0
0, 913, 5, 378.0, 387.0, 394.0
0, 914, 5, 378.0, 389.0, 400.0
0, 915, 4, 378.0, 391.0, 409.0
0, 916, 6, 378.0, 401.0, 436.0
0, 917, 0, 379.0, 382.0, 386.0
0, 918, 7, 379.0, 382.0, 388.0
0, 919, 1, 379.0, 389.0, 402.0
0, 920, 5, 379.0, 399.0, 421.0
0, 921, 1, 380.0, 384.0, 392.0
0, 922, 1, 380.0, 388.0, 395.0
0, 923, 0, 380.0, 388.0, 399.0
0, 924, 8, 380.0, 391.0, 401.0
0, 925, 1, 380.0, 396.0, 420.0
0, 926, 0, 381.0, 384.0, 390.0
0, 927, 6, 381.0, 389.0, 397.0
0, 928, 1, 381.0, 389.0, 398.0
0, 929, 1, 381.0, 389.0, 401.0
0, 930, 7, 381.0, 392.0, 407.0
0, 931, 7, 382.0, 390.0, 397.0
0, 932, 6, 383.0, 387.0, 394.0
0, 933, 3, 383.0, 387.0, 395.0
0, 934, 8, 383.0, 394.0, 408.0
0, 935, 0, 383.0, 393.0, 419.0
0, 936, 2, 384.0, 387.0, 391.0
0, 937, 4, 384.0, 394.0, 409.0
0, 938, 5, 384.0, 395.0, 412.0
0, 939, 0, 384.0, 401.0, 478.0
0, 940, 2, 385.0, 388.0, 396.0
0, 941, 8, 385.0, 389.0, 398.0
0, 942, 7, 385.0, 399.0, 417.0
0, 943, 0, 386.0, 389.0, 390.0
0, 944, 8, 386.0, 390.0, 398.0
0, 945, 8, 386.0, 394.0, 399.0
0, 946, 1, 386.0, 399.0, 414.0
0, 947, 2, 386.0, 404.0, 431.0
0, 948, 2, 387.0, 390.0, 392.0
0, 949, 2, 387.0, 391.0, 395.0
0, 950, 3, 387.0, 395.0, 400.0
0, 951, 8, 387.0, 395.0, 405.0
0, 952, 1, 387.0, 397.0, 408.0
0, 953, 6, 387.0, 401.0, 420.0
0, 954, 4, 388.0, 391.0, 395.0
0, 955, 7, 388.0, 392.0, 397.0
0, 956, 8, 388.0, 396.0, 406.0
0, 957, 0, 389.0, 392.0, 397.0
0, 958, 3, 389.0, 400.0, 415.0
0, 959, 6, 389.0, 403.0, 423.0
0, 960, 0, 389.0, 399.0, 429.0
0, 961, 7, 389.0, 418.0, 447.0
0, 962, 0, 390.0, 394.0, 402.0
0, 963, 0, 390.0, 398.0, 417.0
0, 964, 0, 390.0, 475.0, 539.0
0, 965, 8, 391.0, 399.0, 407.0
0, 966, 2, 391.0, 399.0, 407.0
0, 967, 3, 391.0, 399.0, 407.0
0, 968, 1, 392.0, 409.0, 432.0
0, 969, 2, 392.0, 412.0, 440.0
0, 970, 7, 393.0, 397.0, 405.0
0, 971, 4, 393.0, 403.0, 419.0
0, 972, 2, 393.0, 408.0, 429.0
0, 973, 6, 394.0, 402.0, 407.0
0, 974, 5, 394.0, 402.0, 413.0
0, 975, 0, 394.0, 412.0, 473.0
0, 976, 2, 395.0, 398.0, 400.0
0, 977, 1, 395.0, 398.0, 403.0
0, 978, 5, 395.0, 398.0, 403.0
0, 979, 3, 395.0, 409.0, 426.0
0, 980, 4, 395.0, 411.0, 436.0
0, 981, 7, 396.0, 404.0, 412.0
0, 982, 3, 396.0, 405.0, 416.0
0, 983, 2, 396.0, 406.0, 418.0
0, 984, 3, 397.0, 405.0, 412.0
0, 985, 7, 397.0, 409.0, 423.0
0, 986, 6, 397.0, 417.0, 429.0
0, 987, 7, 397.0, 419.0, 437.0
0, 988, 0, 397.0, 417.0, 471.0
0, 989, 8, 398.0, 402.0, 407.0
0, 990, 8, 398.0, 406.0, 412.0
0, 991, 1, 398.0, 411.0, 428.0
0, 992, 7, 399.0, 403.0, 404.0
0, 993, 0, 399.0, 403.0, 428.0
0, 994, 5, 399.0, 416.0, 428.0
0, 995, 2, 400.0, 404.0, 411.0
0, 996, 8, 400.0, 408.0, 417.0
0, 997, 3, 400.0, 411.0, 422.0
0, 998, 5, 400.0, 410.0, 422.0
0, 999, 3, 400.0, 417.0, 431.0
0, 1000, 6, 400.0, 419.0, 444.0
0, 1001, 1, 401.0, 408.0, 413.0
0, 1002, 3, 401.0, 407.0, 414.0
0, 1003, 3, 401.0, 406.0, 415.0
0, 1004, 5, 401.0, 417.0, 431.0
0, 1005, 8, 401.0, 428.0, 451.0
0, 1006, 5, 402.0, 410.0, 419.0
0, 1007, 1, 402.0, 417.0, 424.0
0, 1008, 4, 402.0, 419.0, 444.0
0, 1009, 0, 402.0, 429.0, 463.0
0, 1010, 5, 403.0, 407.0, 412.0
0, 1011, 8, 403.0, 418.0, 428.0
0, 1012, 1, 403.0, 418.0, 429.0
0, 1013, 0, 403.0, 471.0, 514.0
0, 1014, 7, 404.0, 417.0, 432.0
0, 1015, 8, 405.0, 419.0, 436.0
0, 1016, 6, 405.0, 421.0, 440.0
0, 1017, 8, 406.0, 417.0, 420.0
0, 1018, 7, 406.0, 433.0, 454.0
0, 1019, 2, 407.0, 416.0, 417.0
0, 1020, 6, 407.0, 417.0, 424.0
0, 1021, 3, 407.0, 417.0, 427.0
0, 1022, 8, 407.0, 428.0, 444.0
0, 1023, 7, 407.0, 428.0, 446.0
0, 1024, 8, 407.0, 441.0, 478.0
0, 1025, 4, 408.0, 417.0, 421.0
0, 1026, 1, 408.0, 419.0, 429.0
0, 1027, 8, 408.0, 420.0, 432.0
0, 1028, 6, 408.0, 422.0, 439.0
0, 1029, 2, 409.0, 417.0, 422.0
0, 1030, 4, 409.0, 417.0, 422.0
0, 1031, 4, 409.0, 417.0, 424.0
0, 1032, 2, 409.0, 428.0, 441.0
0, 1033, 3, 410.0, 417.0, 425.0
0, 1034, 1, 410.0, 419.0, 427.0
0, 1035, 5, 410.0, 434.0, 466.0
0, 1036, 8, 411.0, 417.0, 419.0
0, 1037, 2, 411.0, 430.0, 451.0
0, 1038, 8, 412.0, 420.0, 426.0
0, 1039, 3, 412.0, 420.0, 426.0
0, 1040, 7, 412.0, 422.0, 432.0
0, 1041, 1, 412.0, 433.0, 449.0
0, 1042, 1, 413.0, 416.0, 420.0
0, 1043, 4, 413.0, 417.0, 422.0
0, 1044, 5, 413.0, 417.0, 424.0
0, 1045, 5, 413.0, 419.0, 426.0
0, 1046, 6, 413.0, 421.0, 426.0
0, 1047, 5, 413.0, 421.0, 429.0
0, 1048, 3, 414.0, 422.0, 434.0
0, 1049, 7, 414.0, 425.0, 438.0
0, 1050, 1, 414.0, 429.0, 442.0
0, 1051, 3, 415.0, 428.0, 435.0
0, 1052, 2, 415.0, 428.0, 440.0
0, 1053, 3, 415.0, 433.0, 451.0
0, 1054, 6, 416.0, 420.0, 426.0
0, 1055, 3, 416.0, 439.0, 461.0
0, 1056, 2, 417.0, 420.0, 424.0
0, 1057, 7, 417.0, 433.0, 449.0
0, 1058, 8, 418.0, 422.0, 430.0
0, 1059, 0, 418.0, 457.0, 479.0
0, 1060, 2, 419.0, 428.0, 437.0
0, 1061, 8, 420.0, 429.0, 438.0
0, 1062, 5, 420.0, 433.0, 447.0
0, 1063, 4, 420.0, 446.0, 482.0
0, 1064, 0, 420.0, 484.0, 512.0
0, 1065, 1, 421.0, 428.0, 430.0
0, 1066, 1, 421.0, 428.0, 435.0
0, 1067, 8, 421.0, 429.0, 440.0
0, 1068, 4, 421.0, 430.0, 441.0
0, 1069, 6, 421.0, 440.0, 463.0
0, 1070, 5, 422.0, 428.0, 434.0
0, 1071, 4, 422.0, 429.0, 436.0
0, 1072, 3, 423.0, 428.0, 431.0
0, 1073, 5, 423.0, 428.0, 433.0
0, 1074, 4, 423.0, 429.0, 436.0
0, 1075, 4, 423.0, 430.0, 438.0
0, 1076, 4, 423.0, 445.0, 469.0
0, 1077, 2, 423.0, 447.0, 483.0
0, 1078, 6, 424.0, 428.0, 433.0
0, 1079, 7, 424.0, 442.0, 458.0
0, 1080, 2, 424.0, 441.0, 462.0
0, 1081, 7, 425.0, 428.0, 434.0
0, 1082, 2, 425.0, 428.0, 435.0
0, 1083, 6, 425.0, 433.0, 438.0
0, 1084, 1, 425.0, 439.0, 449.0
0, 1085, 5, 425.0, 435.0, 449.0
0, 1086, 4, 425.0, 440.0, 455.0
0, 1087, 3, 426.0, 433.0, 439.0
0, 1088, 3, 427.0, 433.0, 434.0
0, 1089, 6, 427.0, 433.0, 439.0
0, 1090, 8, 427.0, 433.0, 440.0
0, 1091, 3, 427.0, 434.0, 442.0
0, 1092, 6, 427.0, 447.0, 474.0
0, 1093, 5, 427.0, 445.0, 474.0
0, 1094, 5, 428.0, 433.0, 441.0
0, 1095, 1, 428.0, 445.0, 469.0
0, 1096, 3, 428.0, 445.0, 470.0
0, 1097, 1, 429.0, 440.0, 449.0
0, 1098, 5, 429.0, 441.0, 459.0
0, 1099, 0, 429.0, 471.0, 476.0
