0, 0, 4, 9.0, 50.0, -1
0, 1, 4, 9.0, 51.0, -1
0, 2, 4, 9.0, 52.0, -1
0, 3, 4, 9.0, 53.0, -1
0, 4, 3, 9.0, 53.0, -1
0, 5, 4, 9.0, 53.0, -1
0, 6, 7, 9.0, 53.0, -1
0, 7, 4, 9.0, 54.0, -1
0, 8, 3, 9.0, 55.0, -1
0, 9, 3, 9.0, 55.0, -1
0, 10, 3, 9.0, 55.0, -1
0, 11, 3, 9.0, 55.0, -1
0, 12, 3, 9.0, 56.0, -1
0, 13, 3, 9.0, 56.0, -1
0, 14, 3, 9.0, 56.0, -1
0, 15, 3, 9.0, 56.0, -1
0, 16, 3, 9.0, 56.0, -1
1, 17, 6, 9.0, 51.0, -1
1, 18, 6, 9.0, 53.0, -1
1, 19, 6, 9.0, 53.0, -1
1, 20, 6, 9.0, 54.0, -1
1, 21, 6, 9.0, 54.0, -1
1, 22, 6, 9.0, 54.0, -1
1, 23, 6, 9.0, 54.0, -1
1, 24, 6, 9.0, 54.0, -1
1, 25, 6, 9.0, 55.0, -1
1, 26, 6, 9.0, 55.0, -1
0, 27, 7, 10.0, 53.0, -1
0, 28, 7, 10.0, 53.0, -1
0, 29, 7, 10.0, 53.0, -1
0, 30, 7, 10.0, 53.0, -1
0, 31, 1, 10.0, 53.0, -1
0, 32, 7, 10.0, 53.0, -1
0, 33, 1, 10.0, 54.0, -1
0, 34, 7, 10.0, 54.0, -1
0, 35, 1, 10.0, 55.0, -1
0, 36, 1, 10.0, 55.0, -1
0, 37, 1, 10.0, 55.0, -1
0, 38, 7, 10.0, 55.0, -1
0, 39, 1, 10.0, 55.0, -1
0, 40, 1, 10.0, 55.0, -1
0, 41, 7, 10.0, 55.0, -1
0, 42, 1, 10.0, 55.0, -1
0, 43, 1, 10.0, 56.0, -1
0, 44, 1, 10.0, 56.0, -1
0, 45, 7, 10.0, 57.0, -1
1, 46, 8, 10.0, 52.0, -1
1, 47, 0, 10.0, 52.0, -1
1, 48, 0, 10.0, 52.0, -1
1, 49, 2, 10.0, 53.0, -1
1, 50, 0, 10.0, 53.0, -1
1, 51, 2, 10.0, 53.0, -1
1, 52, 8, 10.0, 53.0, -1
1, 53, 5, 10.0, 53.0, -1
1, 54, 5, 10.0, 54.0, -1
1, 55, 0, 10.0, 54.0, -1
1, 56, 0, 10.0, 54.0, -1
1, 57, 5, 10.0, 54.0, -1
1, 58, 5, 10.0, 54.0, -1
1, 59, 5, 10.0, 54.0, -1
1, 60, 0, 10.0, 54.0, -1
1, 61, 0, 10.0, 54.0, -1
1, 62, 8, 10.0, 54.0, -1
1, 63, 2, 10.0, 54.0, -1
1, 64, 2, 10.0, 54.0, -1
1, 65, 8, 10.0, 54.0, -1
1, 66, 0, 10.0, 55.0, -1
1, 67, 5, 10.0, 55.0, -1
1, 68, 5, 10.0, 55.0, -1
1, 69, 2, 10.0, 55.0, -1
1, 70, 2, 10.0, 55.0, -1
1, 71, 0, 10.0, 55.0, -1
1, 72, 4, 10.0, 55.0, -1
1, 73, 8, 10.0, 55.0, -1
1, 74, 4, 10.0, 55.0, -1
1, 75, 2, 10.0, 55.0, -1
1, 76, 2, 10.0, 56.0, -1
1, 77, 8, 10.0, 56.0, -1
1, 78, 2, 10.0, 56.0, -1
1, 79, 4, 10.0, 56.0, -1
1, 80, 8, 10.0, 56.0, -1
1, 81, 8, 10.0, 56.0, -1
1, 82, 5, 10.0, 56.0, -1
1, 83, 8, 10.0, 57.0, -1
1, 84, 8, 10.0, 58.0, -1
0, 85, 4, 51.0, 95.0, -1
0, 86, 4, 51.0, 96.0, -1
0, 87, 6, 51.0, 97.0, -1
0, 88, 0, 52.0, 94.0, -1
0, 89, 0, 52.0, 97.0, -1
0, 90, 8, 52.0, 97.0, -1
0, 91, 0, 54.0, 96.0, -1
0, 92, 1, 54.0, 96.0, -1
0, 93, 7, 54.0, 96.0, -1
0, 94, 4, 54.0, 96.0, -1
0, 95, 4, 54.0, 96.0, -1
0, 96, 6, 54.0, 96.0, -1
0, 97, 5, 54.0, 97.0, -1
0, 98, 7, 54.0, 97.0, -1
0, 99, 3, 54.0, 97.0, -1
0, 100, 4, 54.0, 97.0, -1
0, 101, 7, 54.0, 98.0, -1
0, 102, 7, 54.0, 99.0, -1
0, 103, 8, 54.0, 99.0, -1
0, 104, 2, 54.0, 99.0, -1
0, 105, 7, 54.0, 99.0, -1
0, 106, 2, 54.0, 99.0, -1
0, 107, 5, 55.0, 96.0, -1
0, 108, 6, 55.0, 96.0, -1
0, 109, 0, 55.0, 96.0, -1
0, 110, 6, 55.0, 96.0, -1
0, 111, 7, 55.0, 96.0, -1
0, 112, 8, 55.0, 97.0, -1
0, 113, 6, 55.0, 97.0, -1
0, 114, 0, 55.0, 98.0, -1
0, 115, 0, 55.0, 98.0, -1
0, 116, 2, 55.0, 98.0, -1
0, 117, 2, 55.0, 98.0, -1
0, 118, 1, 55.0, 99.0, -1
0, 119, 5, 55.0, 99.0, -1
0, 120, 5, 55.0, 99.0, -1
0, 121, 4, 55.0, 99.0, -1
0, 122, 0, 55.0, 99.0, -1
0, 123, 7, 55.0, 99.0, -1
0, 124, 6, 55.0, 99.0, -1
0, 125, 5, 55.0, 100.0, -1
0, 126, 8, 55.0, 100.0, -1
0, 127, 6, 55.0, 101.0, -1
0, 128, 6, 55.0, 101.0, -1
0, 129, 1, 56.0, 97.0, -1
0, 130, 1, 56.0, 98.0, -1
0, 131, 1, 56.0, 98.0, -1
0, 132, 1, 56.0, 98.0, -1
0, 133, 8, 56.0, 99.0, -1
0, 134, 2, 56.0, 99.0, -1
0, 135, 7, 56.0, 99.0, -1
0, 136, 2, 56.0, 99.0, -1
0, 137, 1, 56.0, 99.0, -1
0, 138, 3, 56.0, 100.0, -1
0, 139, 3, 56.0, 100.0, -1
0, 140, 0, 56.0, 100.0, -1
0, 141, 5, 56.0, 100.0, -1
0, 142, 3, 56.0, 100.0, -1
0, 143, 4, 56.0, 100.0, -1
0, 144, 6, 56.0, 100.0, -1
0, 145, 6, 56.0, 100.0, -1
0, 146, 2, 56.0, 101.0, -1
0, 147, 7, 56.0, 101.0, -1
0, 148, 4, 56.0, 101.0, -1
0, 149, 0, 56.0, 101.0, -1
0, 150, 3, 56.0, 101.0, -1
0, 151, 5, 56.0, 102.0, -1
0, 152, 1, 56.0, 103.0, -1
0, 153, 3, 57.0, 100.0, -1
0, 154, 8, 57.0, 100.0, -1
0, 155, 8, 57.0, 100.0, -1
0, 156, 3, 57.0, 100.0, -1
0, 157, 8, 57.0, 101.0, -1
0, 158, 3, 57.0, 101.0, -1
0, 159, 4, 57.0, 101.0, -1
0, 160, 2, 57.0, 101.0, -1
0, 161, 5, 57.0, 101.0, -1
0, 162, 2, 57.0, 101.0, -1
0, 163, 3, 57.0, 102.0, -1
0, 164, 1, 57.0, 102.0, -1
0, 165, 1, 57.0, 103.0, -1
0, 166, 3, 57.0, 104.0, -1
0, 167, 8, 58.0, 100.0, -1
0, 168, 7, 58.0, 101.0, -1
0, 169, 8, 59.0, 102.0, -1
0, 170, 0, 95.0, 138.0, -1
0, 171, 4, 96.0, 139.0, -1
0, 172, 5, 96.0, 141.0, -1
0, 173, 0, 97.0, 137.0, -1
0, 174, 0, 97.0, 138.0, -1
0, 175, 4, 97.0, 140.0, -1
0, 176, 6, 97.0, 140.0, -1
0, 177, 7, 97.0, 140.0, -1
0, 178, 7, 97.0, 140.0, -1
0, 179, 0, 97.0, 140.0, -1
0, 180, 6, 97.0, 141.0, -1
0, 181, 4, 97.0, 141.0, -1
0, 182, 5, 97.0, 141.0, -1
0, 183, 4, 97.0, 141.0, -1
0, 184, 6, 97.0, 142.0, -1
0, 185, 1, 97.0, 142.0, -1
0, 186, 7, 98.0, 140.0, -1
0, 187, 3, 98.0, 141.0, -1
0, 188, 1, 98.0, 141.0, -1
0, 189, 6, 98.0, 141.0, -1
0, 190, 6, 98.0, 142.0, -1
0, 191, 4, 98.0, 143.0, -1
0, 192, 8, 98.0, 143.0, -1
0, 193, 1, 98.0, 143.0, -1
0, 194, 8, 98.0, 143.0, -1
0, 195, 1, 99.0, 140.0, -1
0, 196, 0, 99.0, 141.0, -1
0, 197, 0, 99.0, 141.0, -1
0, 198, 1, 99.0, 142.0, -1
0, 199, 2, 99.0, 143.0, -1
0, 200, 2, 99.0, 144.0, -1
0, 201, 7, 99.0, 147.0, -1
0, 202, 3, 100.0, 141.0, -1
0, 203, 6, 100.0, 142.0, -1
0, 204, 0, 100.0, 142.0, -1
0, 205, 3, 100.0, 142.0, -1
0, 206, 5, 100.0, 142.0, -1
0, 207, 7, 100.0, 142.0, -1
0, 208, 2, 100.0, 143.0, -1
0, 209, 1, 100.0, 143.0, -1
0, 210, 2, 100.0, 144.0, -1
0, 211, 4, 100.0, 144.0, -1
0, 212, 5, 100.0, 144.0, -1
0, 213, 8, 100.0, 144.0, -1
0, 214, 2, 100.0, 144.0, -1
0, 215, 8, 100.0, 144.0, -1
0, 216, 7, 100.0, 145.0, -1
0, 217, 2, 100.0, 145.0, -1
0, 218, 1, 100.0, 145.0, -1
0, 219, 7, 100.0, 146.0, -1
0, 220, 7, 100.0, 147.0, -1
0, 221, 5, 101.0, 142.0, -1
0, 222, 3, 101.0, 143.0, -1
0, 223, 8, 101.0, 144.0, -1
0, 224, 3, 101.0, 144.0, -1
0, 225, 4, 101.0, 144.0, -1
0, 226, 3, 101.0, 145.0, -1
0, 227, 3, 101.0, 145.0, -1
0, 228, 8, 101.0, 145.0, -1
0, 229, 8, 101.0, 145.0, -1
0, 230, 6, 101.0, 145.0, -1
0, 231, 8, 101.0, 146.0, -1
0, 232, 0, 101.0, 146.0, -1
0, 233, 6, 101.0, 146.0, -1
0, 234, 5, 101.0, 146.0, -1
0, 235, 8, 101.0, 146.0, -1
0, 236, 4, 101.0, 147.0, -1
0, 237, 7, 102.0, 144.0, -1
0, 238, 5, 102.0, 144.0, -1
0, 239, 8, 102.0, 144.0, -1
0, 240, 6, 102.0, 145.0, -1
0, 241, 0, 102.0, 145.0, -1
0, 242, 2, 102.0, 146.0, -1
0, 243, 2, 102.0, 147.0, -1
0, 244, 6, 102.0, 147.0, -1
0, 245, 4, 102.0, 147.0, -1
0, 246, 3, 102.0, 148.0, -1
0, 247, 2, 102.0, 148.0, -1
0, 248, 7, 102.0, 149.0, -1
0, 249, 3, 103.0, 146.0, -1
0, 250, 1, 103.0, 146.0, -1
0, 251, 1, 103.0, 148.0, -1
0, 252, 5, 103.0, 149.0, -1
0, 253, 1, 104.0, 147.0, -1
0, 254, 3, 105.0, 151.0, -1
0, 255, 0, 138.0, 181.0, -1
0, 256, 0, 138.0, 182.0, -1
0, 257, 0, 139.0, 181.0, -1
0, 258, 4, 140.0, 184.0, -1
0, 259, 4, 140.0, 184.0, -1
0, 260, 6, 141.0, 182.0, -1
0, 261, 0, 141.0, 183.0, -1
0, 262, 1, 141.0, 183.0, -1
0, 263, 3, 141.0, 186.0, -1
0, 264, 7, 141.0, 186.0, -1
0, 265, 7, 141.0, 187.0, -1
0, 266, 7, 141.0, 187.0, -1
0, 267, 1, 142.0, 184.0, -1
0, 268, 6, 142.0, 184.0, -1
0, 269, 5, 142.0, 185.0, -1
0, 270, 0, 142.0, 185.0, -1
0, 271, 5, 142.0, 185.0, -1
0, 272, 0, 142.0, 186.0, -1
0, 273, 0, 142.0, 186.0, -1
0, 274, 4, 142.0, 186.0, -1
0, 275, 6, 142.0, 186.0, -1
0, 276, 4, 142.0, 187.0, -1
0, 277, 6, 142.0, 187.0, -1
0, 278, 3, 142.0, 187.0, -1
0, 279, 6, 142.0, 191.0, -1
0, 280, 3, 143.0, 186.0, -1
0, 281, 3, 143.0, 186.0, -1
0, 282, 5, 143.0, 186.0, -1
0, 283, 1, 143.0, 188.0, -1
0, 284, 7, 143.0, 188.0, -1
0, 285, 5, 143.0, 189.0, -1
0, 286, 1, 143.0, 189.0, -1
0, 287, 6, 143.0, 190.0, -1
0, 288, 8, 144.0, 185.0, -1
0, 289, 8, 144.0, 187.0, -1
0, 290, 2, 144.0, 188.0, -1
0, 291, 1, 144.0, 188.0, -1
0, 292, 4, 144.0, 188.0, -1
0, 293, 1, 144.0, 188.0, -1
0, 294, 8, 144.0, 188.0, -1
0, 295, 7, 144.0, 189.0, -1
0, 296, 2, 144.0, 189.0, -1
0, 297, 2, 144.0, 189.0, -1
0, 298, 8, 145.0, 188.0, -1
0, 299, 2, 145.0, 188.0, -1
0, 300, 5, 145.0, 188.0, -1
0, 301, 8, 145.0, 188.0, -1
0, 302, 4, 145.0, 189.0, -1
0, 303, 2, 145.0, 189.0, -1
0, 304, 0, 145.0, 189.0, -1
0, 305, 2, 145.0, 189.0, -1
0, 306, 3, 145.0, 189.0, -1
0, 307, 7, 145.0, 190.0, -1
0, 308, 4, 145.0, 190.0, -1
0, 309, 8, 145.0, 190.0, -1
0, 310, 5, 145.0, 191.0, -1
0, 311, 6, 145.0, 191.0, -1
0, 312, 3, 145.0, 191.0, -1
0, 313, 3, 145.0, 191.0, -1
0, 314, 1, 146.0, 190.0, -1
0, 315, 8, 146.0, 190.0, -1
0, 316, 7, 146.0, 190.0, -1
0, 317, 3, 146.0, 191.0, -1
0, 318, 6, 146.0, 192.0, -1
0, 319, 8, 146.0, 194.0, -1
0, 320, 1, 147.0, 190.0, -1
0, 321, 4, 147.0, 191.0, -1
0, 322, 2, 147.0, 192.0, -1
0, 323, 6, 147.0, 192.0, -1
0, 324, 7, 147.0, 192.0, -1
0, 325, 0, 147.0, 192.0, -1
0, 326, 7, 147.0, 192.0, -1
0, 327, 8, 147.0, 193.0, -1
0, 328, 2, 147.0, 193.0, -1
0, 329, 5, 147.0, 193.0, -1
0, 330, 8, 147.0, 193.0, -1
0, 331, 3, 148.0, 193.0, -1
0, 332, 6, 148.0, 194.0, -1
0, 333, 1, 148.0, 195.0, -1
0, 334, 2, 148.0, 196.0, -1
0, 335, 4, 148.0, 197.0, -1
0, 336, 5, 149.0, 194.0, -1
0, 337, 1, 149.0, 194.0, -1
0, 338, 7, 149.0, 196.0, -1
0, 339, 3, 151.0, 195.0, -1
0, 340, 0, 181.0, 225.0, -1
0, 341, 0, 182.0, 224.0, -1
0, 342, 0, 182.0, 225.0, -1
0, 343, 6, 182.0, 228.0, -1
0, 344, 0, 183.0, 227.0, -1
0, 345, 1, 184.0, 225.0, -1
0, 346, 4, 184.0, 227.0, -1
0, 347, 4, 184.0, 228.0, -1
0, 348, 1, 184.0, 229.0, -1
1, 349, 8, 186.0, 227.0, -1
1, 350, 5, 186.0, 228.0, -1
1, 351, 5, 186.0, 230.0, -1
1, 352, 0, 186.0, 230.0, -1
1, 353, 4, 187.0, 229.0, -1
1, 354, 6, 187.0, 229.0, -1
1, 355, 3, 187.0, 229.0, -1
1, 356, 3, 187.0, 230.0, -1
1, 357, 0, 187.0, 230.0, -1
1, 358, 0, 187.0, 230.0, -1
1, 359, 6, 187.0, 231.0, -1
1, 360, 4, 187.0, 231.0, -1
1, 361, 3, 187.0, 232.0, -1
1, 362, 7, 187.0, 232.0, -1
1, 363, 5, 187.0, 232.0, -1
1, 364, 7, 187.0, 232.0, -1
1, 365, 6, 187.0, 233.0, -1
1, 366, 8, 188.0, 231.0, -1
1, 367, 3, 188.0, 231.0, -1
1, 368, 8, 188.0, 232.0, -1
1, 369, 7, 188.0, 233.0, -1
1, 370, 2, 188.0, 234.0, -1
1, 371, 1, 189.0, 231.0, -1
1, 372, 8, 189.0, 231.0, -1
1, 373, 7, 189.0, 232.0, -1
1, 374, 1, 189.0, 232.0, -1
1, 375, 7, 189.0, 233.0, -1
1, 376, 5, 189.0, 233.0, -1
1, 377, 4, 189.0, 233.0, -1
1, 378, 2, 189.0, 234.0, -1
1, 379, 1, 189.0, 234.0, -1
1, 380, 4, 189.0, 234.0, -1
1, 381, 5, 189.0, 235.0, -1
1, 382, 8, 189.0, 237.0, -1
1, 383, 0, 190.0, 233.0, -1
1, 384, 2, 190.0, 233.0, -1
1, 385, 2, 190.0, 234.0, -1
1, 386, 4, 190.0, 234.0, -1
1, 387, 2, 190.0, 234.0, -1
1, 388, 1, 190.0, 235.0, -1
1, 389, 3, 190.0, 235.0, -1
1, 390, 1, 190.0, 235.0, -1
1, 391, 2, 190.0, 235.0, -1
1, 392, 6, 190.0, 236.0, -1
1, 393, 7, 190.0, 237.0, -1
1, 394, 1, 191.0, 233.0, -1
1, 395, 6, 191.0, 236.0, -1
1, 396, 8, 191.0, 237.0, -1
1, 397, 7, 191.0, 237.0, -1
1, 398, 8, 191.0, 238.0, -1
1, 399, 2, 192.0, 235.0, -1
1, 400, 6, 192.0, 235.0, -1
1, 401, 3, 192.0, 235.0, -1
1, 402, 5, 192.0, 235.0, -1
1, 403, 3, 192.0, 236.0, -1
1, 404, 3, 192.0, 236.0, -1
1, 405, 6, 192.0, 237.0, -1
1, 406, 4, 192.0, 237.0, -1
1, 407, 0, 193.0, 233.0, -1
1, 408, 7, 193.0, 238.0, -1
1, 409, 6, 193.0, 240.0, -1
1, 410, 7, 193.0, 241.0, -1
1, 411, 8, 194.0, 237.0, -1
1, 412, 5, 194.0, 237.0, -1
1, 413, 5, 194.0, 238.0, -1
1, 414, 3, 194.0, 238.0, -1
1, 415, 2, 194.0, 238.0, -1
1, 416, 8, 194.0, 241.0, -1
1, 417, 1, 195.0, 235.0, -1
1, 418, 8, 195.0, 243.0, -1
1, 419, 6, 195.0, 244.0, -1
1, 420, 7, 196.0, 239.0, -1
1, 421, 1, 196.0, 241.0, -1
1, 422, 3, 196.0, 241.0, -1
1, 423, 4, 197.0, 246.0, -1
1, 424, 2, 197.0, 251.0, -1
1, 425, 0, 224.0, 268.0, -1
1, 426, 0, 225.0, 265.0, -1
1, 427, 0, 225.0, 267.0, -1
1, 428, 1, 225.0, 268.0, -1
1, 429, 0, 227.0, 270.0, -1
1, 430, 6, 228.0, 273.0, -1
1, 431, 4, 228.0, 274.0, -1
1, 432, 8, 228.0, 276.0, -1
1, 433, 1, 229.0, 273.0, -1
1, 434, 5, 229.0, 273.0, -1
1, 435, 4, 229.0, 274.0, -1
0, 436, 5, 230.0, 233.0, 240.0
0, 437, 3, 230.0, 237.0, 243.0
0, 438, 3, 230.0, 237.0, 250.0
0, 439, 0, 230.0, 242.0, 258.0
0, 440, 0, 230.0, 244.0, 265.0
0, 441, 4, 230.0, 257.0, 299.0
0, 442, 6, 230.0, 258.0, 302.0
0, 443, 4, 231.0, 234.0, 237.0
0, 444, 8, 231.0, 254.0, 289.0
0, 445, 1, 231.0, 256.0, 293.0
0, 446, 0, 231.0, 264.0, 318.0
0, 447, 6, 231.0, 266.0, 323.0
0, 448, 7, 232.0, 235.0, 239.0
0, 449, 5, 232.0, 238.0, 244.0
0, 450, 3, 232.0, 239.0, 247.0
0, 451, 7, 232.0, 239.0, 249.0
0, 452, 8, 232.0, 239.0, 252.0
0, 453, 3, 232.0, 242.0, 256.0
0, 454, 1, 232.0, 243.0, 259.0
0, 455, 7, 232.0, 247.0, 268.0
0, 456, 8, 232.0, 252.0, 280.0
0, 457, 1, 233.0, 240.0, 251.0
0, 458, 7, 233.0, 243.0, 254.0
0, 459, 5, 233.0, 243.0, 259.0
0, 460, 0, 233.0, 245.0, 264.0
0, 461, 2, 233.0, 269.0, 328.0
0, 462, 6, 234.0, 244.0, 257.0
0, 463, 4, 234.0, 246.0, 262.0
0, 464, 0, 234.0, 246.0, 265.0
0, 465, 1, 234.0, 246.0, 265.0
0, 466, 2, 234.0, 258.0, 291.0
0, 467, 4, 234.0, 257.0, 294.0
0, 468, 7, 234.0, 260.0, 304.0
0, 469, 2, 234.0, 265.0, 307.0
0, 470, 2, 234.0, 265.0, 317.0
0, 471, 2, 235.0, 239.0, 244.0
0, 472, 5, 235.0, 242.0, 251.0
0, 473, 2, 235.0, 246.0, 258.0
0, 474, 1, 235.0, 248.0, 263.0
0, 475, 6, 235.0, 248.0, 263.0
0, 476, 3, 235.0, 249.0, 269.0
0, 477, 1, 235.0, 252.0, 278.0
0, 478, 4, 235.0, 257.0, 293.0
0, 479, 3, 235.0, 276.0, 343.0
0, 480, 2, 235.0, 287.0, 377.0
0, 481, 1, 236.0, 239.0, 241.0
0, 482, 6, 236.0, 243.0, 250.0
0, 483, 5, 236.0, 253.0, 282.0
0, 484, 3, 236.0, 261.0, 297.0
0, 485, 6, 236.0, 268.0, 314.0
0, 486, 3, 236.0, 286.0, 364.0
0, 487, 8, 237.0, 240.0, 244.0
0, 488, 4, 237.0, 250.0, 267.0
0, 489, 8, 237.0, 250.0, 269.0
0, 490, 8, 237.0, 253.0, 277.0
0, 491, 6, 237.0, 255.0, 281.0
0, 492, 7, 237.0, 261.0, 294.0
0, 493, 5, 238.0, 241.0, 243.0
0, 494, 5, 238.0, 245.0, 251.0
0, 495, 3, 238.0, 245.0, 251.0
0, 496, 7, 238.0, 246.0, 253.0
0, 497, 7, 238.0, 248.0, 260.0
0, 498, 8, 238.0, 249.0, 261.0
0, 499, 2, 238.0, 251.0, 269.0
0, 500, 4, 238.0, 265.0, 304.0
0, 501, 7, 239.0, 268.0, 315.0
0, 502, 7, 240.0, 254.0, 271.0
0, 503, 8, 241.0, 244.0, 248.0
0, 504, 7, 241.0, 249.0, 259.0
0, 505, 1, 241.0, 249.0, 260.0
0, 506, 1, 241.0, 249.0, 260.0
0, 507, 5, 241.0, 251.0, 267.0
0, 508, 3, 241.0, 260.0, 287.0
0, 509, 6, 241.0, 270.0, 318.0
0, 510, 5, 243.0, 250.0, 264.0
0, 511, 3, 243.0, 263.0, 290.0
0, 512, 8, 243.0, 275.0, 325.0
0, 513, 5, 244.0, 247.0, 249.0
0, 514, 6, 244.0, 253.0, 265.0
0, 515, 8, 244.0, 260.0, 278.0
0, 516, 2, 245.0, 256.0, 267.0
0, 517, 4, 246.0, 265.0, 298.0
0, 518, 3, 247.0, 271.0, 310.0
0, 519, 5, 249.0, 256.0, 264.0
0, 520, 7, 249.0, 256.0, 266.0
0, 521, 8, 249.0, 269.0, 300.0
0, 522, 6, 250.0, 266.0, 290.0
0, 523, 1, 251.0, 258.0, 266.0
0, 524, 3, 251.0, 260.0, 274.0
0, 525, 5, 251.0, 270.0, 304.0
0, 526, 2, 251.0, 275.0, 309.0
0, 527, 3, 252.0, 263.0, 279.0
0, 528, 5, 252.0, 277.0, 317.0
0, 529, 7, 253.0, 257.0, 265.0
0, 530, 8, 253.0, 263.0, 273.0
0, 531, 7, 255.0, 282.0, 324.0
0, 532, 3, 256.0, 264.0, 276.0
0, 533, 6, 257.0, 322.0, 432.0
0, 534, 0, 258.0, 264.0, 272.0
0, 535, 2, 258.0, 304.0, 376.0
0, 536, 7, 259.0, 266.0, 273.0
0, 537, 1, 259.0, 266.0, 273.0
0, 538, 5, 260.0, 263.0, 269.0
0, 539, 7, 260.0, 264.0, 269.0
0, 540, 1, 261.0, 265.0, 272.0
0, 541, 8, 261.0, 286.0, 327.0
0, 542, 1, 261.0, 287.0, 331.0
0, 543, 4, 262.0, 269.0, 281.0
0, 544, 5, 264.0, 267.0, 269.0
0, 545, 5, 264.0, 267.0, 275.0
0, 546, 0, 264.0, 268.0, 276.0
0, 547, 6, 264.0, 274.0, 283.0
0, 548, 1, 264.0, 295.0, 339.0
0, 549, 0, 265.0, 272.0, 283.0
0, 550, 1, 265.0, 279.0, 298.0
0, 551, 6, 265.0, 281.0, 300.0
0, 552, 0, 265.0, 284.0, 309.0
0, 553, 0, 265.0, 293.0, 329.0
0, 554, 7, 266.0, 269.0, 270.0
0, 555, 7, 266.0, 278.0, 294.0
0, 556, 1, 266.0, 281.0, 302.0
0, 557, 4, 267.0, 274.0, 289.0
0, 558, 5, 267.0, 277.0, 294.0
0, 559, 0, 267.0, 294.0, 332.0
0, 560, 2, 267.0, 292.0, 334.0
0, 561, 7, 268.0, 271.0, 278.0
0, 562, 1, 268.0, 276.0, 288.0
0, 563, 0, 268.0, 278.0, 291.0
0, 564, 8, 269.0, 273.0, 277.0
0, 565, 5, 269.0, 272.0, 277.0
0, 566, 3, 269.0, 276.0, 282.0
0, 567, 7, 269.0, 276.0, 283.0
0, 568, 5, 269.0, 277.0, 290.0
0, 569, 2, 270.0, 274.0, 276.0
0, 570, 7, 270.0, 273.0, 278.0
0, 571, 0, 270.0, 280.0, 296.0
0, 572, 7, 271.0, 274.0, 280.0
0, 573, 0, 272.0, 285.0, 303.0
0, 574, 1, 272.0, 301.0, 340.0
0, 575, 1, 273.0, 276.0, 279.0
0, 576, 7, 273.0, 280.0, 286.0
0, 577, 8, 273.0, 280.0, 291.0
0, 578, 6, 273.0, 298.0, 332.0
0, 579, 1, 274.0, 282.0, 289.0
0, 580, 5, 274.0, 281.0, 291.0
0, 581, 3, 274.0, 282.0, 294.0
0, 582, 4, 274.0, 284.0, 300.0
0, 583, 4, 274.0, 289.0, 313.0
0, 584, 5, 275.0, 298.0, 337.0
0, 585, 8, 276.0, 288.0, 305.0
0, 586, 3, 276.0, 290.0, 311.0
0, 587, 0, 276.0, 293.0, 317.0
0, 588, 2, 277.0, 281.0, 289.0
0, 589, 5, 277.0, 293.0, 317.0
0, 590, 8, 277.0, 297.0, 325.0
0, 591, 8, 277.0, 310.0, 363.0
0, 592, 7, 278.0, 281.0, 287.0
0, 593, 8, 278.0, 282.0, 288.0
0, 594, 7, 278.0, 286.0, 295.0
0, 595, 3, 279.0, 282.0, 285.0
0, 596, 1, 279.0, 283.0, 288.0
0, 597, 1, 279.0, 316.0, 367.0
0, 598, 8, 280.0, 284.0, 288.0
0, 599, 7, 280.0, 297.0, 322.0
0, 600, 4, 281.0, 297.0, 317.0
0, 601, 6, 282.0, 285.0, 287.0
0, 602, 3, 282.0, 289.0, 296.0
0, 603, 5, 282.0, 306.0, 342.0
0, 604, 7, 283.0, 286.0, 292.0
0, 605, 0, 283.0, 287.0, 295.0
0, 606, 6, 284.0, 304.0, 336.0
0, 607, 3, 285.0, 297.0, 319.0
0, 608, 7, 287.0, 296.0, 309.0
0, 609, 7, 288.0, 291.0, 299.0
0, 610, 6, 288.0, 298.0, 313.0
0, 611, 3, 288.0, 313.0, 351.0
0, 612, 8, 289.0, 299.0, 308.0
0, 613, 1, 289.0, 320.0, 369.0
0, 614, 1, 289.0, 321.0, 373.0
0, 615, 8, 289.0, 339.0, 427.0
0, 616, 2, 290.0, 296.0, 305.0
0, 617, 4, 290.0, 297.0, 308.0
0, 618, 1, 290.0, 299.0, 312.0
0, 619, 8, 290.0, 299.0, 315.0
0, 620, 6, 291.0, 295.0, 301.0
0, 621, 3, 291.0, 295.0, 302.0
0, 622, 5, 291.0, 311.0, 344.0
0, 623, 8, 292.0, 295.0, 297.0
0, 624, 5, 292.0, 294.0, 299.0
0, 625, 0, 292.0, 298.0, 309.0
0, 626, 2, 292.0, 312.0, 339.0
0, 627, 7, 293.0, 309.0, 333.0
0, 628, 1, 294.0, 304.0, 317.0
0, 629, 4, 294.0, 311.0, 340.0
0, 630, 7, 295.0, 297.0, 300.0
0, 631, 5, 295.0, 298.0, 305.0
0, 632, 3, 295.0, 309.0, 336.0
0, 633, 4, 295.0, 313.0, 348.0
0, 634, 7, 295.0, 326.0, 371.0
0, 635, 0, 296.0, 302.0, 308.0
1, 636, 3, 296.0, 344.0, -1
1, 637, 8, 297.0, 342.0, -1
1, 638, 7, 297.0, 343.0, -1
1, 639, 0, 298.0, 340.0, -1
1, 640, 3, 298.0, 351.0, -1
1, 641, 4, 299.0, 343.0, -1
1, 642, 1, 299.0, 344.0, -1
1, 643, 7, 299.0, 345.0, -1
1, 644, 4, 299.0, 346.0, -1
1, 645, 5, 299.0, 348.0, -1
1, 646, 6, 300.0, 345.0, -1
1, 647, 4, 300.0, 349.0, -1
1, 648, 7, 301.0, 345.0, -1
1, 649, 6, 301.0, 346.0, -1
1, 650, 8, 301.0, 346.0, -1
1, 651, 6, 302.0, 345.0, -1
1, 652, 1, 302.0, 347.0, -1
1, 653, 3, 302.0, 353.0, -1
1, 654, 0, 303.0, 345.0, -1
1, 655, 7, 304.0, 348.0, -1
1, 656, 4, 305.0, 350.0, -1
1, 657, 5, 305.0, 351.0, -1
1, 658, 2, 305.0, 351.0, -1
1, 659, 8, 305.0, 353.0, -1
1, 660, 5, 305.0, 353.0, -1
1, 661, 2, 307.0, 353.0, -1
1, 662, 0, 308.0, 354.0, -1
1, 663, 4, 308.0, 360.0, -1
1, 664, 8, 309.0, 356.0, -1
1, 665, 7, 309.0, 358.0, -1
1, 666, 3, 310.0, 354.0, -1
1, 667, 0, 310.0, 355.0, -1
1, 668, 0, 310.0, 358.0, -1
1, 669, 2, 310.0, 369.0, -1
1, 670, 3, 311.0, 365.0, -1
1, 671, 1, 312.0, 355.0, -1
1, 672, 6, 313.0, 358.0, -1
1, 673, 4, 314.0, 358.0, -1
1, 674, 6, 314.0, 363.0, -1
1, 675, 8, 315.0, 360.0, -1
1, 676, 7, 315.0, 362.0, -1
1, 677, 0, 317.0, 362.0, -1
1, 678, 5, 317.0, 362.0, -1
1, 679, 5, 317.0, 363.0, -1
1, 680, 4, 317.0, 374.0, -1
1, 681, 1, 318.0, 361.0, -1
1, 682, 6, 318.0, 366.0, -1
1, 683, 2, 318.0, 367.0, -1
1, 684, 0, 319.0, 363.0, -1
1, 685, 3, 320.0, 363.0, -1
1, 686, 7, 322.0, 366.0, -1
1, 687, 6, 323.0, 368.0, -1
1, 688, 7, 324.0, 369.0, -1
1, 689, 8, 325.0, 369.0, -1
1, 690, 8, 325.0, 371.0, -1
1, 691, 8, 328.0, 375.0, -1
1, 692, 2, 329.0, 375.0, -1
1, 693, 0, 330.0, 374.0, -1
1, 694, 1, 331.0, 374.0, -1
1, 695, 6, 332.0, 375.0, -1
1, 696, 0, 332.0, 376.0, -1
1, 697, 7, 333.0, 377.0, -1
1, 698, 2, 334.0, 380.0, -1
1, 699, 3, 336.0, 382.0, -1
1, 700, 5, 337.0, 380.0, -1
1, 701, 6, 337.0, 384.0, -1
1, 702, 1, 339.0, 384.0, -1
1, 703, 2, 339.0, 391.0, -1
1, 704, 1, 340.0, 381.0, -1
1, 705, 4, 340.0, 383.0, -1
1, 706, 0, 340.0, 383.0, -1
1, 707, 5, 342.0, 387.0, -1
1, 708, 8, 342.0, 387.0, -1
1, 709, 3, 343.0, 386.0, -1
1, 710, 4, 343.0, 387.0, -1
1, 711, 7, 343.0, 391.0, -1
1, 712, 1, 344.0, 386.0, -1
1, 713, 5, 344.0, 389.0, -1
1, 714, 3, 344.0, 392.0, -1
1, 715, 7, 345.0, 388.0, -1
1, 716, 7, 345.0, 389.0, -1
1, 717, 0, 345.0, 389.0, -1
1, 718, 6, 345.0, 391.0, -1
1, 719, 6, 345.0, 391.0, -1
1, 720, 4, 346.0, 388.0, -1
1, 721, 6, 346.0, 390.0, -1
1, 722, 8, 346.0, 394.0, -1
1, 723, 1, 347.0, 391.0, -1
1, 724, 4, 348.0, 391.0, -1
1, 725, 7, 348.0, 392.0, -1
1, 726, 5, 348.0, 393.0, -1
1, 727, 4, 349.0, 393.0, -1
1, 728, 4, 350.0, 402.0, -1
1, 729, 5, 351.0, 393.0, -1
1, 730, 2, 351.0, 394.0, -1
1, 731, 3, 351.0, 395.0, -1
1, 732, 3, 351.0, 396.0, -1
1, 733, 8, 353.0, 398.0, -1
1, 734, 5, 353.0, 399.0, -1
1, 735, 2, 353.0, 403.0, -1
1, 736, 3, 353.0, 407.0, -1
1, 737, 0, 354.0, 400.0, -1
1, 738, 3, 354.0, 405.0, -1
1, 739, 0, 355.0, 400.0, -1
1, 740, 1, 355.0, 401.0, -1
1, 741, 8, 356.0, 401.0, -1
1, 742, 4, 358.0, 402.0, -1
1, 743, 6, 358.0, 404.0, -1
1, 744, 0, 359.0, 402.0, -1
1, 745, 7, 359.0, 405.0, -1
1, 746, 4, 360.0, 410.0, -1
1, 747, 8, 361.0, 407.0, -1
1, 748, 1, 362.0, 404.0, -1
1, 749, 5, 363.0, 406.0, -1
1, 750, 0, 363.0, 408.0, -1
1, 751, 7, 363.0, 409.0, -1
1, 752, 8, 364.0, 406.0, -1
1, 753, 3, 364.0, 408.0, -1
1, 754, 5, 364.0, 408.0, -1
1, 755, 0, 364.0, 409.0, -1
1, 756, 6, 364.0, 410.0, -1
1, 757, 3, 365.0, 408.0, -1
1, 758, 3, 366.0, 414.0, -1
1, 759, 7, 367.0, 410.0, -1
1, 760, 6, 367.0, 417.0, -1
1, 761, 1, 368.0, 410.0, -1
1, 762, 2, 368.0, 411.0, -1
1, 763, 6, 369.0, 413.0, -1
1, 764, 1, 370.0, 414.0, -1
1, 765, 8, 370.0, 415.0, -1
1, 766, 7, 370.0, 415.0, -1
1, 767, 2, 370.0, 421.0, -1
1, 768, 8, 372.0, 417.0, -1
1, 769, 7, 372.0, 418.0, -1
1, 770, 1, 374.0, 417.0, -1
1, 771, 0, 374.0, 427.0, -1
1, 772, 1, 375.0, 417.0, -1
1, 773, 4, 375.0, 430.0, -1
1, 774, 8, 376.0, 420.0, -1
1, 775, 2, 376.0, 421.0, -1
1, 776, 6, 376.0, 424.0, -1
1, 777, 2, 377.0, 419.0, -1
1, 778, 0, 377.0, 429.0, -1
1, 779, 2, 378.0, 420.0, -1
1, 780, 7, 378.0, 422.0, -1
1, 781, 5, 381.0, 424.0, -1
1, 782, 2, 381.0, 432.0, -1
1, 783, 1, 382.0, 423.0, -1
1, 784, 3, 383.0, 427.0, -1
1, 785, 4, 384.0, 427.0, -1
1, 786, 0, 384.0, 434.0, -1
1, 787, 1, 385.0, 427.0, -1
1, 788, 6, 385.0, 429.0, -1
1, 789, 4, 387.0, 431.0, -1
1, 790, 1, 387.0, 431.0, -1
1, 791, 3, 387.0, 432.0, -1
1, 792, 5, 388.0, 430.0, -1
1, 793, 8, 388.0, 435.0, -1
1, 794, 4, 389.0, 432.0, -1
1, 795, 7, 389.0, 433.0, -1
1, 796, 5, 390.0, 433.0, -1
1, 797, 7, 390.0, 433.0, -1
1, 798, 0, 390.0, 434.0, -1
1, 799, 6, 391.0, 434.0, -1
2, 800, 1, 391.0, 436.0, -1
2, 801, 4, 392.0, 435.0, -1
2, 802, 2, 392.0, 437.0, -1
2, 803, 7, 392.0, 438.0, -1
2, 804, 6, 392.0, 439.0, -1
2, 805, 6, 393.0, 435.0, -1
2, 806, 5, 393.0, 435.0, -1
2, 807, 3, 393.0, 435.0, -1
2, 808, 7, 393.0, 437.0, -1
2, 809, 4, 393.0, 437.0, -1
2, 810, 5, 394.0, 438.0, -1
2, 811, 2, 394.0, 446.0, -1
2, 812, 8, 395.0, 441.0, -1
2, 813, 3, 396.0, 441.0, -1
2, 814, 3, 396.0, 442.0, -1
2, 815, 8, 399.0, 444.0, -1
2, 816, 0, 400.0, 447.0, -1
2, 817, 5, 400.0, 448.0, -1
2, 818, 0, 401.0, 449.0, -1
2, 819, 1, 402.0, 444.0, -1
2, 820, 8, 402.0, 448.0, -1
2, 821, 0, 402.0, 450.0, -1
2, 822, 4, 403.0, 448.0, -1
2, 823, 4, 403.0, 449.0, -1
2, 824, 6, 404.0, 446.0, -1
2, 825, 2, 404.0, 456.0, -1
2, 826, 1, 405.0, 448.0, -1
2, 827, 3, 406.0, 449.0, -1
2, 828, 7, 406.0, 452.0, -1
2, 829, 5, 407.0, 450.0, -1
2, 830, 8, 407.0, 456.0, -1
2, 831, 3, 408.0, 452.0, -1
2, 832, 0, 408.0, 454.0, -1
2, 833, 8, 408.0, 455.0, -1
2, 834, 5, 409.0, 453.0, -1
2, 835, 3, 409.0, 457.0, -1
2, 836, 3, 409.0, 460.0, -1
2, 837, 1, 410.0, 452.0, -1
2, 838, 7, 410.0, 454.0, -1
2, 839, 0, 410.0, 461.0, -1
2, 840, 4, 410.0, 461.0, -1
2, 841, 2, 411.0, 454.0, -1
2, 842, 6, 411.0, 457.0, -1
2, 843, 7, 411.0, 458.0, -1
2, 844, 6, 413.0, 457.0, -1
2, 845, 3, 414.0, 463.0, -1
2, 846, 1, 415.0, 457.0, -1
2, 847, 8, 415.0, 460.0, -1
2, 848, 7, 416.0, 461.0, -1
2, 849, 1, 417.0, 459.0, -1
2, 850, 8, 417.0, 462.0, -1
2, 851, 6, 417.0, 467.0, -1
2, 852, 1, 418.0, 459.0, -1
2, 853, 7, 418.0, 465.0, -1
2, 854, 2, 420.0, 463.0, -1
2, 855, 2, 420.0, 463.0, -1
2, 856, 2, 421.0, 464.0, -1
2, 857, 8, 421.0, 465.0, -1
2, 858, 2, 421.0, 469.0, -1
2, 859, 7, 422.0, 471.0, -1
2, 860, 1, 424.0, 467.0, -1
2, 861, 5, 424.0, 467.0, -1
2, 862, 6, 424.0, 469.0, -1
2, 863, 0, 427.0, 470.0, -1
2, 864, 1, 427.0, 471.0, -1
2, 865, 4, 427.0, 472.0, -1
2, 866, 3, 428.0, 473.0, -1
2, 867, 8, 428.0, 473.0, -1
2, 868, 6, 429.0, 478.0, -1
2, 869, 0, 430.0, 476.0, -1
2, 870, 4, 431.0, 474.0, -1
2, 871, 5, 431.0, 474.0, -1
2, 872, 1, 431.0, 475.0, -1
2, 873, 4, 431.0, 476.0, -1
2, 874, 3, 432.0, 478.0, -1
2, 875, 4, 433.0, 475.0, -1
2, 876, 7, 433.0, 477.0, -1
2, 877, 5, 433.0, 478.0, -1
2, 878, 6, 433.0, 479.0, -1
2, 879, 2, 433.0, 483.0, -1
2, 880, 0, 434.0, 478.0, -1
2, 881, 7, 434.0, 479.0, -1
2, 882, 0, 434.0, 482.0, -1
2, 883, 6, 435.0, 479.0, -1
2, 884, 6, 435.0, 479.0, -1
2, 885, 5, 435.0, 480.0, -1
2, 886, 8, 435.0, 487.0, -1
2, 887, 4, 436.0, 480.0, -1
2, 888, 3, 436.0, 481.0, -1
1, 889, 1, 437.0, 460.0, 499.0
1, 890, 7, 438.0, 441.0, 448.0
1, 891, 2, 438.0, 444.0, 450.0
1, 892, 4, 438.0, 445.0, 458.0
1, 893, 7, 438.0, 464.0, 506.0
1, 894, 5, 439.0, 451.0, 469.0
1, 895, 6, 439.0, 454.0, 474.0
1, 896, 2, 440.0, 479.0, 544.0
1, 897, 3, 441.0, 462.0, 502.0
1, 898, 8, 441.0, 475.0, 527.0
1, 899, 3, 443.0, 445.0, 448.0
1, 900, 8, 445.0, 465.0, 495.0
1, 901, 1, 445.0, 470.0, 506.0
1, 902, 6, 446.0, 455.0, 466.0
1, 903, 2, 447.0, 454.0, 462.0
1, 904, 8, 448.0, 459.0, 477.0
1, 905, 0, 448.0, 461.0, 481.0
1, 906, 7, 449.0, 452.0, 456.0
1, 907, 1, 449.0, 455.0, 460.0
1, 908, 5, 449.0, 456.0, 466.0
1, 909, 4, 449.0, 455.0, 469.0
1, 910, 3, 449.0, 461.0, 481.0
1, 911, 4, 450.0, 457.0, 469.0
1, 912, 0, 450.0, 459.0, 470.0
1, 913, 0, 450.0, 459.0, 472.0
1, 914, 3, 450.0, 485.0, 541.0
1, 915, 2, 451.0, 461.0, 481.0
1, 916, 5, 451.0, 477.0, 522.0
1, 917, 3, 453.0, 462.0, 478.0
1, 918, 1, 453.0, 465.0, 484.0
1, 919, 5, 453.0, 466.0, 486.0
1, 920, 7, 453.0, 479.0, 521.0
1, 921, 0, 455.0, 475.0, 507.0
1, 922, 8, 455.0, 477.0, 512.0
1, 923, 2, 455.0, 477.0, 513.0
1, 924, 7, 455.0, 484.0, 531.0
1, 925, 7, 456.0, 508.0, 592.0
1, 926, 8, 457.0, 464.0, 473.0
1, 927, 2, 457.0, 469.0, 486.0
1, 928, 6, 457.0, 469.0, 488.0
1, 929, 3, 458.0, 460.0, 466.0
1, 930, 6, 458.0, 468.0, 485.0
1, 931, 1, 458.0, 495.0, 558.0
1, 932, 1, 459.0, 462.0, 463.0
1, 933, 7, 459.0, 468.0, 478.0
1, 934, 4, 459.0, 476.0, 507.0
1, 935, 1, 460.0, 477.0, 503.0
1, 936, 8, 460.0, 490.0, 532.0
1, 937, 1, 461.0, 468.0, 474.0
1, 938, 3, 461.0, 486.0, 522.0
1, 939, 0, 461.0, 505.0, 579.0
1, 940, 7, 462.0, 476.0, 495.0
1, 941, 8, 462.0, 477.0, 499.0
1, 942, 4, 462.0, 480.0, 507.0
1, 943, 2, 463.0, 465.0, 469.0
1, 944, 3, 464.0, 468.0, 470.0
1, 945, 2, 464.0, 477.0, 494.0
1, 946, 1, 464.0, 488.0, 524.0
1, 947, 2, 464.0, 490.0, 527.0
1, 948, 2, 465.0, 472.0, 480.0
1, 949, 8, 466.0, 470.0, 479.0
1, 950, 7, 466.0, 476.0, 488.0
1, 951, 3, 467.0, 474.0, 480.0
1, 952, 6, 467.0, 477.0, 492.0
1, 953, 6, 467.0, 479.0, 496.0
1, 954, 5, 467.0, 480.0, 496.0
1, 955, 1, 467.0, 496.0, 538.0
1, 956, 5, 468.0, 493.0, 539.0
1, 957, 2, 469.0, 476.0, 489.0
1, 958, 5, 469.0, 477.0, 490.0
1, 959, 4, 469.0, 479.0, 494.0
1, 960, 4, 470.0, 473.0, 477.0
1, 961, 2, 470.0, 478.0, 488.0
1, 962, 6, 470.0, 488.0, 509.0
1, 963, 3, 470.0, 489.0, 516.0
1, 964, 0, 471.0, 478.0, 489.0
1, 965, 1, 471.0, 480.0, 491.0
1, 966, 0, 471.0, 501.0, 550.0
1, 967, 7, 472.0, 475.0, 477.0
1, 968, 4, 472.0, 488.0, 509.0
1, 969, 0, 473.0, 480.0, 493.0
1, 970, 3, 473.0, 493.0, 523.0
1, 971, 8, 473.0, 492.0, 524.0
1, 972, 8, 473.0, 494.0, 530.0
1, 973, 6, 474.0, 481.0, 488.0
1, 974, 1, 474.0, 481.0, 491.0
1, 975, 5, 475.0, 482.0, 495.0
1, 976, 4, 475.0, 491.0, 518.0
1, 977, 4, 475.0, 494.0, 528.0
1, 978, 1, 476.0, 483.0, 491.0
1, 979, 0, 476.0, 497.0, 529.0
1, 980, 7, 477.0, 481.0, 489.0
1, 981, 8, 477.0, 485.0, 498.0
1, 982, 7, 477.0, 487.0, 502.0
1, 983, 4, 477.0, 502.0, 542.0
1, 984, 4, 477.0, 506.0, 552.0
1, 985, 7, 478.0, 486.0, 492.0
1, 986, 3, 478.0, 486.0, 493.0
1, 987, 0, 478.0, 485.0, 493.0
1, 988, 3, 478.0, 486.0, 498.0
1, 989, 6, 478.0, 522.0, 589.0
1, 990, 5, 478.0, 543.0, 653.0
1, 991, 7, 479.0, 482.0, 488.0
1, 992, 8, 479.0, 483.0, 489.0
1, 993, 6, 479.0, 484.0, 491.0
1, 994, 5, 480.0, 487.0, 499.0
1, 995, 2, 480.0, 488.0, 500.0
1, 996, 6, 480.0, 508.0, 547.0
1, 997, 6, 480.0, 508.0, 549.0
1, 998, 4, 480.0, 515.0, 564.0
1, 999, 3, 481.0, 484.0, 488.0
1, 1000, 2, 481.0, 485.0, 493.0
1, 1001, 3, 481.0, 486.0, 494.0
1, 1002, 0, 481.0, 495.0, 513.0
1, 1003, 0, 482.0, 489.0, 501.0
1, 1004, 3, 482.0, 500.0, 529.0
1, 1005, 2, 483.0, 497.0, 521.0
1, 1006, 1, 484.0, 507.0, 544.0
1, 1007, 6, 486.0, 489.0, 491.0
1, 1008, 2, 486.0, 500.0, 519.0
1, 1009, 8, 487.0, 498.0, 514.0
1, 1010, 5, 487.0, 502.0, 527.0
1, 1011, 2, 488.0, 496.0, 509.0
1, 1012, 7, 488.0, 513.0, 548.0
1, 1013, 7, 488.0, 514.0, 553.0
1, 1014, 7, 489.0, 493.0, 497.0
1, 1015, 2, 489.0, 494.0, 499.0
1, 1016, 6, 489.0, 493.0, 500.0
1, 1017, 8, 489.0, 500.0, 509.0
1, 1018, 6, 489.0, 498.0, 511.0
1, 1019, 3, 489.0, 501.0, 517.0
1, 1020, 0, 490.0, 498.0, 506.0
1, 1021, 6, 491.0, 495.0, 499.0
1, 1022, 1, 491.0, 495.0, 499.0
1, 1023, 1, 491.0, 494.0, 500.0
1, 1024, 5, 491.0, 495.0, 503.0
1, 1025, 1, 491.0, 501.0, 516.0
1, 1026, 6, 491.0, 506.0, 525.0
1, 1027, 6, 492.0, 519.0, 561.0
1, 1028, 3, 493.0, 496.0, 501.0
1, 1029, 7, 493.0, 500.0, 507.0
1, 1030, 0, 493.0, 500.0, 509.0
1, 1031, 0, 493.0, 517.0, 551.0
1, 1032, 2, 494.0, 501.0, 509.0
1, 1033, 3, 494.0, 502.0, 512.0
1, 1034, 2, 494.0, 504.0, 522.0
1, 1035, 4, 494.0, 510.0, 536.0
1, 1036, 7, 495.0, 503.0, 514.0
1, 1037, 8, 495.0, 512.0, 536.0
1, 1038, 5, 495.0, 520.0, 557.0
1, 1039, 6, 496.0, 510.0, 526.0
1, 1040, 5, 496.0, 511.0, 532.0
1, 1041, 7, 497.0, 501.0, 508.0
1, 1042, 8, 498.0, 530.0, 580.0
1, 1043, 1, 499.0, 502.0, 508.0
1, 1044, 8, 499.0, 503.0, 508.0
1, 1045, 1, 499.0, 502.0, 509.0
1, 1046, 5, 499.0, 506.0, 519.0
1, 1047, 6, 499.0, 515.0, 535.0
1, 1048, 3, 499.0, 519.0, 548.0
1, 1049, 2, 500.0, 503.0, 506.0
1, 1050, 1, 500.0, 503.0, 507.0
1, 1051, 2, 500.0, 537.0, 590.0
1, 1052, 0, 501.0, 504.0, 506.0
1, 1053, 3, 501.0, 514.0, 537.0
1, 1054, 6, 501.0, 519.0, 544.0
1, 1055, 7, 502.0, 510.0, 517.0
1, 1056, 3, 502.0, 529.0, 568.0
1, 1057, 1, 503.0, 506.0, 515.0
1, 1058, 5, 504.0, 507.0, 514.0
1, 1059, 1, 506.0, 509.0, 517.0
1, 1060, 0, 506.0, 517.0, 531.0
1, 1061, 7, 506.0, 519.0, 538.0
1, 1062, 0, 506.0, 526.0, 561.0
1, 1063, 7, 507.0, 517.0, 527.0
1, 1064, 4, 507.0, 517.0, 536.0
1, 1065, 2, 507.0, 533.0, 571.0
1, 1066, 1, 507.0, 539.0, 590.0
1, 1067, 4, 507.0, 563.0, 653.0
1, 1068, 7, 508.0, 516.0, 522.0
1, 1069, 1, 508.0, 516.0, 526.0
1, 1070, 8, 508.0, 518.0, 532.0
1, 1071, 0, 508.0, 539.0, 588.0
1, 1072, 0, 509.0, 513.0, 520.0
1, 1073, 4, 509.0, 522.0, 540.0
1, 1074, 1, 509.0, 530.0, 558.0
1, 1075, 8, 510.0, 513.0, 514.0
1, 1076, 2, 510.0, 515.0, 523.0
1, 1077, 2, 510.0, 519.0, 532.0
1, 1078, 6, 510.0, 527.0, 548.0
1, 1079, 6, 511.0, 515.0, 518.0
1, 1080, 3, 512.0, 522.0, 537.0
1, 1081, 8, 512.0, 530.0, 553.0
1, 1082, 0, 513.0, 516.0, 523.0
1, 1083, 2, 513.0, 532.0, 559.0
1, 1084, 7, 514.0, 518.0, 520.0
1, 1085, 5, 514.0, 530.0, 554.0
1, 1086, 8, 514.0, 534.0, 564.0
1, 1087, 1, 515.0, 519.0, 528.0
1, 1088, 8, 515.0, 547.0, 593.0
2, 1089, 1, 517.0, 561.0, -1
2, 1090, 3, 517.0, 562.0, -1
2, 1091, 1, 517.0, 564.0, -1
2, 1092, 3, 517.0, 564.0, -1
2, 1093, 7, 517.0, 565.0, -1
2, 1094, 6, 518.0, 564.0, -1
2, 1095, 4, 518.0, 565.0, -1
2, 1096, 2, 519.0, 565.0, -1
2, 1097, 5, 519.0, 568.0, -1
2, 1098, 0, 520.0, 562.0, -1
2, 1099, 7, 520.0, 565.0, -1
2, 1100, 7, 521.0, 566.0, -1
2, 1101, 2, 521.0, 568.0, -1
2, 1102, 3, 522.0, 566.0, -1
2, 1103, 7, 522.0, 569.0, -1
2, 1104, 2, 523.0, 568.0, -1
2, 1105, 5, 523.0, 570.0, -1
2, 1106, 2, 523.0, 581.0, -1
2, 1107, 8, 524.0, 574.0, -1
2, 1108, 3, 524.0, 575.0, -1
2, 1109, 0, 524.0, 576.0, -1
2, 1110, 1, 525.0, 567.0, -1
2, 1111, 6, 526.0, 568.0, -1
2, 1112, 1, 527.0, 569.0, -1
2, 1113, 6, 527.0, 573.0, -1
2, 1114, 7, 528.0, 571.0, -1
2, 1115, 5, 528.0, 573.0, -1
2, 1116, 8, 528.0, 575.0, -1
2, 1117, 2, 528.0, 575.0, -1
2, 1118, 1, 529.0, 574.0, -1
2, 1119, 4, 529.0, 574.0, -1
2, 1120, 0, 530.0, 573.0, -1
2, 1121, 3, 530.0, 574.0, -1
2, 1122, 8, 531.0, 575.0, -1
2, 1123, 0, 532.0, 578.0, -1
2, 1124, 7, 532.0, 579.0, -1
2, 1125, 8, 533.0, 575.0, -1
2, 1126, 8, 533.0, 577.0, -1
2, 1127, 5, 533.0, 577.0, -1
2, 1128, 2, 533.0, 584.0, -1
2, 1129, 6, 536.0, 584.0, -1
2, 1130, 4, 537.0, 581.0, -1
2, 1131, 4, 537.0, 581.0, -1
2, 1132, 8, 537.0, 584.0, -1
2, 1133, 7, 538.0, 581.0, -1
2, 1134, 3, 538.0, 583.0, -1
2, 1135, 3, 538.0, 583.0, -1
2, 1136, 1, 539.0, 583.0, -1
2, 1137, 5, 540.0, 584.0, -1
2, 1138, 4, 541.0, 587.0, -1
2, 1139, 3, 542.0, 593.0, -1
2, 1140, 4, 542.0, 593.0, -1
2, 1141, 6, 544.0, 590.0, -1
2, 1142, 2, 544.0, 594.0, -1
2, 1143, 1, 545.0, 588.0, -1
2, 1144, 6, 548.0, 598.0, -1
2, 1145, 6, 549.0, 593.0, -1
2, 1146, 7, 549.0, 595.0, -1
2, 1147, 3, 549.0, 598.0, -1
2, 1148, 6, 550.0, 598.0, -1
2, 1149, 0, 551.0, 592.0, -1
2, 1150, 0, 552.0, 596.0, -1
2, 1151, 4, 553.0, 597.0, -1
2, 1152, 7, 554.0, 597.0, -1
2, 1153, 8, 554.0, 598.0, -1
2, 1154, 5, 555.0, 598.0, -1
2, 1155, 5, 558.0, 616.0, -1
2, 1156, 1, 559.0, 601.0, -1
2, 1157, 1, 559.0, 602.0, -1
2, 1158, 2, 560.0, 610.0, -1
2, 1159, 0, 562.0, 604.0, -1
2, 1160, 1, 562.0, 605.0, -1
2, 1161, 6, 562.0, 608.0, -1
2, 1162, 0, 563.0, 604.0, -1
2, 1163, 3, 563.0, 606.0, -1
2, 1164, 1, 564.0, 605.0, -1
2, 1165, 3, 565.0, 605.0, -1
2, 1166, 6, 565.0, 612.0, -1
2, 1167, 4, 565.0, 613.0, -1
2, 1168, 8, 565.0, 615.0, -1
2, 1169, 4, 565.0, 619.0, -1
2, 1170, 7, 566.0, 608.0, -1
2, 1171, 2, 566.0, 609.0, -1
2, 1172, 7, 566.0, 609.0, -1
2, 1173, 7, 567.0, 609.0, -1
2, 1174, 3, 567.0, 614.0, -1
2, 1175, 2, 568.0, 610.0, -1
2, 1176, 1, 568.0, 612.0, -1
2, 1177, 3, 568.0, 618.0, -1
2, 1178, 2, 569.0, 611.0, -1
2, 1179, 5, 569.0, 612.0, -1
2, 1180, 6, 569.0, 615.0, -1
2, 1181, 1, 570.0, 612.0, -1
2, 1182, 7, 570.0, 614.0, -1
2, 1183, 5, 571.0, 614.0, -1
2, 1184, 2, 572.0, 617.0, -1
2, 1185, 7, 572.0, 618.0, -1
2, 1186, 5, 573.0, 619.0, -1
2, 1187, 0, 574.0, 616.0, -1
2, 1188, 1, 574.0, 616.0, -1
2, 1189, 4, 574.0, 618.0, -1
2, 1190, 6, 574.0, 620.0, -1
2, 1191, 3, 575.0, 618.0, -1
2, 1192, 8, 575.0, 619.0, -1
2, 1193, 8, 575.0, 619.0, -1
2, 1194, 3, 575.0, 627.0, -1
2, 1195, 0, 576.0, 620.0, -1
2, 1196, 8, 576.0, 621.0, -1
2, 1197, 8, 576.0, 623.0, -1
2, 1198, 2, 576.0, 628.0, -1
2, 1199, 5, 578.0, 622.0, -1
2, 1200, 8, 578.0, 624.0, -1
2, 1201, 0, 579.0, 623.0, -1
2, 1202, 7, 579.0, 626.0, -1
2, 1203, 0, 580.0, 625.0, -1
2, 1204, 8, 581.0, 625.0, -1
2, 1205, 4, 582.0, 624.0, -1
2, 1206, 4, 582.0, 625.0, -1
2, 1207, 7, 582.0, 628.0, -1
2, 1208, 2, 582.0, 630.0, -1
2, 1209, 3, 584.0, 628.0, -1
2, 1210, 3, 584.0, 628.0, -1
2, 1211, 1, 584.0, 628.0, -1
2, 1212, 6, 585.0, 630.0, -1
2, 1213, 5, 585.0, 631.0, -1
2, 1214, 2, 585.0, 632.0, -1
2, 1215, 8, 585.0, 633.0, -1
2, 1216, 1, 588.0, 630.0, -1
2, 1217, 4, 588.0, 633.0, -1
2, 1218, 0, 589.0, 635.0, -1
2, 1219, 6, 590.0, 634.0, -1
2, 1220, 1, 591.0, 635.0, -1
2, 1221, 6, 591.0, 636.0, -1
2, 1222, 2, 591.0, 640.0, -1
2, 1223, 7, 593.0, 636.0, -1
2, 1224, 0, 593.0, 639.0, -1
2, 1225, 3, 593.0, 644.0, -1
2, 1226, 8, 594.0, 641.0, -1
2, 1227, 6, 594.0, 642.0, -1
2, 1228, 4, 594.0, 643.0, -1
2, 1229, 2, 595.0, 646.0, -1
2, 1230, 7, 596.0, 644.0, -1
2, 1231, 7, 597.0, 641.0, -1
2, 1232, 0, 597.0, 645.0, -1
2, 1233, 6, 598.0, 645.0, -1
2, 1234, 4, 598.0, 649.0, -1
2, 1235, 6, 598.0, 649.0, -1
2, 1236, 8, 599.0, 643.0, -1
2, 1237, 5, 599.0, 643.0, -1
2, 1238, 3, 599.0, 650.0, -1
2, 1239, 1, 601.0, 647.0, -1
2, 1240, 1, 603.0, 646.0, -1
2, 1241, 1, 605.0, 647.0, -1
2, 1242, 0, 605.0, 664.0, -1
2, 1243, 0, 605.0, 664.0, -1
2, 1244, 1, 606.0, 648.0, -1
2, 1245, 3, 606.0, 649.0, -1
2, 1246, 3, 607.0, 651.0, -1
2, 1247, 7, 608.0, 651.0, -1
2, 1248, 2, 609.0, 650.0, -1
2, 1249, 6, 609.0, 657.0, -1
2, 1250, 7, 610.0, 651.0, -1
2, 1251, 2, 610.0, 652.0, -1
2, 1252, 7, 610.0, 660.0, -1
2, 1253, 2, 611.0, 654.0, -1
2, 1254, 1, 612.0, 655.0, -1
2, 1255, 2, 612.0, 660.0, -1
2, 1256, 1, 613.0, 656.0, -1
2, 1257, 6, 613.0, 657.0, -1
2, 1258, 5, 613.0, 657.0, -1
2, 1259, 4, 613.0, 662.0, -1
2, 1260, 3, 615.0, 657.0, -1
2, 1261, 7, 615.0, 658.0, -1
2, 1262, 8, 615.0, 659.0, -1
2, 1263, 5, 615.0, 659.0, -1
2, 1264, 6, 616.0, 660.0, -1
2, 1265, 5, 616.0, 661.0, -1
2, 1266, 0, 616.0, 668.0, -1
2, 1267, 1, 617.0, 663.0, -1
2, 1268, 2, 617.0, 671.0, -1
2, 1269, 3, 618.0, 664.0, -1
2, 1270, 7, 619.0, 662.0, -1
2, 1271, 4, 619.0, 665.0, -1
2, 1272, 4, 619.0, 669.0, -1
2, 1273, 3, 619.0, 671.0, -1
2, 1274, 5, 620.0, 662.0, -1
2, 1275, 8, 620.0, 664.0, -1
2, 1276, 8, 620.0, 665.0, -1
2, 1277, 8, 621.0, 665.0, -1
2, 1278, 6, 621.0, 669.0, -1
2, 1279, 0, 621.0, 672.0, -1
2, 1280, 5, 622.0, 679.0, -1
2, 1281, 0, 623.0, 671.0, -1
2, 1282, 8, 624.0, 667.0, -1
2, 1283, 8, 624.0, 674.0, -1
2, 1284, 4, 625.0, 668.0, -1
2, 1285, 4, 625.0, 669.0, -1
2, 1286, 8, 625.0, 671.0, -1
2, 1287, 0, 625.0, 677.0, -1
2, 1288, 7, 626.0, 671.0, -1
2, 1289, 3, 628.0, 672.0, -1
2, 1290, 2, 629.0, 673.0, -1
2, 1291, 7, 629.0, 673.0, -1
2, 1292, 1, 629.0, 675.0, -1
2, 1293, 3, 629.0, 678.0, -1
2, 1294, 3, 629.0, 680.0, -1
2, 1295, 6, 630.0, 677.0, -1
2, 1296, 2, 630.0, 683.0, -1
2, 1297, 1, 631.0, 673.0, -1
2, 1298, 5, 632.0, 677.0, -1
2, 1299, 2, 632.0, 683.0, -1
3, 1300, 8, 634.0, 680.0, -1
3, 1301, 4, 635.0, 681.0, -1
3, 1302, 6, 635.0, 681.0, -1
3, 1303, 1, 636.0, 678.0, -1
3, 1304, 0, 636.0, 688.0, -1
3, 1305, 6, 637.0, 681.0, -1
3, 1306, 7, 637.0, 683.0, -1
3, 1307, 0, 640.0, 688.0, -1
3, 1308, 2, 641.0, 694.0, -1
3, 1309, 8, 642.0, 688.0, -1
3, 1310, 7, 642.0, 689.0, -1
3, 1311, 6, 643.0, 685.0, -1
3, 1312, 5, 644.0, 685.0, -1
3, 1313, 8, 644.0, 688.0, -1
3, 1314, 4, 644.0, 689.0, -1
3, 1315, 7, 645.0, 690.0, -1
3, 1316, 3, 645.0, 694.0, -1
3, 1317, 6, 646.0, 692.0, -1
3, 1318, 0, 646.0, 703.0, -1
3, 1319, 1, 647.0, 692.0, -1
3, 1320, 2, 647.0, 696.0, -1
3, 1321, 1, 648.0, 690.0, -1
3, 1322, 1, 648.0, 691.0, -1
3, 1323, 1, 649.0, 691.0, -1
3, 1324, 3, 650.0, 693.0, -1
3, 1325, 6, 650.0, 694.0, -1
3, 1326, 3, 650.0, 694.0, -1
3, 1327, 4, 650.0, 695.0, -1
3, 1328, 2, 651.0, 694.0, -1
3, 1329, 7, 652.0, 695.0, -1
3, 1330, 7, 652.0, 699.0, -1
3, 1331, 3, 652.0, 705.0, -1
3, 1332, 2, 653.0, 695.0, -1
3, 1333, 5, 654.0, 697.0, -1
3, 1334, 4, 654.0, 706.0, -1
3, 1335, 1, 655.0, 698.0, -1
3, 1336, 2, 655.0, 705.0, -1
3, 1337, 1, 657.0, 700.0, -1
3, 1338, 5, 658.0, 701.0, -1
3, 1339, 6, 658.0, 702.0, -1
3, 1340, 3, 658.0, 704.0, -1
3, 1341, 6, 658.0, 704.0, -1
3, 1342, 8, 659.0, 706.0, -1
3, 1343, 7, 659.0, 707.0, -1
3, 1344, 5, 660.0, 704.0, -1
3, 1345, 7, 661.0, 704.0, -1
3, 1346, 6, 661.0, 705.0, -1
3, 1347, 5, 661.0, 706.0, -1
3, 1348, 2, 661.0, 713.0, -1
3, 1349, 5, 662.0, 706.0, -1
3, 1350, 4, 663.0, 706.0, -1
3, 1351, 7, 663.0, 707.0, -1
3, 1352, 5, 663.0, 717.0, -1
3, 1353, 1, 664.0, 707.0, -1
3, 1354, 0, 665.0, 706.0, -1
3, 1355, 0, 665.0, 708.0, -1
3, 1356, 3, 665.0, 711.0, -1
3, 1357, 8, 665.0, 712.0, -1
3, 1358, 4, 666.0, 709.0, -1
3, 1359, 8, 666.0, 712.0, -1
3, 1360, 8, 666.0, 713.0, -1
3, 1361, 8, 668.0, 709.0, -1
3, 1362, 0, 669.0, 711.0, -1
3, 1363, 4, 669.0, 713.0, -1
3, 1364, 6, 670.0, 717.0, -1
3, 1365, 4, 670.0, 719.0, -1
3, 1366, 4, 670.0, 726.0, -1
3, 1367, 8, 672.0, 713.0, -1
3, 1368, 2, 672.0, 715.0, -1
3, 1369, 0, 672.0, 715.0, -1
3, 1370, 3, 672.0, 715.0, -1
3, 1371, 7, 672.0, 718.0, -1
3, 1372, 0, 673.0, 716.0, -1
3, 1373, 3, 673.0, 721.0, -1
3, 1374, 1, 674.0, 716.0, -1
3, 1375, 7, 674.0, 720.0, -1
3, 1376, 2, 674.0, 727.0, -1
3, 1377, 8, 675.0, 720.0, -1
3, 1378, 1, 676.0, 718.0, -1
3, 1379, 0, 677.0, 718.0, -1
3, 1380, 6, 677.0, 725.0, -1
3, 1381, 5, 678.0, 720.0, -1
3, 1382, 3, 679.0, 723.0, -1
3, 1383, 1, 679.0, 724.0, -1
3, 1384, 8, 680.0, 725.0, -1
3, 1385, 5, 680.0, 734.0, -1
3, 1386, 3, 681.0, 732.0, -1
3, 1387, 6, 682.0, 728.0, -1
3, 1388, 4, 682.0, 729.0, -1
3, 1389, 6, 682.0, 731.0, -1
3, 1390, 2, 683.0, 735.0, -1
3, 1391, 7, 684.0, 731.0, -1
3, 1392, 2, 684.0, 739.0, -1
2, 1393, 5, 685.0, 712.0, 756.0
2, 1394, 6, 686.0, 712.0, 755.0
2, 1395, 0, 688.0, 691.0, 698.0
2, 1396, 8, 688.0, 695.0, 702.0
2, 1397, 0, 688.0, 695.0, 706.0
2, 1398, 8, 688.0, 700.0, 716.0
2, 1399, 7, 690.0, 705.0, 723.0
2, 1400, 1, 690.0, 725.0, 776.0
2, 1401, 4, 690.0, 726.0, 787.0
2, 1402, 1, 691.0, 694.0, 697.0
2, 1403, 7, 691.0, 714.0, 750.0
2, 1404, 1, 691.0, 714.0, 751.0
2, 1405, 1, 692.0, 711.0, 740.0
2, 1406, 3, 693.0, 700.0, 707.0
2, 1407, 6, 693.0, 703.0, 715.0
2, 1408, 2, 694.0, 701.0, 712.0
2, 1409, 6, 694.0, 704.0, 720.0
2, 1410, 2, 694.0, 708.0, 727.0
2, 1411, 4, 695.0, 698.0, 702.0
2, 1412, 3, 695.0, 698.0, 707.0
2, 1413, 7, 695.0, 703.0, 714.0
2, 1414, 3, 695.0, 705.0, 716.0
2, 1415, 2, 695.0, 709.0, 729.0
2, 1416, 2, 696.0, 707.0, 720.0
2, 1417, 5, 698.0, 707.0, 721.0
2, 1418, 0, 698.0, 707.0, 721.0
2, 1419, 1, 698.0, 725.0, 766.0
2, 1420, 1, 698.0, 736.0, 790.0
2, 1421, 7, 699.0, 709.0, 722.0
2, 1422, 1, 700.0, 713.0, 733.0
2, 1423, 8, 702.0, 714.0, 733.0
2, 1424, 4, 702.0, 725.0, 761.0
2, 1425, 5, 702.0, 729.0, 770.0
2, 1426, 6, 702.0, 729.0, 774.0
2, 1427, 0, 704.0, 726.0, 761.0
2, 1428, 3, 704.0, 726.0, 763.0
2, 1429, 6, 705.0, 709.0, 715.0
2, 1430, 6, 705.0, 713.0, 721.0
2, 1431, 7, 705.0, 715.0, 732.0
2, 1432, 3, 705.0, 717.0, 739.0
2, 1433, 5, 705.0, 760.0, 850.0
2, 1434, 8, 706.0, 709.0, 711.0
2, 1435, 0, 706.0, 713.0, 724.0
2, 1436, 2, 706.0, 716.0, 735.0
2, 1437, 4, 706.0, 724.0, 752.0
2, 1438, 5, 706.0, 744.0, 808.0
2, 1439, 3, 707.0, 714.0, 720.0
2, 1440, 7, 707.0, 720.0, 738.0
2, 1441, 7, 707.0, 725.0, 752.0
2, 1442, 5, 707.0, 726.0, 755.0
2, 1443, 4, 707.0, 732.0, 769.0
2, 1444, 0, 707.0, 739.0, 785.0
2, 1445, 1, 707.0, 756.0, 828.0
2, 1446, 3, 708.0, 723.0, 750.0
2, 1447, 0, 709.0, 712.0, 716.0
2, 1448, 4, 709.0, 722.0, 740.0
2, 1449, 8, 709.0, 735.0, 772.0
2, 1450, 0, 711.0, 714.0, 716.0
2, 1451, 3, 711.0, 718.0, 725.0
2, 1452, 8, 711.0, 736.0, 776.0
2, 1453, 8, 712.0, 720.0, 727.0
2, 1454, 2, 712.0, 721.0, 734.0
2, 1455, 8, 713.0, 721.0, 727.0
2, 1456, 2, 713.0, 723.0, 737.0
2, 1457, 4, 713.0, 727.0, 745.0
2, 1458, 8, 714.0, 728.0, 745.0
2, 1459, 7, 714.0, 741.0, 787.0
2, 1460, 8, 714.0, 743.0, 788.0
2, 1461, 3, 715.0, 718.0, 722.0
2, 1462, 0, 715.0, 722.0, 734.0
2, 1463, 2, 715.0, 723.0, 736.0
2, 1464, 6, 715.0, 726.0, 741.0
2, 1465, 6, 715.0, 733.0, 757.0
2, 1466, 1, 716.0, 719.0, 721.0
2, 1467, 0, 716.0, 724.0, 733.0
2, 1468, 8, 716.0, 725.0, 738.0
2, 1469, 3, 716.0, 723.0, 739.0
2, 1470, 0, 716.0, 734.0, 757.0
2, 1471, 0, 716.0, 748.0, 798.0
2, 1472, 6, 717.0, 727.0, 737.0
2, 1473, 5, 717.0, 734.0, 757.0
2, 1474, 1, 718.0, 734.0, 760.0
2, 1475, 0, 719.0, 738.0, 769.0
2, 1476, 7, 719.0, 741.0, 774.0
2, 1477, 4, 720.0, 728.0, 735.0
2, 1478, 2, 720.0, 729.0, 740.0
2, 1479, 8, 720.0, 728.0, 740.0
2, 1480, 7, 720.0, 736.0, 761.0
2, 1481, 5, 721.0, 729.0, 738.0
2, 1482, 6, 721.0, 732.0, 743.0
2, 1483, 5, 721.0, 732.0, 749.0
2, 1484, 6, 721.0, 741.0, 772.0
2, 1485, 3, 721.0, 745.0, 779.0
2, 1486, 1, 721.0, 745.0, 782.0
2, 1487, 0, 722.0, 726.0, 734.0
2, 1488, 7, 722.0, 730.0, 741.0
2, 1489, 3, 722.0, 750.0, 795.0
2, 1490, 3, 722.0, 791.0, 906.0
2, 1491, 1, 724.0, 731.0, 738.0
2, 1492, 3, 724.0, 734.0, 743.0
2, 1493, 7, 724.0, 768.0, 832.0
2, 1494, 6, 725.0, 729.0, 734.0
2, 1495, 8, 725.0, 729.0, 735.0
2, 1496, 0, 725.0, 732.0, 739.0
2, 1497, 3, 725.0, 732.0, 739.0
2, 1498, 4, 726.0, 752.0, 794.0
2, 1499, 2, 727.0, 737.0, 747.0
2, 1500, 8, 727.0, 736.0, 747.0
2, 1501, 2, 727.0, 756.0, 798.0
2, 1502, 8, 727.0, 758.0, 803.0
2, 1503, 6, 728.0, 731.0, 733.0
2, 1504, 2, 729.0, 734.0, 742.0
2, 1505, 4, 729.0, 734.0, 742.0
2, 1506, 6, 731.0, 747.0, 766.0
2, 1507, 7, 731.0, 749.0, 775.0
2, 1508, 7, 732.0, 740.0, 751.0
2, 1509, 1, 733.0, 736.0, 737.0
2, 1510, 8, 733.0, 746.0, 763.0
2, 1511, 6, 733.0, 749.0, 769.0
2, 1512, 3, 733.0, 748.0, 770.0
2, 1513, 0, 733.0, 757.0, 792.0
2, 1514, 0, 734.0, 742.0, 757.0
2, 1515, 0, 734.0, 745.0, 761.0
2, 1516, 5, 734.0, 761.0, 801.0
2, 1517, 2, 734.0, 762.0, 804.0
2, 1518, 6, 735.0, 739.0, 745.0
2, 1519, 4, 735.0, 743.0, 755.0
2, 1520, 2, 735.0, 745.0, 756.0
2, 1521, 8, 735.0, 746.0, 761.0
2, 1522, 2, 736.0, 740.0, 744.0
2, 1523, 2, 736.0, 740.0, 745.0
2, 1524, 6, 737.0, 741.0, 749.0
2, 1525, 2, 737.0, 746.0, 754.0
2, 1526, 1, 738.0, 741.0, 744.0
2, 1527, 1, 738.0, 741.0, 746.0
2, 1528, 7, 738.0, 742.0, 748.0
2, 1529, 8, 738.0, 749.0, 764.0
2, 1530, 5, 738.0, 752.0, 773.0
2, 1531, 2, 739.0, 743.0, 746.0
2, 1532, 0, 739.0, 746.0, 757.0
2, 1533, 3, 740.0, 748.0, 755.0
2, 1534, 1, 740.0, 747.0, 756.0
2, 1535, 2, 740.0, 749.0, 757.0
2, 1536, 8, 740.0, 751.0, 766.0
2, 1537, 4, 740.0, 757.0, 781.0
2, 1538, 3, 740.0, 770.0, 813.0
2, 1539, 3, 740.0, 769.0, 813.0
2, 1540, 7, 741.0, 750.0, 761.0
2, 1541, 6, 741.0, 766.0, 802.0
2, 1542, 4, 742.0, 756.0, 776.0
2, 1543, 2, 742.0, 763.0, 792.0
2, 1544, 6, 743.0, 747.0, 755.0
2, 1545, 3, 743.0, 761.0, 782.0
2, 1546, 2, 744.0, 768.0, 797.0
2, 1547, 1, 744.0, 775.0, 825.0
2, 1548, 6, 745.0, 749.0, 755.0
2, 1549, 4, 745.0, 750.0, 757.0
2, 1550, 2, 745.0, 754.0, 766.0
2, 1551, 8, 745.0, 760.0, 781.0
2, 1552, 2, 746.0, 750.0, 754.0
2, 1553, 1, 746.0, 750.0, 755.0
2, 1554, 2, 747.0, 789.0, 844.0
2, 1555, 8, 748.0, 752.0, 756.0
2, 1556, 7, 748.0, 766.0, 790.0
2, 1557, 5, 749.0, 752.0, 754.0
2, 1558, 6, 749.0, 763.0, 782.0
2, 1559, 3, 750.0, 757.0, 765.0
2, 1560, 7, 750.0, 774.0, 806.0
2, 1561, 7, 751.0, 755.0, 761.0
2, 1562, 1, 751.0, 755.0, 763.0
2, 1563, 7, 752.0, 773.0, 804.0
2, 1564, 4, 753.0, 765.0, 785.0
2, 1565, 2, 754.0, 764.0, 780.0
2, 1566, 2, 754.0, 780.0, 818.0
2, 1567, 5, 755.0, 758.0, 766.0
2, 1568, 1, 756.0, 762.0, 773.0
2, 1569, 5, 756.0, 765.0, 777.0
2, 1570, 3, 756.0, 767.0, 782.0
2, 1571, 6, 756.0, 766.0, 782.0
2, 1572, 6, 756.0, 787.0, 838.0
2, 1573, 6, 756.0, 789.0, 838.0
2, 1574, 4, 756.0, 813.0, 900.0
2, 1575, 1, 757.0, 759.0, 766.0
2, 1576, 8, 757.0, 764.0, 769.0
2, 1577, 5, 757.0, 767.0, 787.0
2, 1578, 2, 757.0, 779.0, 810.0
2, 1579, 0, 758.0, 760.0, 761.0
2, 1580, 0, 758.0, 761.0, 768.0
2, 1581, 2, 758.0, 763.0, 768.0
2, 1582, 5, 758.0, 765.0, 779.0
2, 1583, 6, 758.0, 768.0, 781.0
2, 1584, 0, 758.0, 775.0, 799.0
2, 1585, 4, 758.0, 777.0, 802.0
2, 1586, 1, 761.0, 777.0, 804.0
2, 1587, 4, 762.0, 766.0, 769.0
2, 1588, 8, 762.0, 765.0, 771.0
2, 1589, 7, 762.0, 766.0, 774.0
2, 1590, 0, 762.0, 777.0, 801.0
2, 1591, 0, 762.0, 780.0, 813.0
2, 1592, 0, 762.0, 795.0, 840.0
3, 1593, 7, 762.0, 808.0, -1
3, 1594, 7, 762.0, 808.0, -1
3, 1595, 8, 763.0, 811.0, -1
3, 1596, 1, 764.0, 808.0, -1
3, 1597, 3, 764.0, 809.0, -1
3, 1598, 8, 764.0, 812.0, -1
3, 1599, 3, 765.0, 816.0, -1
3, 1600, 8, 766.0, 810.0, -1
3, 1601, 5, 766.0, 815.0, -1
3, 1602, 1, 767.0, 810.0, -1
3, 1603, 1, 767.0, 811.0, -1
3, 1604, 6, 767.0, 814.0, -1
3, 1605, 2, 767.0, 824.0, -1
3, 1606, 0, 768.0, 812.0, -1
3, 1607, 6, 769.0, 815.0, -1
3, 1608, 4, 769.0, 817.0, -1
3, 1609, 2, 769.0, 821.0, -1
3, 1610, 0, 770.0, 815.0, -1
3, 1611, 8, 770.0, 815.0, -1
3, 1612, 4, 770.0, 823.0, -1
3, 1613, 3, 770.0, 825.0, -1
3, 1614, 5, 771.0, 817.0, -1
3, 1615, 8, 771.0, 817.0, -1
3, 1616, 1, 773.0, 817.0, -1
3, 1617, 6, 773.0, 818.0, -1
3, 1618, 8, 773.0, 821.0, -1
3, 1619, 5, 774.0, 821.0, -1
3, 1620, 7, 774.0, 822.0, -1
3, 1621, 7, 775.0, 818.0, -1
3, 1622, 7, 775.0, 821.0, -1
3, 1623, 6, 775.0, 823.0, -1
3, 1624, 1, 776.0, 820.0, -1
3, 1625, 8, 776.0, 820.0, -1
3, 1626, 4, 776.0, 828.0, -1
3, 1627, 5, 778.0, 831.0, -1
3, 1628, 3, 779.0, 824.0, -1
3, 1629, 5, 779.0, 831.0, -1
3, 1630, 2, 780.0, 827.0, -1
3, 1631, 4, 781.0, 825.0, -1
3, 1632, 8, 781.0, 829.0, -1
3, 1633, 1, 782.0, 822.0, -1
3, 1634, 6, 782.0, 828.0, -1
3, 1635, 6, 782.0, 830.0, -1
3, 1636, 3, 782.0, 837.0, -1
3, 1637, 6, 783.0, 829.0, -1
3, 1638, 3, 783.0, 836.0, -1
3, 1639, 4, 785.0, 828.0, -1
3, 1640, 0, 785.0, 831.0, -1
3, 1641, 5, 787.0, 839.0, -1
3, 1642, 7, 788.0, 832.0, -1
3, 1643, 4, 788.0, 840.0, -1
3, 1644, 8, 789.0, 840.0, -1
3, 1645, 1, 790.0, 834.0, -1
3, 1646, 7, 791.0, 837.0, -1
3, 1647, 2, 792.0, 840.0, -1
3, 1648, 0, 793.0, 839.0, -1
3, 1649, 4, 794.0, 840.0, -1
3, 1650, 3, 795.0, 840.0, -1
3, 1651, 2, 797.0, 841.0, -1
3, 1652, 0, 798.0, 841.0, -1
3, 1653, 0, 799.0, 842.0, -1
3, 1654, 2, 799.0, 848.0, -1
3, 1655, 5, 801.0, 846.0, -1
3, 1656, 0, 801.0, 850.0, -1
3, 1657, 6, 802.0, 846.0, -1
3, 1658, 4, 802.0, 850.0, -1
3, 1659, 8, 804.0, 849.0, -1
3, 1660, 7, 804.0, 849.0, -1
3, 1661, 2, 804.0, 852.0, -1
3, 1662, 1, 805.0, 847.0, -1
3, 1663, 7, 806.0, 850.0, -1
3, 1664, 7, 808.0, 851.0, -1
3, 1665, 5, 808.0, 852.0, -1
3, 1666, 7, 808.0, 852.0, -1
3, 1667, 1, 808.0, 856.0, -1
3, 1668, 1, 810.0, 854.0, -1
3, 1669, 8, 810.0, 854.0, -1
3, 1670, 3, 810.0, 855.0, -1
3, 1671, 2, 810.0, 861.0, -1
3, 1672, 1, 811.0, 854.0, -1
3, 1673, 8, 811.0, 857.0, -1
3, 1674, 0, 812.0, 855.0, -1
3, 1675, 8, 812.0, 858.0, -1
3, 1676, 3, 813.0, 859.0, -1
3, 1677, 3, 813.0, 860.0, -1
3, 1678, 6, 814.0, 856.0, -1
3, 1679, 0, 814.0, 858.0, -1
3, 1680, 5, 815.0, 859.0, -1
3, 1681, 0, 815.0, 859.0, -1
3, 1682, 6, 815.0, 865.0, -1
3, 1683, 8, 816.0, 862.0, -1
3, 1684, 3, 816.0, 865.0, -1
3, 1685, 8, 817.0, 860.0, -1
3, 1686, 5, 817.0, 861.0, -1
3, 1687, 1, 817.0, 862.0, -1
3, 1688, 4, 817.0, 865.0, -1
3, 1689, 6, 818.0, 863.0, -1
3, 1690, 7, 818.0, 864.0, -1
3, 1691, 2, 818.0, 864.0, -1
3, 1692, 1, 820.0, 862.0, -1
3, 1693, 8, 820.0, 863.0, -1
3, 1694, 8, 821.0, 865.0, -1
3, 1695, 7, 821.0, 867.0, -1
3, 1696, 2, 821.0, 868.0, -1
3, 1697, 5, 821.0, 869.0, -1
3, 1698, 7, 822.0, 874.0, -1
3, 1699, 1, 823.0, 866.0, -1
3, 1700, 6, 823.0, 866.0, -1
3, 1701, 3, 824.0, 867.0, -1
3, 1702, 4, 824.0, 868.0, -1
3, 1703, 2, 824.0, 878.0, -1
3, 1704, 1, 825.0, 868.0, -1
3, 1705, 3, 825.0, 878.0, -1
3, 1706, 4, 826.0, 870.0, -1
3, 1707, 2, 827.0, 880.0, -1
3, 1708, 1, 828.0, 872.0, -1
3, 1709, 4, 828.0, 878.0, -1
3, 1710, 4, 828.0, 883.0, -1
3, 1711, 6, 829.0, 872.0, -1
3, 1712, 8, 829.0, 875.0, -1
3, 1713, 6, 829.0, 875.0, -1
3, 1714, 6, 830.0, 876.0, -1
3, 1715, 0, 831.0, 874.0, -1
3, 1716, 5, 831.0, 881.0, -1
3, 1717, 5, 831.0, 888.0, -1
3, 1718, 7, 832.0, 879.0, -1
3, 1719, 7, 833.0, 883.0, -1
3, 1720, 1, 835.0, 882.0, -1
3, 1721, 3, 836.0, 884.0, -1
3, 1722, 7, 837.0, 882.0, -1
3, 1723, 3, 837.0, 890.0, -1
3, 1724, 6, 838.0, 888.0, -1
3, 1725, 6, 838.0, 888.0, -1
3, 1726, 0, 839.0, 881.0, -1
3, 1727, 5, 839.0, 889.0, -1
3, 1728, 2, 840.0, 881.0, -1
3, 1729, 0, 840.0, 883.0, -1
3, 1730, 4, 840.0, 887.0, -1
3, 1731, 8, 840.0, 888.0, -1
3, 1732, 3, 840.0, 890.0, -1
3, 1733, 4, 840.0, 898.0, -1
3, 1734, 0, 841.0, 883.0, -1
3, 1735, 2, 841.0, 888.0, -1
3, 1736, 0, 842.0, 892.0, -1
3, 1737, 2, 844.0, 892.0, -1
3, 1738, 5, 846.0, 890.0, -1
3, 1739, 1, 847.0, 892.0, -1
3, 1740, 6, 847.0, 895.0, -1
3, 1741, 2, 848.0, 895.0, -1
3, 1742, 7, 849.0, 894.0, -1
3, 1743, 8, 849.0, 899.0, -1
3, 1744, 5, 850.0, 892.0, -1
3, 1745, 0, 850.0, 895.0, -1
3, 1746, 4, 850.0, 899.0, -1
3, 1747, 7, 851.0, 894.0, -1
3, 1748, 7, 851.0, 896.0, -1
3, 1749, 7, 852.0, 895.0, -1
3, 1750, 5, 852.0, 898.0, -1
3, 1751, 2, 852.0, 902.0, -1
3, 1752, 1, 854.0, 896.0, -1
3, 1753, 1, 854.0, 899.0, -1
3, 1754, 8, 854.0, 900.0, -1
3, 1755, 3, 856.0, 899.0, -1
3, 1756, 0, 856.0, 900.0, -1
3, 1757, 1, 857.0, 901.0, -1
3, 1758, 8, 857.0, 902.0, -1
3, 1759, 6, 857.0, 908.0, -1
3, 1760, 0, 858.0, 901.0, -1
3, 1761, 8, 859.0, 904.0, -1
3, 1762, 5, 860.0, 902.0, -1
3, 1763, 3, 860.0, 902.0, -1
3, 1764, 0, 860.0, 906.0, -1
3, 1765, 8, 861.0, 904.0, -1
3, 1766, 3, 861.0, 907.0, -1
3, 1767, 5, 862.0, 906.0, -1
3, 1768, 1, 862.0, 906.0, -1
3, 1769, 2, 862.0, 908.0, -1
3, 1770, 1, 863.0, 905.0, -1
3, 1771, 8, 863.0, 909.0, -1
3, 1772, 6, 863.0, 912.0, -1
3, 1773, 8, 864.0, 905.0, -1
3, 1774, 7, 865.0, 909.0, -1
3, 1775, 2, 865.0, 911.0, -1
3, 1776, 4, 866.0, 910.0, -1
3, 1777, 6, 866.0, 910.0, -1
3, 1778, 8, 866.0, 910.0, -1
3, 1779, 3, 866.0, 910.0, -1
3, 1780, 1, 867.0, 910.0, -1
3, 1781, 6, 867.0, 910.0, -1
3, 1782, 7, 868.0, 913.0, -1
3, 1783, 3, 868.0, 922.0, -1
3, 1784, 4, 869.0, 911.0, -1
3, 1785, 1, 869.0, 913.0, -1
3, 1786, 2, 869.0, 919.0, -1
3, 1787, 5, 870.0, 918.0, -1
3, 1788, 4, 871.0, 918.0, -1
3, 1789, 1, 873.0, 916.0, -1
3, 1790, 6, 873.0, 922.0, -1
3, 1791, 0, 875.0, 916.0, -1
3, 1792, 7, 875.0, 921.0, -1
3, 1793, 6, 876.0, 918.0, -1
3, 1794, 8, 876.0, 920.0, -1
3, 1795, 6, 877.0, 922.0, -1
3, 1796, 2, 879.0, 923.0, -1
3, 1797, 3, 879.0, 929.0, -1
3, 1798, 4, 879.0, 929.0, -1
3, 1799, 7, 880.0, 928.0, -1
4, 1800, 2, 880.0, 932.0, -1
4, 1801, 0, 881.0, 925.0, -1
4, 1802, 2, 881.0, 930.0, -1
4, 1803, 1, 882.0, 925.0, -1
4, 1804, 7, 882.0, 931.0, -1
4, 1805, 5, 882.0, 931.0, -1
4, 1806, 0, 883.0, 927.0, -1
4, 1807, 0, 883.0, 928.0, -1
4, 1808, 4, 884.0, 928.0, -1
4, 1809, 7, 884.0, 929.0, -1
4, 1810, 3, 885.0, 933.0, -1
4, 1811, 4, 887.0, 939.0, -1
4, 1812, 5, 888.0, 931.0, -1
4, 1813, 8, 888.0, 934.0, -1
4, 1814, 2, 888.0, 934.0, -1
4, 1815, 6, 888.0, 935.0, -1
4, 1816, 6, 888.0, 936.0, -1
4, 1817, 5, 889.0, 933.0, -1
4, 1818, 5, 890.0, 940.0, -1
4, 1819, 3, 890.0, 942.0, -1
4, 1820, 3, 890.0, 945.0, -1
4, 1821, 1, 892.0, 933.0, -1
4, 1822, 0, 892.0, 935.0, -1
4, 1823, 5, 892.0, 942.0, -1
4, 1824, 2, 893.0, 942.0, -1
4, 1825, 7, 894.0, 938.0, -1
4, 1826, 7, 895.0, 940.0, -1
4, 1827, 6, 895.0, 941.0, -1
4, 1828, 7, 895.0, 941.0, -1
4, 1829, 2, 895.0, 948.0, -1
4, 1830, 0, 896.0, 940.0, -1
4, 1831, 7, 896.0, 943.0, -1
4, 1832, 1, 896.0, 944.0, -1
4, 1833, 5, 898.0, 943.0, -1
4, 1834, 3, 899.0, 942.0, -1
4, 1835, 4, 899.0, 943.0, -1
4, 1836, 8, 899.0, 946.0, -1
4, 1837, 1, 900.0, 942.0, -1
4, 1838, 0, 900.0, 943.0, -1
4, 1839, 8, 900.0, 945.0, -1
4, 1840, 4, 900.0, 957.0, -1
4, 1841, 1, 901.0, 944.0, -1
4, 1842, 4, 901.0, 952.0, -1
4, 1843, 3, 902.0, 946.0, -1
4, 1844, 5, 902.0, 947.0, -1
4, 1845, 0, 902.0, 947.0, -1
4, 1846, 8, 902.0, 951.0, -1
4, 1847, 2, 903.0, 952.0, -1
4, 1848, 8, 904.0, 950.0, -1
4, 1849, 8, 904.0, 951.0, -1
4, 1850, 1, 906.0, 947.0, -1
4, 1851, 1, 906.0, 951.0, -1
4, 1852, 8, 906.0, 952.0, -1
4, 1853, 5, 906.0, 958.0, -1
4, 1854, 3, 907.0, 951.0, -1
4, 1855, 3, 907.0, 951.0, -1
4, 1856, 0, 907.0, 952.0, -1
4, 1857, 2, 908.0, 952.0, -1
4, 1858, 8, 909.0, 951.0, -1
4, 1859, 7, 909.0, 955.0, -1
4, 1860, 6, 909.0, 957.0, -1
4, 1861, 6, 910.0, 952.0, -1
4, 1862, 1, 910.0, 953.0, -1
4, 1863, 4, 910.0, 954.0, -1
4, 1864, 6, 910.0, 955.0, -1
4, 1865, 8, 910.0, 957.0, -1
4, 1866, 3, 911.0, 956.0, -1
4, 1867, 2, 911.0, 962.0, -1
4, 1868, 4, 912.0, 954.0, -1
4, 1869, 6, 912.0, 960.0, -1
4, 1870, 4, 913.0, 959.0, -1
4, 1871, 7, 913.0, 961.0, -1
4, 1872, 1, 914.0, 958.0, -1
4, 1873, 0, 916.0, 957.0, -1
4, 1874, 1, 916.0, 960.0, -1
4, 1875, 6, 918.0, 962.0, -1
4, 1876, 5, 918.0, 965.0, -1
4, 1877, 4, 918.0, 968.0, -1
4, 1878, 2, 919.0, 964.0, -1
4, 1879, 7, 921.0, 968.0, -1
4, 1880, 8, 921.0, 975.0, -1
4, 1881, 6, 922.0, 969.0, -1
4, 1882, 6, 922.0, 975.0, -1
4, 1883, 3, 922.0, 977.0, -1
4, 1884, 2, 924.0, 975.0, -1
4, 1885, 0, 925.0, 967.0, -1
4, 1886, 1, 925.0, 968.0, -1
4, 1887, 0, 927.0, 972.0, -1
4, 1888, 4, 928.0, 972.0, -1
4, 1889, 0, 928.0, 972.0, -1
4, 1890, 7, 928.0, 981.0, -1
4, 1891, 3, 929.0, 975.0, -1
4, 1892, 4, 929.0, 977.0, -1
4, 1893, 7, 929.0, 980.0, -1
4, 1894, 2, 930.0, 976.0, -1
3, 1895, 7, 931.0, 956.0, 994.0
3, 1896, 5, 931.0, 956.0, 999.0
3, 1897, 2, 932.0, 939.0, 946.0
3, 1898, 5, 932.0, 938.0, 951.0
3, 1899, 5, 934.0, 937.0, 944.0
3, 1900, 1, 934.0, 945.0, 961.0
3, 1901, 3, 934.0, 950.0, 971.0
3, 1902, 8, 934.0, 972.0, 1034.0
3, 1903, 2, 935.0, 973.0, 1028.0
3, 1904, 0, 936.0, 938.0, 942.0
3, 1905, 6, 936.0, 958.0, 995.0
3, 1906, 6, 937.0, 962.0, 1003.0
3, 1907, 4, 939.0, 949.0, 962.0
3, 1908, 7, 939.0, 958.0, 986.0
3, 1909, 0, 940.0, 946.0, 953.0
3, 1910, 5, 940.0, 956.0, 978.0
3, 1911, 7, 941.0, 952.0, 968.0
3, 1912, 7, 942.0, 946.0, 955.0
3, 1913, 6, 942.0, 950.0, 961.0
3, 1914, 3, 942.0, 949.0, 964.0
3, 1915, 3, 943.0, 946.0, 950.0
3, 1916, 1, 943.0, 949.0, 961.0
3, 1917, 0, 943.0, 952.0, 963.0
3, 1918, 7, 943.0, 953.0, 966.0
3, 1919, 2, 943.0, 957.0, 977.0
3, 1920, 5, 943.0, 980.0, 1037.0
3, 1921, 4, 944.0, 953.0, 969.0
3, 1922, 5, 944.0, 955.0, 971.0
3, 1923, 0, 944.0, 968.0, 1010.0
3, 1924, 1, 945.0, 957.0, 975.0
3, 1925, 1, 945.0, 958.0, 976.0
3, 1926, 3, 945.0, 968.0, 1002.0
3, 1927, 5, 945.0, 974.0, 1022.0
3, 1928, 8, 946.0, 970.0, 1003.0
3, 1929, 3, 946.0, 969.0, 1005.0
3, 1930, 8, 946.0, 979.0, 1027.0
3, 1931, 5, 947.0, 956.0, 965.0
3, 1932, 0, 947.0, 959.0, 974.0
3, 1933, 1, 947.0, 959.0, 976.0
3, 1934, 2, 947.0, 1001.0, 1095.0
3, 1935, 2, 949.0, 953.0, 959.0
3, 1936, 3, 950.0, 961.0, 980.0
3, 1937, 8, 951.0, 954.0, 956.0
3, 1938, 1, 951.0, 958.0, 970.0
3, 1939, 8, 951.0, 971.0, 998.0
3, 1940, 8, 951.0, 990.0, 1055.0
3, 1941, 3, 952.0, 959.0, 966.0
3, 1942, 2, 952.0, 964.0, 983.0
3, 1943, 8, 952.0, 971.0, 998.0
3, 1944, 5, 952.0, 972.0, 1001.0
3, 1945, 3, 952.0, 978.0, 1016.0
3, 1946, 8, 952.0, 984.0, 1029.0
3, 1947, 0, 952.0, 999.0, 1072.0
3, 1948, 4, 953.0, 956.0, 959.0
3, 1949, 0, 953.0, 965.0, 981.0
3, 1950, 6, 953.0, 968.0, 993.0
3, 1951, 2, 953.0, 979.0, 1014.0
3, 1952, 4, 954.0, 957.0, 959.0
3, 1953, 1, 954.0, 978.0, 1015.0
3, 1954, 6, 955.0, 963.0, 968.0
3, 1955, 4, 955.0, 962.0, 969.0
3, 1956, 7, 955.0, 964.0, 975.0
3, 1957, 7, 956.0, 963.0, 968.0
3, 1958, 3, 957.0, 967.0, 981.0
3, 1959, 0, 957.0, 969.0, 986.0
3, 1960, 8, 957.0, 971.0, 986.0
3, 1961, 8, 957.0, 987.0, 1031.0
3, 1962, 1, 958.0, 966.0, 977.0
3, 1963, 5, 958.0, 969.0, 980.0
3, 1964, 6, 958.0, 969.0, 983.0
3, 1965, 4, 958.0, 985.0, 1031.0
3, 1966, 2, 959.0, 962.0, 966.0
3, 1967, 4, 959.0, 967.0, 977.0
3, 1968, 4, 959.0, 978.0, 1002.0
3, 1969, 6, 960.0, 970.0, 979.0
3, 1970, 4, 960.0, 980.0, 1006.0
3, 1971, 6, 961.0, 964.0, 966.0
3, 1972, 1, 961.0, 969.0, 981.0
3, 1973, 1, 961.0, 976.0, 995.0
3, 1974, 1, 961.0, 992.0, 1039.0
3, 1975, 7, 962.0, 970.0, 983.0
3, 1976, 6, 962.0, 979.0, 1006.0
3, 1977, 4, 962.0, 988.0, 1026.0
3, 1978, 2, 963.0, 982.0, 1014.0
3, 1979, 0, 964.0, 971.0, 978.0
3, 1980, 2, 964.0, 972.0, 982.0
3, 1981, 3, 964.0, 980.0, 1006.0
3, 1982, 5, 965.0, 972.0, 986.0
3, 1983, 7, 966.0, 973.0, 982.0
3, 1984, 5, 966.0, 989.0, 1020.0
3, 1985, 2, 966.0, 992.0, 1027.0
3, 1986, 3, 967.0, 978.0, 993.0
3, 1987, 6, 967.0, 992.0, 1033.0
3, 1988, 7, 968.0, 972.0, 980.0
3, 1989, 0, 968.0, 977.0, 988.0
3, 1990, 4, 968.0, 977.0, 989.0
3, 1991, 7, 968.0, 995.0, 1038.0
3, 1992, 7, 968.0, 1036.0, 1149.0
3, 1993, 4, 969.0, 973.0, 978.0
3, 1994, 6, 969.0, 977.0, 983.0
3, 1995, 1, 969.0, 976.0, 983.0
3, 1996, 4, 969.0, 977.0, 985.0
3, 1997, 6, 969.0, 1010.0, 1078.0
3, 1998, 1, 971.0, 974.0, 979.0
3, 1999, 3, 972.0, 976.0, 983.0
3, 2000, 0, 972.0, 998.0, 1039.0
3, 2001, 5, 972.0, 999.0, 1044.0
3, 2002, 4, 973.0, 981.0, 993.0
3, 2003, 0, 973.0, 1004.0, 1050.0
3, 2004, 0, 974.0, 981.0, 993.0
3, 2005, 8, 975.0, 979.0, 981.0
3, 2006, 7, 975.0, 978.0, 987.0
3, 2007, 2, 976.0, 980.0, 981.0
3, 2008, 1, 976.0, 980.0, 988.0
3, 2009, 3, 976.0, 983.0, 996.0
3, 2010, 1, 976.0, 989.0, 1009.0
3, 2011, 2, 976.0, 991.0, 1012.0
3, 2012, 6, 976.0, 993.0, 1021.0
3, 2013, 1, 976.0, 1001.0, 1038.0
3, 2014, 3, 977.0, 987.0, 1006.0
3, 2015, 4, 977.0, 991.0, 1008.0
3, 2016, 4, 977.0, 992.0, 1015.0
3, 2017, 1, 977.0, 1003.0, 1042.0
3, 2018, 2, 978.0, 1007.0, 1046.0
3, 2019, 5, 979.0, 982.0, 989.0
3, 2020, 0, 979.0, 987.0, 998.0
3, 2021, 4, 979.0, 990.0, 1007.0
3, 2022, 5, 980.0, 983.0, 987.0
3, 2023, 3, 980.0, 983.0, 988.0
3, 2024, 6, 980.0, 988.0, 1000.0
3, 2025, 1, 980.0, 988.0, 1001.0
3, 2026, 1, 981.0, 984.0, 986.0
3, 2027, 8, 981.0, 985.0, 989.0
3, 2028, 3, 981.0, 984.0, 991.0
3, 2029, 7, 981.0, 985.0, 994.0
3, 2030, 7, 981.0, 988.0, 997.0
3, 2031, 0, 981.0, 991.0, 1007.0
3, 2032, 7, 982.0, 990.0, 997.0
3, 2033, 2, 982.0, 995.0, 1014.0
3, 2034, 7, 982.0, 1012.0, 1054.0
3, 2035, 6, 983.0, 986.0, 989.0
3, 2036, 2, 983.0, 992.0, 999.0
3, 2037, 7, 983.0, 991.0, 1000.0
3, 2038, 2, 983.0, 991.0, 1001.0
3, 2039, 6, 983.0, 1008.0, 1046.0
3, 2040, 3, 984.0, 995.0, 1013.0
3, 2041, 1, 984.0, 1000.0, 1022.0
3, 2042, 4, 985.0, 992.0, 1005.0
3, 2043, 5, 986.0, 1003.0, 1030.0
3, 2044, 0, 986.0, 1009.0, 1044.0
3, 2045, 8, 987.0, 991.0, 998.0
3, 2046, 7, 987.0, 999.0, 1017.0
3, 2047, 1, 987.0, 1002.0, 1021.0
3, 2048, 7, 987.0, 1021.0, 1071.0
3, 2049, 3, 988.0, 991.0, 997.0
3, 2050, 1, 988.0, 997.0, 1007.0
3, 2051, 0, 988.0, 1003.0, 1028.0
3, 2052, 5, 988.0, 1008.0, 1039.0
3, 2053, 5, 989.0, 993.0, 999.0
3, 2054, 4, 989.0, 992.0, 999.0
3, 2055, 6, 990.0, 993.0, 997.0
3, 2056, 8, 990.0, 1026.0, 1078.0
3, 2057, 3, 991.0, 995.0, 999.0
3, 2058, 4, 993.0, 1007.0, 1028.0
3, 2059, 0, 993.0, 1010.0, 1039.0
3, 2060, 3, 994.0, 997.0, 999.0
3, 2061, 7, 994.0, 998.0, 1008.0
3, 2062, 6, 994.0, 1002.0, 1008.0
3, 2063, 7, 994.0, 1020.0, 1054.0
3, 2064, 1, 996.0, 999.0, 1005.0
3, 2065, 3, 996.0, 1008.0, 1027.0
3, 2066, 6, 996.0, 1017.0, 1048.0
3, 2067, 7, 997.0, 1002.0, 1010.0
3, 2068, 6, 997.0, 1008.0, 1021.0
3, 2069, 3, 997.0, 1008.0, 1025.0
3, 2070, 7, 997.0, 1023.0, 1057.0
3, 2071, 8, 998.0, 1008.0, 1018.0
3, 2072, 8, 998.0, 1030.0, 1079.0
3, 2073, 5, 999.0, 1006.0, 1013.0
3, 2074, 3, 999.0, 1007.0, 1020.0
3, 2075, 5, 999.0, 1009.0, 1023.0
3, 2076, 8, 999.0, 1031.0, 1080.0
3, 2077, 0, 999.0, 1053.0, 1154.0
3, 2078, 6, 1000.0, 1005.0, 1012.0
3, 2079, 3, 1000.0, 1005.0, 1013.0
3, 2080, 2, 1000.0, 1010.0, 1029.0
3, 2081, 4, 1000.0, 1020.0, 1050.0
3, 2082, 7, 1001.0, 1005.0, 1006.0
3, 2083, 2, 1001.0, 1005.0, 1008.0
3, 2084, 1, 1001.0, 1009.0, 1021.0
3, 2085, 5, 1001.0, 1019.0, 1047.0
3, 2086, 4, 1002.0, 1019.0, 1044.0
3, 2087, 6, 1003.0, 1007.0, 1013.0
3, 2088, 3, 1003.0, 1013.0, 1027.0
3, 2089, 8, 1003.0, 1021.0, 1047.0
3, 2090, 4, 1005.0, 1008.0, 1012.0
3, 2091, 1, 1005.0, 1019.0, 1041.0
3, 2092, 7, 1006.0, 1011.0, 1020.0
3, 2093, 3, 1006.0, 1029.0, 1061.0
3, 2094, 3, 1006.0, 1038.0, 1088.0
4, 2095, 4, 1007.0, 1052.0, -1
4, 2096, 0, 1008.0, 1051.0, -1
4, 2097, 1, 1008.0, 1053.0, -1
4, 2098, 6, 1009.0, 1053.0, -1
4, 2099, 2, 1009.0, 1054.0, -1
4, 2100, 6, 1009.0, 1054.0, -1
4, 2101, 7, 1009.0, 1059.0, -1
4, 2102, 3, 1009.0, 1059.0, -1
4, 2103, 4, 1009.0, 1060.0, -1
4, 2104, 4, 1009.0, 1062.0, -1
4, 2105, 1, 1010.0, 1055.0, -1
4, 2106, 7, 1010.0, 1060.0, -1
4, 2107, 0, 1011.0, 1054.0, -1
4, 2108, 6, 1012.0, 1057.0, -1
4, 2109, 2, 1013.0, 1056.0, -1
4, 2110, 5, 1013.0, 1061.0, -1
4, 2111, 4, 1013.0, 1066.0, -1
4, 2112, 3, 1013.0, 1068.0, -1
4, 2113, 6, 1014.0, 1056.0, -1
4, 2114, 3, 1014.0, 1064.0, -1
4, 2115, 2, 1015.0, 1064.0, -1
4, 2116, 2, 1015.0, 1066.0, -1
4, 2117, 2, 1015.0, 1069.0, -1
4, 2118, 1, 1016.0, 1060.0, -1
4, 2119, 4, 1016.0, 1066.0, -1
4, 2120, 7, 1017.0, 1065.0, -1
4, 2121, 3, 1017.0, 1069.0, -1
4, 2122, 8, 1019.0, 1066.0, -1
4, 2123, 5, 1021.0, 1064.0, -1
4, 2124, 7, 1021.0, 1065.0, -1
4, 2125, 1, 1021.0, 1066.0, -1
4, 2126, 3, 1021.0, 1073.0, -1
4, 2127, 6, 1022.0, 1066.0, -1
4, 2128, 1, 1022.0, 1068.0, -1
4, 2129, 6, 1022.0, 1068.0, -1
4, 2130, 1, 1023.0, 1065.0, -1
4, 2131, 5, 1023.0, 1075.0, -1
4, 2132, 5, 1024.0, 1077.0, -1
4, 2133, 4, 1026.0, 1070.0, -1
4, 2134, 3, 1026.0, 1071.0, -1
4, 2135, 3, 1027.0, 1073.0, -1
4, 2136, 8, 1027.0, 1075.0, -1
4, 2137, 2, 1027.0, 1077.0, -1
4, 2138, 3, 1028.0, 1080.0, -1
4, 2139, 4, 1029.0, 1075.0, -1
4, 2140, 0, 1029.0, 1076.0, -1
4, 2141, 2, 1029.0, 1080.0, -1
4, 2142, 2, 1029.0, 1080.0, -1
4, 2143, 8, 1030.0, 1073.0, -1
4, 2144, 8, 1031.0, 1073.0, -1
4, 2145, 5, 1031.0, 1082.0, -1
4, 2146, 4, 1031.0, 1084.0, -1
4, 2147, 6, 1033.0, 1078.0, -1
4, 2148, 8, 1034.0, 1083.0, -1
4, 2149, 1, 1038.0, 1078.0, -1
4, 2150, 5, 1038.0, 1080.0, -1
4, 2151, 7, 1039.0, 1083.0, -1
4, 2152, 5, 1039.0, 1086.0, -1
4, 2153, 0, 1040.0, 1082.0, -1
4, 2154, 1, 1040.0, 1082.0, -1
4, 2155, 0, 1040.0, 1085.0, -1
4, 2156, 1, 1041.0, 1085.0, -1
4, 2157, 1, 1042.0, 1086.0, -1
4, 2158, 5, 1044.0, 1087.0, -1
4, 2159, 0, 1044.0, 1087.0, -1
4, 2160, 4, 1045.0, 1089.0, -1
4, 2161, 6, 1046.0, 1092.0, -1
4, 2162, 2, 1046.0, 1094.0, -1
4, 2163, 8, 1047.0, 1093.0, -1
4, 2164, 5, 1047.0, 1099.0, -1
4, 2165, 6, 1049.0, 1098.0, -1
4, 2166, 4, 1050.0, 1093.0, -1
4, 2167, 0, 1051.0, 1094.0, -1
4, 2168, 0, 1051.0, 1096.0, -1
4, 2169, 4, 1052.0, 1096.0, -1
4, 2170, 6, 1053.0, 1097.0, -1
4, 2171, 2, 1054.0, 1096.0, -1
4, 2172, 0, 1054.0, 1098.0, -1
4, 2173, 1, 1054.0, 1099.0, -1
4, 2174, 1, 1055.0, 1099.0, -1
4, 2175, 6, 1055.0, 1100.0, -1
4, 2176, 7, 1055.0, 1101.0, -1
4, 2177, 7, 1055.0, 1101.0, -1
4, 2178, 8, 1055.0, 1103.0, -1
4, 2179, 2, 1056.0, 1101.0, -1
4, 2180, 6, 1057.0, 1102.0, -1
4, 2181, 6, 1058.0, 1103.0, -1
4, 2182, 7, 1058.0, 1105.0, -1
4, 2183, 7, 1059.0, 1105.0, -1
4, 2184, 4, 1060.0, 1103.0, -1
4, 2185, 3, 1060.0, 1103.0, -1
4, 2186, 7, 1061.0, 1105.0, -1
4, 2187, 1, 1061.0, 1106.0, -1
4, 2188, 3, 1061.0, 1106.0, -1
4, 2189, 5, 1061.0, 1106.0, -1
4, 2190, 4, 1062.0, 1109.0, -1
4, 2191, 2, 1064.0, 1106.0, -1
4, 2192, 3, 1064.0, 1115.0, -1
4, 2193, 5, 1065.0, 1110.0, -1
4, 2194, 7, 1065.0, 1111.0, -1
4, 2195, 1, 1066.0, 1111.0, -1
4, 2196, 7, 1066.0, 1112.0, -1
4, 2197, 2, 1066.0, 1117.0, -1
4, 2198, 4, 1066.0, 1118.0, -1
4, 2199, 4, 1066.0, 1122.0, -1
4, 2200, 1, 1067.0, 1109.0, -1
4, 2201, 8, 1067.0, 1112.0, -1
4, 2202, 6, 1067.0, 1115.0, -1
4, 2203, 1, 1068.0, 1111.0, -1
4, 2204, 6, 1068.0, 1113.0, -1
4, 2205, 3, 1068.0, 1114.0, -1
4, 2206, 3, 1069.0, 1113.0, -1
4, 2207, 2, 1069.0, 1118.0, -1
4, 2208, 4, 1070.0, 1118.0, -1
4, 2209, 7, 1071.0, 1118.0, -1
4, 2210, 3, 1071.0, 1122.0, -1
4, 2211, 0, 1072.0, 1118.0, -1
4, 2212, 8, 1073.0, 1116.0, -1
4, 2213, 3, 1073.0, 1124.0, -1
4, 2214, 3, 1073.0, 1124.0, -1
4, 2215, 8, 1074.0, 1117.0, -1
4, 2216, 5, 1075.0, 1120.0, -1
4, 2217, 8, 1075.0, 1121.0, -1
4, 2218, 4, 1076.0, 1129.0, -1
4, 2219, 5, 1077.0, 1124.0, -1
4, 2220, 2, 1077.0, 1129.0, -1
4, 2221, 0, 1077.0, 1135.0, -1
4, 2222, 1, 1078.0, 1119.0, -1
4, 2223, 8, 1078.0, 1124.0, -1
4, 2224, 6, 1078.0, 1129.0, -1
4, 2225, 8, 1079.0, 1124.0, -1
4, 2226, 6, 1079.0, 1129.0, -1
4, 2227, 8, 1080.0, 1121.0, -1
4, 2228, 3, 1080.0, 1129.0, -1
4, 2229, 2, 1080.0, 1131.0, -1
4, 2230, 5, 1081.0, 1129.0, -1
4, 2231, 2, 1081.0, 1135.0, -1
4, 2232, 5, 1082.0, 1129.0, -1
4, 2233, 0, 1082.0, 1137.0, -1
4, 2234, 7, 1083.0, 1129.0, -1
4, 2235, 1, 1083.0, 1129.0, -1
4, 2236, 8, 1084.0, 1135.0, -1
4, 2237, 4, 1084.0, 1135.0, -1
4, 2238, 0, 1085.0, 1146.0, -1
4, 2239, 1, 1086.0, 1129.0, -1
4, 2240, 5, 1086.0, 1130.0, -1
4, 2241, 1, 1086.0, 1130.0, -1
4, 2242, 5, 1087.0, 1139.0, -1
4, 2243, 0, 1088.0, 1148.0, -1
4, 2244, 4, 1089.0, 1135.0, -1
4, 2245, 3, 1089.0, 1135.0, -1
4, 2246, 6, 1092.0, 1139.0, -1
4, 2247, 4, 1093.0, 1137.0, -1
4, 2248, 8, 1093.0, 1138.0, -1
4, 2249, 2, 1094.0, 1135.0, -1
4, 2250, 0, 1094.0, 1147.0, -1
4, 2251, 2, 1095.0, 1139.0, -1
4, 2252, 4, 1096.0, 1147.0, -1
4, 2253, 0, 1096.0, 1149.0, -1
4, 2254, 2, 1097.0, 1145.0, -1
4, 2255, 6, 1098.0, 1147.0, -1
4, 2256, 1, 1099.0, 1144.0, -1
4, 2257, 6, 1099.0, 1145.0, -1
4, 2258, 5, 1099.0, 1149.0, -1
4, 2259, 0, 1099.0, 1154.0, -1
4, 2260, 6, 1100.0, 1145.0, -1
4, 2261, 1, 1100.0, 1147.0, -1
4, 2262, 7, 1101.0, 1145.0, -1
4, 2263, 2, 1101.0, 1151.0, -1
4, 2264, 7, 1102.0, 1147.0, -1
4, 2265, 6, 1103.0, 1150.0, -1
4, 2266, 8, 1103.0, 1151.0, -1
4, 2267, 3, 1104.0, 1147.0, -1
4, 2268, 4, 1104.0, 1147.0, -1
4, 2269, 6, 1104.0, 1151.0, -1
4, 2270, 7, 1105.0, 1151.0, -1
4, 2271, 7, 1105.0, 1151.0, -1
4, 2272, 1, 1106.0, 1150.0, -1
4, 2273, 7, 1106.0, 1152.0, -1
4, 2274, 2, 1106.0, 1155.0, -1
4, 2275, 3, 1106.0, 1156.0, -1
4, 2276, 5, 1107.0, 1150.0, -1
4, 2277, 1, 1109.0, 1151.0, -1
4, 2278, 4, 1110.0, 1161.0, -1
4, 2279, 1, 1111.0, 1155.0, -1
4, 2280, 7, 1111.0, 1155.0, -1
4, 2281, 5, 1111.0, 1163.0, -1
4, 2282, 1, 1112.0, 1156.0, -1
4, 2283, 3, 1113.0, 1155.0, -1
4, 2284, 6, 1113.0, 1158.0, -1
4, 2285, 8, 1113.0, 1158.0, -1
4, 2286, 7, 1113.0, 1159.0, -1
4, 2287, 6, 1115.0, 1159.0, -1
4, 2288, 3, 1115.0, 1161.0, -1
4, 2289, 3, 1115.0, 1165.0, -1
4, 2290, 8, 1116.0, 1163.0, -1
4, 2291, 8, 1117.0, 1165.0, -1
4, 2292, 2, 1117.0, 1166.0, -1
4, 2293, 4, 1118.0, 1163.0, -1
4, 2294, 4, 1118.0, 1163.0, -1
4, 2295, 2, 1118.0, 1167.0, -1
4, 2296, 0, 1118.0, 1177.0, -1
4, 2297, 1, 1119.0, 1158.0, -1
4, 2298, 7, 1119.0, 1165.0, -1
4, 2299, 5, 1121.0, 1162.0, -1
4, 2300, 0, 1178.0, 1182.0, 1183.0
4, 2301, 7, 1178.0, 1182.0, 1184.0
4, 2302, 6, 1178.0, 1183.0, 1185.0
4, 2303, 7, 1178.0, 1183.0, 1186.0
4, 2304, 4, 1178.0, 1182.0, 1187.0
4, 2305, 4, 1178.0, 1183.0, 1187.0
4, 2306, 3, 1178.0, 1183.0, 1187.0
4, 2307, 1, 1178.0, 1184.0, 1189.0
4, 2308, 7, 1178.0, 1184.0, 1191.0
4, 2309, 7, 1178.0, 1187.0, 1193.0
4, 2310, 5, 1178.0, 1188.0, 1194.0
4, 2311, 1, 1178.0, 1188.0, 1194.0
4, 2312, 3, 1178.0, 1188.0, 1194.0
4, 2313, 4, 1178.0, 1188.0, 1194.0
4, 2314, 2, 1178.0, 1187.0, 1194.0
4, 2315, 7, 1178.0, 1187.0, 1195.0
4, 2316, 6, 1178.0, 1188.0, 1196.0
4, 2317, 2, 1178.0, 1188.0, 1196.0
4, 2318, 7, 1178.0, 1187.0, 1196.0
4, 2319, 4, 1178.0, 1188.0, 1198.0
4, 2320, 4, 1178.0, 1188.0, 1199.0
4, 2321, 6, 1178.0, 1187.0, 1199.0
4, 2322, 1, 1178.0, 1189.0, 1199.0
4, 2323, 7, 1178.0, 1187.0, 1199.0
4, 2324, 0, 1178.0, 1187.0, 1200.0
4, 2325, 1, 1178.0, 1189.0, 1200.0
4, 2326, 0, 1178.0, 1188.0, 1200.0
4, 2327, 4, 1178.0, 1188.0, 1201.0
4, 2328, 6, 1178.0, 1191.0, 1201.0
4, 2329, 4, 1178.0, 1188.0, 1201.0
4, 2330, 5, 1178.0, 1188.0, 1202.0
4, 2331, 7, 1178.0, 1190.0, 1202.0
4, 2332, 5, 1178.0, 1190.0, 1202.0
4, 2333, 7, 1178.0, 1190.0, 1203.0
4, 2334, 0, 1178.0, 1189.0, 1203.0
4, 2335, 8, 1178.0, 1192.0, 1204.0
4, 2336, 0, 1178.0, 1190.0, 1206.0
4, 2337, 2, 1178.0, 1191.0, 1207.0
4, 2338, 4, 1178.0, 1190.0, 1207.0
4, 2339, 8, 1178.0, 1193.0, 1208.0
4, 2340, 2, 1178.0, 1192.0, 1209.0
4, 2341, 1, 1178.0, 1193.0, 1209.0
4, 2342, 8, 1178.0, 1194.0, 1210.0
4, 2343, 2, 1178.0, 1192.0, 1210.0
4, 2344, 3, 1178.0, 1192.0, 1210.0
4, 2345, 8, 1178.0, 1192.0, 1211.0
4, 2346, 6, 1178.0, 1193.0, 1211.0
4, 2347, 1, 1178.0, 1193.0, 1212.0
4, 2348, 3, 1178.0, 1194.0, 1212.0
4, 2349, 6, 1178.0, 1193.0, 1214.0
4, 2350, 6, 1178.0, 1196.0, 1215.0
4, 2351, 5, 1178.0, 1194.0, 1215.0
4, 2352, 2, 1178.0, 1196.0, 1217.0
4, 2353, 5, 1178.0, 1196.0, 1218.0
4, 2354, 8, 1178.0, 1198.0, 1220.0
4, 2355, 4, 1178.0, 1195.0, 1221.0
4, 2356, 0, 1178.0, 1196.0, 1222.0
4, 2357, 0, 1178.0, 1199.0, 1223.0
4, 2358, 8, 1178.0, 1199.0, 1224.0
4, 2359, 2, 1178.0, 1198.0, 1224.0
4, 2360, 8, 1178.0, 1198.0, 1225.0
4, 2361, 3, 1178.0, 1200.0, 1226.0
4, 2362, 6, 1178.0, 1199.0, 1228.0
4, 2363, 0, 1178.0, 1200.0, 1232.0
4, 2364, 4, 1178.0, 1202.0, 1236.0
4, 2365, 3, 1178.0, 1201.0, 1237.0
4, 2366, 8, 1178.0, 1204.0, 1238.0
4, 2367, 6, 1178.0, 1205.0, 1239.0
4, 2368, 2, 1178.0, 1204.0, 1239.0
4, 2369, 1, 1178.0, 1206.0, 1240.0
4, 2370, 3, 1178.0, 1204.0, 1241.0
4, 2371, 7, 1178.0, 1205.0, 1243.0
4, 2372, 5, 1178.0, 1206.0, 1243.0
4, 2373, 0, 1178.0, 1205.0, 1243.0
4, 2374, 1, 1178.0, 1208.0, 1245.0
4, 2375, 6, 1178.0, 1206.0, 1246.0
4, 2376, 8, 1178.0, 1208.0, 1247.0
4, 2377, 5, 1178.0, 1208.0, 1249.0
4, 2378, 8, 1178.0, 1210.0, 1253.0
4, 2379, 3, 1178.0, 1210.0, 1256.0
4, 2380, 5, 1178.0, 1212.0, 1260.0
4, 2381, 3, 1178.0, 1214.0, 1262.0
4, 2382, 1, 1178.0, 1214.0, 1262.0
4, 2383, 2, 1178.0, 1216.0, 1271.0
4, 2384, 1, 1178.0, 1218.0, 1275.0
4, 2385, 5, 1178.0, 1223.0, 1284.0
4, 2386, 5, 1178.0, 1225.0, 1290.0
4, 2387, 2, 1178.0, 1231.0, 1310.0
4, 2388, 3, 1178.0, 1234.0, 1317.0
4, 2389, 0, 1184.0, 1192.0, 1201.0
4, 2390, 7, 1185.0, 1210.0, 1247.0
4, 2391, 6, 1185.0, 1210.0, 1248.0
4, 2392, 7, 1186.0, 1197.0, 1213.0
4, 2393, 4, 1187.0, 1191.0, 1200.0
4, 2394, 4, 1187.0, 1198.0, 1210.0
4, 2395, 3, 1187.0, 1218.0, 1272.0
4, 2396, 1, 1190.0, 1198.0, 1209.0
4, 2397, 7, 1191.0, 1257.0, 1361.0
4, 2398, 7, 1193.0, 1239.0, 1305.0
4, 2399, 4, 1194.0, 1198.0, 1203.0
4, 2400, 2, 1194.0, 1198.0, 1206.0
4, 2401, 1, 1194.0, 1201.0, 1208.0
4, 2402, 3, 1194.0, 1203.0, 1211.0
4, 2403, 5, 1194.0, 1202.0, 1211.0
4, 2404, 7, 1196.0, 1200.0, 1207.0
4, 2405, 6, 1196.0, 1222.0, 1262.0
4, 2406, 2, 1196.0, 1224.0, 1269.0
4, 2407, 7, 1197.0, 1205.0, 1216.0
4, 2408, 4, 1198.0, 1229.0, 1276.0
4, 2409, 6, 1199.0, 1203.0, 1205.0
4, 2410, 4, 1199.0, 1207.0, 1220.0
4, 2411, 7, 1200.0, 1204.0, 1212.0
4, 2412, 1, 1200.0, 1204.0, 1213.0
4, 2413, 4, 1200.0, 1208.0, 1221.0
4, 2414, 0, 1200.0, 1213.0, 1233.0
4, 2415, 0, 1200.0, 1215.0, 1235.0
4, 2416, 1, 1200.0, 1218.0, 1243.0
4, 2417, 6, 1201.0, 1205.0, 1207.0
4, 2418, 4, 1201.0, 1215.0, 1235.0
4, 2419, 4, 1201.0, 1229.0, 1275.0
4, 2420, 5, 1202.0, 1214.0, 1232.0
4, 2421, 0, 1202.0, 1216.0, 1236.0
4, 2422, 7, 1202.0, 1230.0, 1271.0
4, 2423, 5, 1202.0, 1230.0, 1271.0
4, 2424, 0, 1203.0, 1207.0, 1213.0
4, 2425, 7, 1203.0, 1214.0, 1225.0
4, 2426, 4, 1203.0, 1215.0, 1229.0
4, 2427, 8, 1204.0, 1212.0, 1223.0
4, 2428, 6, 1205.0, 1213.0, 1226.0
4, 2429, 0, 1207.0, 1210.0, 1214.0
4, 2430, 2, 1207.0, 1209.0, 1215.0
4, 2431, 4, 1207.0, 1212.0, 1221.0
4, 2432, 2, 1207.0, 1216.0, 1225.0
4, 2433, 7, 1207.0, 1218.0, 1234.0
4, 2434, 6, 1208.0, 1211.0, 1214.0
4, 2435, 1, 1208.0, 1211.0, 1216.0
4, 2436, 8, 1208.0, 1212.0, 1217.0
4, 2437, 1, 1209.0, 1217.0, 1223.0
4, 2438, 1, 1209.0, 1223.0, 1241.0
4, 2439, 2, 1209.0, 1241.0, 1286.0
4, 2440, 2, 1210.0, 1215.0, 1219.0
4, 2441, 8, 1210.0, 1218.0, 1227.0
4, 2442, 3, 1210.0, 1235.0, 1275.0
4, 2443, 6, 1211.0, 1219.0, 1229.0
4, 2444, 4, 1211.0, 1221.0, 1230.0
4, 2445, 3, 1211.0, 1219.0, 1231.0
4, 2446, 8, 1211.0, 1221.0, 1237.0
4, 2447, 5, 1211.0, 1228.0, 1256.0
4, 2448, 3, 1212.0, 1228.0, 1249.0
4, 2449, 1, 1212.0, 1229.0, 1255.0
4, 2450, 7, 1212.0, 1238.0, 1274.0
4, 2451, 0, 1213.0, 1216.0, 1223.0
4, 2452, 1, 1213.0, 1228.0, 1247.0
4, 2453, 7, 1213.0, 1247.0, 1297.0
4, 2454, 0, 1214.0, 1221.0, 1231.0
4, 2455, 6, 1214.0, 1230.0, 1252.0
4, 2456, 6, 1214.0, 1233.0, 1260.0
4, 2457, 2, 1215.0, 1219.0, 1224.0
4, 2458, 6, 1215.0, 1219.0, 1224.0
4, 2459, 5, 1215.0, 1220.0, 1226.0
4, 2460, 1, 1216.0, 1219.0, 1223.0
4, 2461, 7, 1216.0, 1253.0, 1308.0
4, 2462, 8, 1217.0, 1221.0, 1224.0
4, 2463, 2, 1217.0, 1237.0, 1266.0
4, 2464, 5, 1218.0, 1233.0, 1256.0
4, 2465, 2, 1219.0, 1224.0, 1226.0
4, 2466, 4, 1220.0, 1228.0, 1235.0
4, 2467, 8, 1220.0, 1245.0, 1277.0
4, 2468, 4, 1221.0, 1225.0, 1233.0
4, 2469, 4, 1221.0, 1226.0, 1235.0
4, 2470, 4, 1221.0, 1241.0, 1277.0
4, 2471, 0, 1222.0, 1234.0, 1253.0
4, 2472, 1, 1223.0, 1233.0, 1246.0
4, 2473, 0, 1224.0, 1227.0, 1234.0
4, 2474, 0, 1224.0, 1232.0, 1247.0
4, 2475, 8, 1224.0, 1249.0, 1286.0
4, 2476, 1, 1224.0, 1254.0, 1307.0
4, 2477, 8, 1225.0, 1233.0, 1238.0
4, 2478, 6, 1225.0, 1232.0, 1242.0
4, 2479, 8, 1225.0, 1233.0, 1245.0
4, 2480, 8, 1225.0, 1255.0, 1303.0
4, 2481, 2, 1225.0, 1277.0, 1384.0
4, 2482, 2, 1226.0, 1237.0, 1251.0
4, 2483, 7, 1226.0, 1237.0, 1253.0
4, 2484, 2, 1226.0, 1246.0, 1281.0
4, 2485, 2, 1227.0, 1230.0, 1232.0
4, 2486, 6, 1227.0, 1230.0, 1238.0
4, 2487, 3, 1227.0, 1231.0, 1240.0
4, 2488, 5, 1227.0, 1234.0, 1247.0
4, 2489, 8, 1228.0, 1244.0, 1269.0
4, 2490, 6, 1229.0, 1232.0, 1236.0
4, 2491, 4, 1230.0, 1240.0, 1254.0
4, 2492, 6, 1230.0, 1247.0, 1271.0
4, 2493, 4, 1230.0, 1250.0, 1282.0
4, 2494, 3, 1232.0, 1235.0, 1240.0
4, 2495, 0, 1232.0, 1235.0, 1241.0
4, 2496, 0, 1233.0, 1240.0, 1245.0
4, 2497, 5, 1233.0, 1249.0, 1276.0
4, 2498, 2, 1233.0, 1253.0, 1284.0
4, 2499, 0, 1233.0, 1262.0, 1308.0
