1, 0, 2, 9.0, 21.0, -1
1, 1, 7, 9.0, 21.0, -1
1, 2, 7, 9.0, 21.0, -1
1, 3, 2, 9.0, 21.0, -1
1, 4, 2, 9.0, 21.0, -1
1, 5, 2, 9.0, 21.0, -1
1, 6, 2, 9.0, 21.0, -1
1, 7, 2, 9.0, 22.0, -1
1, 8, 7, 10.0, 21.0, -1
1, 9, 7, 10.0, 21.0, -1
1, 10, 7, 10.0, 21.0, -1
1, 11, 7, 10.0, 21.0, -1
1, 12, 7, 10.0, 21.0, -1
1, 13, 2, 10.0, 22.0, -1
1, 14, 2, 10.0, 22.0, -1
1, 15, 7, 10.0, 22.0, -1
1, 16, 7, 10.0, 22.0, -1
1, 17, 2, 10.0, 22.0, -1
1, 18, 3, 10.0, 23.0, -1
1, 19, 3, 10.0, 23.0, -1
1, 20, 3, 10.0, 23.0, -1
1, 21, 3, 10.0, 23.0, -1
1, 22, 3, 10.0, 23.0, -1
1, 23, 3, 10.0, 23.0, -1
1, 24, 3, 10.0, 23.0, -1
1, 25, 3, 10.0, 23.0, -1
1, 26, 3, 10.0, 23.0, -1
1, 27, 3, 10.0, 24.0, -1
1, 28, 6, 10.0, 24.0, -1
1, 29, 6, 11.0, 23.0, -1
1, 30, 6, 11.0, 24.0, -1
1, 31, 5, 11.0, 24.0, -1
1, 32, 6, 11.0, 24.0, -1
1, 33, 6, 11.0, 24.0, -1
1, 34, 6, 11.0, 24.0, -1
1, 35, 6, 11.0, 24.0, -1
1, 36, 6, 11.0, 24.0, -1
1, 37, 6, 11.0, 24.0, -1
1, 38, 6, 11.0, 24.0, -1
1, 39, 5, 11.0, 24.0, -1
1, 40, 5, 11.0, 24.0, -1
1, 41, 5, 11.0, 24.0, -1
1, 42, 5, 11.0, 24.0, -1
1, 43, 0, 11.0, 24.0, -1
1, 44, 5, 11.0, 24.0, -1
1, 45, 5, 11.0, 24.0, -1
1, 46, 5, 11.0, 24.0, -1
1, 47, 5, 11.0, 25.0, -1
1, 48, 5, 11.0, 25.0, -1
1, 49, 0, 11.0, 25.0, -1
1, 50, 0, 12.0, 24.0, -1
1, 51, 0, 12.0, 24.0, -1
1, 52, 0, 12.0, 24.0, -1
1, 53, 0, 12.0, 25.0, -1
1, 54, 0, 12.0, 25.0, -1
1, 55, 4, 12.0, 25.0, -1
1, 56, 4, 12.0, 25.0, -1
1, 57, 0, 12.0, 25.0, -1
1, 58, 4, 12.0, 25.0, -1
1, 59, 4, 12.0, 25.0, -1
1, 60, 0, 12.0, 25.0, -1
1, 61, 4, 12.0, 25.0, -1
1, 62, 4, 12.0, 25.0, -1
1, 63, 0, 12.0, 25.0, -1
1, 64, 4, 12.0, 25.0, -1
1, 65, 4, 12.0, 25.0, -1
1, 66, 1, 12.0, 25.0, -1
1, 67, 4, 12.0, 25.0, -1
1, 68, 4, 12.0, 25.0, -1
1, 69, 1, 13.0, 25.0, -1
1, 70, 1, 13.0, 25.0, -1
1, 71, 1, 13.0, 25.0, -1
1, 72, 1, 13.0, 25.0, -1
1, 73, 1, 13.0, 26.0, -1
1, 74, 1, 13.0, 26.0, -1
1, 75, 1, 13.0, 26.0, -1
1, 76, 1, 13.0, 26.0, -1
1, 77, 8, 13.0, 26.0, -1
1, 78, 8, 13.0, 26.0, -1
1, 79, 8, 13.0, 26.0, -1
1, 80, 8, 13.0, 26.0, -1
1, 81, 8, 13.0, 26.0, -1
1, 82, 8, 13.0, 26.0, -1
1, 83, 8, 13.0, 26.0, -1
1, 84, 1, 13.0, 27.0, -1
1, 85, 8, 13.0, 27.0, -1
1, 86, 8, 13.0, 27.0, -1
1, 87, 8, 13.0, 27.0, -1
0, 88, 7, 21.0, 33.0, -1
0, 89, 7, 21.0, 33.0, -1
0, 90, 7, 21.0, 33.0, -1
0, 91, 7, 21.0, 33.0, -1
0, 92, 2, 21.0, 33.0, -1
0, 93, 2, 21.0, 34.0, -1
0, 94, 2, 21.0, 34.0, -1
0, 95, 7, 22.0, 33.0, -1
0, 96, 2, 22.0, 34.0, -1
0, 97, 7, 22.0, 34.0, -1
0, 98, 7, 22.0, 34.0, -1
0, 99, 2, 22.0, 34.0, -1
0, 100, 2, 22.0, 34.0, -1
0, 101, 7, 22.0, 34.0, -1
0, 102, 7, 22.0, 34.0, -1
0, 103, 2, 22.0, 34.0, -1
0, 104, 2, 22.0, 35.0, -1
0, 105, 2, 22.0, 35.0, -1
0, 106, 3, 23.0, 35.0, -1
0, 107, 6, 23.0, 35.0, -1
0, 108, 3, 23.0, 35.0, -1
0, 109, 3, 23.0, 35.0, -1
0, 110, 3, 23.0, 36.0, -1
0, 111, 3, 23.0, 36.0, -1
0, 112, 3, 23.0, 36.0, -1
0, 113, 3, 23.0, 36.0, -1
0, 114, 3, 23.0, 36.0, -1
1, 115, 5, 24.0, 36.0, -1
1, 116, 5, 24.0, 37.0, -1
0, 117, 5, 24.0, 36.0, -1
0, 118, 6, 24.0, 36.0, -1
0, 119, 6, 24.0, 36.0, -1
0, 120, 3, 24.0, 36.0, -1
0, 121, 6, 24.0, 36.0, -1
0, 122, 6, 24.0, 36.0, -1
0, 123, 0, 24.0, 36.0, -1
0, 124, 5, 24.0, 36.0, -1
0, 125, 6, 24.0, 36.0, -1
0, 126, 5, 24.0, 36.0, -1
0, 127, 6, 24.0, 36.0, -1
0, 128, 6, 24.0, 37.0, -1
0, 129, 3, 24.0, 37.0, -1
1, 130, 0, 25.0, 36.0, -1
1, 131, 4, 25.0, 37.0, -1
1, 132, 1, 25.0, 37.0, -1
1, 133, 0, 25.0, 37.0, -1
1, 134, 4, 25.0, 37.0, -1
1, 135, 0, 25.0, 37.0, -1
1, 136, 0, 25.0, 37.0, -1
1, 137, 1, 25.0, 37.0, -1
1, 138, 1, 25.0, 37.0, -1
1, 139, 0, 25.0, 37.0, -1
1, 140, 0, 25.0, 37.0, -1
1, 141, 5, 25.0, 37.0, -1
1, 142, 4, 25.0, 37.0, -1
1, 143, 4, 25.0, 37.0, -1
1, 144, 4, 25.0, 37.0, -1
1, 145, 0, 25.0, 37.0, -1
1, 146, 0, 25.0, 37.0, -1
1, 147, 4, 25.0, 38.0, -1
1, 148, 5, 25.0, 38.0, -1
1, 149, 0, 25.0, 38.0, -1
1, 150, 5, 25.0, 38.0, -1
0, 151, 5, 25.0, 36.0, -1
0, 152, 6, 25.0, 36.0, -1
0, 153, 6, 25.0, 37.0, -1
0, 154, 5, 25.0, 37.0, -1
1, 155, 1, 26.0, 38.0, -1
1, 156, 4, 26.0, 38.0, -1
1, 157, 1, 26.0, 38.0, -1
1, 158, 1, 26.0, 38.0, -1
1, 159, 8, 26.0, 38.0, -1
1, 160, 1, 26.0, 38.0, -1
1, 161, 4, 26.0, 38.0, -1
1, 162, 8, 26.0, 38.0, -1
1, 163, 8, 26.0, 38.0, -1
1, 164, 4, 26.0, 38.0, -1
1, 165, 4, 26.0, 38.0, -1
1, 166, 8, 26.0, 39.0, -1
1, 167, 1, 26.0, 39.0, -1
1, 168, 1, 26.0, 39.0, -1
1, 169, 8, 26.0, 40.0, -1
1, 170, 1, 27.0, 38.0, -1
1, 171, 8, 27.0, 39.0, -1
1, 172, 8, 27.0, 39.0, -1
1, 173, 8, 27.0, 39.0, -1
1, 174, 8, 27.0, 40.0, -1
1, 175, 8, 27.0, 40.0, -1
0, 176, 7, 33.0, 45.0, -1
0, 177, 7, 33.0, 45.0, -1
0, 178, 2, 33.0, 45.0, -1
0, 179, 7, 33.0, 45.0, -1
0, 180, 7, 33.0, 45.0, -1
0, 181, 7, 33.0, 45.0, -1
0, 182, 7, 34.0, 45.0, -1
0, 183, 2, 34.0, 46.0, -1
0, 184, 2, 34.0, 46.0, -1
0, 185, 7, 34.0, 46.0, -1
0, 186, 2, 34.0, 46.0, -1
0, 187, 2, 34.0, 46.0, -1
0, 188, 2, 34.0, 46.0, -1
0, 189, 7, 34.0, 46.0, -1
0, 190, 2, 34.0, 46.0, -1
0, 191, 7, 34.0, 47.0, -1
0, 192, 6, 35.0, 47.0, -1
0, 193, 3, 35.0, 47.0, -1
0, 194, 2, 35.0, 47.0, -1
0, 195, 3, 35.0, 47.0, -1
0, 196, 2, 35.0, 48.0, -1
0, 197, 3, 35.0, 48.0, -1
1, 198, 0, 36.0, 48.0, -1
1, 199, 5, 36.0, 48.0, -1
0, 200, 5, 36.0, 48.0, -1
0, 201, 3, 36.0, 48.0, -1
0, 202, 3, 36.0, 48.0, -1
0, 203, 3, 36.0, 48.0, -1
0, 204, 3, 36.0, 48.0, -1
0, 205, 6, 36.0, 49.0, -1
1, 206, 1, 37.0, 49.0, -1
1, 207, 5, 37.0, 49.0, -1
1, 208, 0, 37.0, 49.0, -1
1, 209, 1, 37.0, 49.0, -1
1, 210, 0, 37.0, 49.0, -1
1, 211, 5, 37.0, 49.0, -1
1, 212, 0, 37.0, 49.0, -1
1, 213, 4, 37.0, 49.0, -1
1, 214, 0, 37.0, 49.0, -1
1, 215, 1, 37.0, 49.0, -1
1, 216, 0, 37.0, 49.0, -1
1, 217, 4, 37.0, 49.0, -1
1, 218, 4, 37.0, 50.0, -1
0, 219, 6, 37.0, 48.0, -1
0, 220, 6, 37.0, 48.0, -1
0, 221, 6, 37.0, 48.0, -1
0, 222, 0, 37.0, 48.0, -1
0, 223, 3, 37.0, 48.0, -1
0, 224, 6, 37.0, 48.0, -1
0, 225, 6, 37.0, 48.0, -1
0, 226, 5, 37.0, 48.0, -1
0, 227, 6, 37.0, 48.0, -1
0, 228, 3, 37.0, 49.0, -1
0, 229, 5, 37.0, 49.0, -1
0, 230, 5, 37.0, 49.0, -1
0, 231, 5, 37.0, 49.0, -1
0, 232, 6, 37.0, 49.0, -1
0, 233, 6, 37.0, 49.0, -1
0, 234, 3, 37.0, 49.0, -1
1, 235, 8, 38.0, 50.0, -1
1, 236, 5, 38.0, 50.0, -1
1, 237, 0, 38.0, 50.0, -1
1, 238, 1, 38.0, 50.0, -1
1, 239, 8, 38.0, 50.0, -1
1, 240, 4, 38.0, 50.0, -1
1, 241, 1, 38.0, 50.0, -1
1, 242, 4, 38.0, 50.0, -1
1, 243, 1, 38.0, 50.0, -1
1, 244, 4, 38.0, 50.0, -1
1, 245, 8, 38.0, 50.0, -1
1, 246, 1, 38.0, 50.0, -1
1, 247, 0, 38.0, 50.0, -1
1, 248, 4, 38.0, 50.0, -1
1, 249, 1, 38.0, 50.0, -1
1, 250, 0, 38.0, 50.0, -1
1, 251, 4, 38.0, 50.0, -1
1, 252, 4, 38.0, 51.0, -1
1, 253, 5, 38.0, 51.0, -1
1, 254, 1, 39.0, 51.0, -1
1, 255, 1, 39.0, 51.0, -1
1, 256, 8, 39.0, 51.0, -1
1, 257, 4, 39.0, 51.0, -1
1, 258, 8, 39.0, 52.0, -1
1, 259, 8, 39.0, 52.0, -1
1, 260, 8, 39.0, 52.0, -1
1, 261, 8, 40.0, 52.0, -1
1, 262, 8, 40.0, 53.0, -1
1, 263, 8, 40.0, 56.0, -1
0, 264, 7, 45.0, 57.0, -1
0, 265, 2, 45.0, 57.0, -1
0, 266, 7, 46.0, 57.0, -1
0, 267, 7, 46.0, 57.0, -1
0, 268, 7, 46.0, 57.0, -1
0, 269, 7, 46.0, 58.0, -1
0, 270, 7, 46.0, 58.0, -1
0, 271, 7, 46.0, 58.0, -1
0, 272, 7, 46.0, 59.0, -1
0, 273, 2, 47.0, 57.0, -1
0, 274, 2, 47.0, 58.0, -1
0, 275, 2, 47.0, 58.0, -1
0, 276, 2, 47.0, 58.0, -1
0, 277, 2, 47.0, 58.0, -1
1, 278, 0, 48.0, 59.0, -1
1, 279, 5, 48.0, 61.0, -1
0, 280, 3, 48.0, 59.0, -1
0, 281, 3, 48.0, 59.0, -1
0, 282, 7, 48.0, 59.0, -1
0, 283, 2, 48.0, 59.0, -1
0, 284, 6, 48.0, 59.0, -1
0, 285, 2, 48.0, 59.0, -1
1, 286, 0, 49.0, 61.0, -1
1, 287, 1, 49.0, 61.0, -1
1, 288, 1, 49.0, 61.0, -1
1, 289, 5, 49.0, 61.0, -1
1, 290, 0, 49.0, 61.0, -1
1, 291, 5, 49.0, 61.0, -1
1, 292, 0, 49.0, 61.0, -1
1, 293, 1, 49.0, 62.0, -1
0, 294, 0, 49.0, 59.0, -1
0, 295, 5, 49.0, 60.0, -1
0, 296, 5, 49.0, 60.0, -1
0, 297, 3, 49.0, 60.0, -1
0, 298, 3, 49.0, 60.0, -1
0, 299, 6, 49.0, 60.0, -1
0, 300, 3, 49.0, 60.0, -1
0, 301, 3, 49.0, 60.0, -1
0, 302, 3, 49.0, 60.0, -1
0, 303, 2, 49.0, 60.0, -1
0, 304, 6, 49.0, 60.0, -1
0, 305, 6, 49.0, 60.0, -1
0, 306, 6, 49.0, 60.0, -1
0, 307, 6, 49.0, 60.0, -1
0, 308, 6, 49.0, 61.0, -1
0, 309, 3, 49.0, 61.0, -1
1, 310, 0, 50.0, 61.0, -1
1, 311, 4, 50.0, 61.0, -1
1, 312, 0, 50.0, 61.0, -1
1, 313, 0, 50.0, 61.0, -1
1, 314, 0, 50.0, 61.0, -1
1, 315, 1, 50.0, 62.0, -1
1, 316, 8, 50.0, 62.0, -1
1, 317, 1, 50.0, 62.0, -1
1, 318, 5, 50.0, 62.0, -1
1, 319, 4, 50.0, 62.0, -1
1, 320, 0, 50.0, 62.0, -1
1, 321, 4, 50.0, 62.0, -1
1, 322, 4, 50.0, 63.0, -1
1, 323, 1, 50.0, 63.0, -1
1, 324, 4, 50.0, 63.0, -1
1, 325, 1, 50.0, 63.0, -1
1, 326, 4, 50.0, 63.0, -1
1, 327, 1, 50.0, 63.0, -1
1, 328, 4, 50.0, 63.0, -1
1, 329, 8, 50.0, 63.0, -1
1, 330, 8, 50.0, 63.0, -1
0, 331, 5, 50.0, 61.0, -1
0, 332, 3, 50.0, 61.0, -1
0, 333, 5, 50.0, 61.0, -1
0, 334, 3, 50.0, 61.0, -1
0, 335, 6, 50.0, 62.0, -1
0, 336, 6, 50.0, 62.0, -1
0, 337, 6, 50.0, 62.0, -1
0, 338, 5, 50.0, 62.0, -1
1, 339, 1, 51.0, 63.0, -1
1, 340, 4, 51.0, 63.0, -1
1, 341, 5, 51.0, 63.0, -1
1, 342, 8, 51.0, 63.0, -1
1, 343, 1, 51.0, 63.0, -1
1, 344, 4, 51.0, 64.0, -1
1, 345, 4, 52.0, 64.0, -1
1, 346, 8, 52.0, 65.0, -1
1, 347, 8, 52.0, 66.0, -1
1, 348, 8, 52.0, 66.0, -1
1, 349, 8, 52.0, 67.0, -1
1, 350, 8, 53.0, 65.0, -1
1, 351, 8, 56.0, 69.0, -1
0, 352, 2, 58.0, 69.0, -1
0, 353, 2, 58.0, 69.0, -1
0, 354, 7, 58.0, 69.0, -1
0, 355, 7, 58.0, 69.0, -1
0, 356, 7, 58.0, 69.0, -1
0, 357, 7, 58.0, 70.0, -1
1, 358, 0, 59.0, 71.0, -1
0, 359, 7, 59.0, 69.0, -1
0, 360, 2, 59.0, 70.0, -1
0, 361, 7, 59.0, 70.0, -1
0, 362, 7, 59.0, 70.0, -1
0, 363, 2, 59.0, 70.0, -1
0, 364, 2, 59.0, 70.0, -1
0, 365, 2, 59.0, 70.0, -1
0, 366, 3, 60.0, 71.0, -1
0, 367, 2, 60.0, 71.0, -1
0, 368, 0, 60.0, 71.0, -1
0, 369, 6, 60.0, 71.0, -1
0, 370, 2, 60.0, 72.0, -1
0, 371, 7, 60.0, 72.0, -1
0, 372, 7, 60.0, 72.0, -1
0, 373, 3, 60.0, 72.0, -1
1, 374, 1, 61.0, 73.0, -1
0, 375, 5, 61.0, 72.0, -1
0, 376, 6, 61.0, 72.0, -1
0, 377, 6, 61.0, 72.0, -1
0, 378, 6, 61.0, 72.0, -1
0, 379, 6, 61.0, 72.0, -1
0, 380, 6, 61.0, 72.0, -1
0, 381, 3, 61.0, 73.0, -1
0, 382, 3, 61.0, 73.0, -1
0, 383, 2, 61.0, 73.0, -1
0, 384, 3, 61.0, 73.0, -1
0, 385, 3, 61.0, 73.0, -1
0, 386, 5, 61.0, 73.0, -1
0, 387, 3, 61.0, 73.0, -1
1, 388, 0, 62.0, 73.0, -1
1, 389, 5, 62.0, 73.0, -1
1, 390, 0, 62.0, 73.0, -1
1, 391, 0, 62.0, 73.0, -1
1, 392, 0, 62.0, 73.0, -1
1, 393, 4, 62.0, 73.0, -1
1, 394, 0, 62.0, 73.0, -1
1, 395, 5, 62.0, 73.0, -1
1, 396, 0, 62.0, 73.0, -1
1, 397, 5, 62.0, 74.0, -1
1, 398, 1, 62.0, 74.0, -1
0, 399, 6, 62.0, 73.0, -1
0, 400, 6, 62.0, 73.0, -1
0, 401, 5, 62.0, 73.0, -1
0, 402, 6, 62.0, 73.0, -1
0, 403, 3, 62.0, 73.0, -1
0, 404, 6, 62.0, 74.0, -1
0, 405, 3, 62.0, 74.0, -1
0, 406, 3, 62.0, 74.0, -1
0, 407, 5, 62.0, 74.0, -1
1, 408, 0, 63.0, 74.0, -1
1, 409, 5, 63.0, 74.0, -1
1, 410, 0, 63.0, 74.0, -1
1, 411, 4, 63.0, 74.0, -1
1, 412, 4, 63.0, 74.0, -1
1, 413, 8, 63.0, 74.0, -1
1, 414, 1, 63.0, 74.0, -1
1, 415, 1, 63.0, 75.0, -1
1, 416, 1, 63.0, 75.0, -1
0, 417, 5, 63.0, 74.0, -1
1, 418, 8, 64.0, 75.0, -1
1, 419, 4, 64.0, 76.0, -1
1, 420, 4, 64.0, 76.0, -1
1, 421, 4, 64.0, 76.0, -1
1, 422, 4, 64.0, 76.0, -1
1, 423, 5, 64.0, 76.0, -1
1, 424, 4, 64.0, 76.0, -1
1, 425, 1, 64.0, 76.0, -1
1, 426, 1, 64.0, 76.0, -1
1, 427, 1, 64.0, 76.0, -1
1, 428, 1, 64.0, 76.0, -1
1, 429, 8, 64.0, 76.0, -1
1, 430, 1, 64.0, 77.0, -1
1, 431, 8, 64.0, 77.0, -1
1, 432, 4, 65.0, 77.0, -1
1, 433, 4, 65.0, 77.0, -1
1, 434, 8, 66.0, 77.0, -1
1, 435, 8, 66.0, 78.0, -1
1, 436, 8, 67.0, 78.0, -1
1, 437, 8, 67.0, 80.0, -1
1, 438, 8, 68.0, 79.0, -1
1, 439, 8, 70.0, 83.0, -1
0, 440, 7, 70.0, 81.0, -1
0, 441, 2, 70.0, 81.0, -1
0, 442, 2, 70.0, 81.0, -1
0, 443, 7, 70.0, 81.0, -1
0, 444, 7, 70.0, 81.0, -1
0, 445, 7, 70.0, 82.0, -1
0, 446, 7, 70.0, 82.0, -1
0, 447, 2, 71.0, 82.0, -1
0, 448, 7, 71.0, 82.0, -1
0, 449, 2, 71.0, 82.0, -1
0, 450, 2, 71.0, 82.0, -1
0, 451, 2, 71.0, 83.0, -1
0, 452, 7, 71.0, 83.0, -1
1, 453, 0, 72.0, 83.0, -1
0, 454, 0, 72.0, 83.0, -1
0, 455, 3, 72.0, 83.0, -1
0, 456, 6, 72.0, 83.0, -1
0, 457, 2, 72.0, 84.0, -1
0, 458, 7, 73.0, 84.0, -1
0, 459, 7, 73.0, 84.0, -1
0, 460, 6, 73.0, 84.0, -1
0, 461, 6, 73.0, 84.0, -1
0, 462, 3, 73.0, 84.0, -1
0, 463, 5, 73.0, 84.0, -1
0, 464, 6, 73.0, 84.0, -1
0, 465, 2, 73.0, 85.0, -1
0, 466, 6, 73.0, 85.0, -1
0, 467, 6, 73.0, 85.0, -1
0, 468, 3, 73.0, 85.0, -1
0, 469, 3, 73.0, 85.0, -1
0, 470, 2, 73.0, 86.0, -1
1, 471, 0, 74.0, 85.0, -1
1, 472, 0, 74.0, 85.0, -1
1, 473, 0, 74.0, 85.0, -1
1, 474, 0, 74.0, 85.0, -1
1, 475, 1, 74.0, 85.0, -1
1, 476, 5, 74.0, 85.0, -1
1, 477, 5, 74.0, 86.0, -1
1, 478, 0, 74.0, 86.0, -1
1, 479, 0, 74.0, 86.0, -1
1, 480, 4, 74.0, 86.0, -1
0, 481, 6, 74.0, 85.0, -1
0, 482, 6, 74.0, 85.0, -1
0, 483, 3, 74.0, 85.0, -1
0, 484, 3, 74.0, 85.0, -1
0, 485, 5, 74.0, 85.0, -1
0, 486, 5, 74.0, 85.0, -1
0, 487, 3, 74.0, 85.0, -1
0, 488, 3, 74.0, 85.0, -1
0, 489, 6, 74.0, 86.0, -1
0, 490, 6, 74.0, 86.0, -1
1, 491, 1, 75.0, 85.0, -1
1, 492, 5, 75.0, 86.0, -1
1, 493, 0, 75.0, 86.0, -1
1, 494, 4, 75.0, 86.0, -1
1, 495, 0, 75.0, 86.0, -1
1, 496, 5, 75.0, 87.0, -1
1, 497, 1, 75.0, 87.0, -1
1, 498, 4, 75.0, 87.0, -1
1, 499, 8, 75.0, 87.0, -1
0, 500, 5, 75.0, 86.0, -1
0, 501, 5, 75.0, 86.0, -1
0, 502, 3, 75.0, 87.0, -1
0, 503, 3, 75.0, 87.0, -1
1, 504, 1, 76.0, 87.0, -1
1, 505, 1, 76.0, 88.0, -1
1, 506, 8, 76.0, 88.0, -1
1, 507, 1, 77.0, 88.0, -1
1, 508, 8, 77.0, 88.0, -1
1, 509, 5, 77.0, 88.0, -1
1, 510, 4, 77.0, 88.0, -1
1, 511, 4, 77.0, 88.0, -1
1, 512, 1, 77.0, 89.0, -1
1, 513, 4, 77.0, 89.0, -1
1, 514, 4, 77.0, 89.0, -1
1, 515, 4, 77.0, 89.0, -1
1, 516, 1, 77.0, 89.0, -1
1, 517, 1, 77.0, 90.0, -1
1, 518, 1, 78.0, 89.0, -1
1, 519, 4, 78.0, 90.0, -1
1, 520, 4, 78.0, 90.0, -1
1, 521, 8, 78.0, 90.0, -1
1, 522, 8, 78.0, 92.0, -1
1, 523, 8, 79.0, 90.0, -1
1, 524, 8, 79.0, 91.0, -1
1, 525, 8, 80.0, 91.0, -1
1, 526, 8, 81.0, 94.0, -1
0, 527, 7, 81.0, 93.0, -1
0, 528, 7, 82.0, 93.0, -1
0, 529, 7, 82.0, 93.0, -1
0, 530, 7, 82.0, 93.0, -1
0, 531, 2, 82.0, 93.0, -1
0, 532, 7, 82.0, 94.0, -1
0, 533, 2, 82.0, 94.0, -1
0, 534, 2, 83.0, 94.0, -1
0, 535, 7, 83.0, 95.0, -1
0, 536, 2, 83.0, 95.0, -1
0, 537, 2, 83.0, 95.0, -1
0, 538, 2, 83.0, 95.0, -1
1, 539, 0, 84.0, 95.0, -1
1, 540, 8, 84.0, 97.0, -1
0, 541, 0, 84.0, 95.0, -1
0, 542, 7, 84.0, 95.0, -1
0, 543, 3, 84.0, 96.0, -1
0, 544, 6, 84.0, 96.0, -1
0, 545, 7, 85.0, 96.0, -1
0, 546, 6, 85.0, 96.0, -1
0, 547, 7, 85.0, 96.0, -1
0, 548, 6, 85.0, 96.0, -1
0, 549, 5, 85.0, 97.0, -1
0, 550, 6, 85.0, 97.0, -1
0, 551, 2, 85.0, 97.0, -1
0, 552, 2, 85.0, 97.0, -1
0, 553, 3, 85.0, 98.0, -1
1, 554, 5, 86.0, 97.0, -1
1, 555, 0, 86.0, 97.0, -1
1, 556, 0, 86.0, 97.0, -1
1, 557, 0, 86.0, 97.0, -1
1, 558, 1, 86.0, 97.0, -1
1, 559, 0, 86.0, 98.0, -1
1, 560, 1, 86.0, 98.0, -1
0, 561, 5, 86.0, 97.0, -1
0, 562, 3, 86.0, 97.0, -1
0, 563, 3, 86.0, 97.0, -1
0, 564, 6, 86.0, 97.0, -1
0, 565, 3, 86.0, 97.0, -1
0, 566, 2, 86.0, 97.0, -1
0, 567, 5, 86.0, 98.0, -1
0, 568, 3, 86.0, 98.0, -1
0, 569, 6, 86.0, 98.0, -1
0, 570, 3, 86.0, 98.0, -1
0, 571, 6, 86.0, 98.0, -1
0, 572, 3, 86.0, 98.0, -1
0, 573, 6, 86.0, 98.0, -1
0, 574, 6, 86.0, 98.0, -1
1, 575, 0, 87.0, 98.0, -1
1, 576, 1, 87.0, 98.0, -1
1, 577, 5, 87.0, 98.0, -1
1, 578, 4, 87.0, 98.0, -1
1, 579, 0, 87.0, 98.0, -1
1, 580, 0, 87.0, 99.0, -1
1, 581, 5, 87.0, 99.0, -1
1, 582, 4, 87.0, 99.0, -1
1, 583, 0, 87.0, 99.0, -1
0, 584, 5, 87.0, 98.0, -1
0, 585, 6, 87.0, 99.0, -1
0, 586, 5, 87.0, 99.0, -1
1, 587, 4, 88.0, 99.0, -1
1, 588, 1, 88.0, 99.0, -1
1, 589, 5, 88.0, 100.0, -1
1, 590, 1, 88.0, 100.0, -1
1, 591, 8, 88.0, 100.0, -1
0, 592, 3, 88.0, 99.0, -1
0, 593, 3, 88.0, 100.0, -1
1, 594, 4, 89.0, 100.0, -1
1, 595, 5, 89.0, 100.0, -1
1, 596, 1, 89.0, 100.0, -1
1, 597, 4, 89.0, 101.0, -1
1, 598, 8, 89.0, 101.0, -1
1, 599, 8, 89.0, 101.0, -1
1, 600, 1, 90.0, 101.0, -1
1, 601, 1, 90.0, 101.0, -1
1, 602, 4, 90.0, 102.0, -1
1, 603, 4, 90.0, 102.0, -1
1, 604, 4, 90.0, 102.0, -1
1, 605, 1, 90.0, 103.0, -1
1, 606, 1, 91.0, 102.0, -1
1, 607, 4, 91.0, 102.0, -1
1, 608, 8, 91.0, 103.0, -1
1, 609, 8, 91.0, 103.0, -1
1, 610, 4, 91.0, 103.0, -1
1, 611, 8, 92.0, 103.0, -1
1, 612, 8, 92.0, 104.0, -1
1, 613, 8, 92.0, 105.0, -1
0, 614, 7, 94.0, 105.0, -1
0, 615, 7, 94.0, 105.0, -1
0, 616, 7, 94.0, 105.0, -1
0, 617, 7, 94.0, 105.0, -1
0, 618, 7, 94.0, 105.0, -1
0, 619, 2, 94.0, 106.0, -1
1, 620, 8, 95.0, 106.0, -1
0, 621, 2, 95.0, 106.0, -1
0, 622, 2, 95.0, 106.0, -1
1, 623, 0, 96.0, 108.0, -1
0, 624, 2, 96.0, 107.0, -1
0, 625, 7, 96.0, 107.0, -1
0, 626, 7, 96.0, 107.0, -1
0, 627, 0, 96.0, 107.0, -1
0, 628, 2, 96.0, 107.0, -1
0, 629, 2, 96.0, 107.0, -1
0, 630, 5, 97.0, 108.0, -1
0, 631, 7, 97.0, 108.0, -1
0, 632, 6, 97.0, 108.0, -1
0, 633, 6, 97.0, 109.0, -1
0, 634, 7, 97.0, 109.0, -1
0, 635, 3, 97.0, 109.0, -1
0, 636, 6, 97.0, 109.0, -1
0, 637, 6, 97.0, 109.0, -1
0, 638, 2, 97.0, 109.0, -1
1, 639, 0, 98.0, 109.0, -1
1, 640, 0, 98.0, 109.0, -1
1, 641, 5, 98.0, 109.0, -1
1, 642, 0, 98.0, 109.0, -1
1, 643, 1, 98.0, 110.0, -1
1, 644, 0, 98.0, 110.0, -1
1, 645, 8, 98.0, 110.0, -1
0, 646, 5, 98.0, 109.0, -1
0, 647, 2, 98.0, 110.0, -1
0, 648, 6, 98.0, 110.0, -1
0, 649, 5, 98.0, 110.0, -1
0, 650, 3, 98.0, 110.0, -1
0, 651, 3, 98.0, 110.0, -1
0, 652, 3, 98.0, 110.0, -1
0, 653, 6, 98.0, 110.0, -1
0, 654, 2, 98.0, 110.0, -1
0, 655, 3, 98.0, 111.0, -1
1, 656, 1, 99.0, 110.0, -1
1, 657, 0, 99.0, 110.0, -1
1, 658, 0, 99.0, 111.0, -1
1, 659, 1, 99.0, 111.0, -1
1, 660, 0, 99.0, 111.0, -1
1, 661, 4, 99.0, 111.0, -1
1, 662, 5, 99.0, 111.0, -1
0, 663, 5, 99.0, 110.0, -1
0, 664, 6, 99.0, 110.0, -1
0, 665, 3, 99.0, 111.0, -1
0, 666, 6, 99.0, 111.0, -1
0, 667, 6, 99.0, 111.0, -1
0, 668, 6, 99.0, 111.0, -1
0, 669, 3, 99.0, 111.0, -1
0, 670, 3, 99.0, 112.0, -1
1, 671, 1, 100.0, 111.0, -1
1, 672, 5, 100.0, 111.0, -1
1, 673, 4, 100.0, 112.0, -1
1, 674, 5, 100.0, 112.0, -1
1, 675, 0, 100.0, 112.0, -1
1, 676, 4, 100.0, 112.0, -1
0, 677, 5, 100.0, 111.0, -1
0, 678, 3, 100.0, 112.0, -1
1, 679, 4, 101.0, 112.0, -1
1, 680, 1, 101.0, 112.0, -1
1, 681, 5, 101.0, 113.0, -1
1, 682, 4, 101.0, 113.0, -1
1, 683, 1, 101.0, 113.0, -1
1, 684, 8, 101.0, 114.0, -1
0, 685, 3, 101.0, 113.0, -1
1, 686, 1, 102.0, 113.0, -1
1, 687, 4, 102.0, 114.0, -1
1, 688, 1, 102.0, 114.0, -1
1, 689, 8, 102.0, 114.0, -1
1, 690, 8, 102.0, 115.0, -1
1, 691, 1, 103.0, 114.0, -1
1, 692, 1, 103.0, 114.0, -1
1, 693, 4, 103.0, 115.0, -1
1, 694, 4, 103.0, 115.0, -1
1, 695, 4, 103.0, 115.0, -1
1, 696, 8, 104.0, 115.0, -1
1, 697, 4, 104.0, 116.0, -1
1, 698, 8, 104.0, 116.0, -1
1, 699, 8, 104.0, 116.0, -1
1, 700, 8, 105.0, 118.0, -1
1, 701, 8, 106.0, 117.0, -1
0, 702, 7, 106.0, 117.0, -1
0, 703, 7, 106.0, 117.0, -1
0, 704, 7, 106.0, 117.0, -1
0, 705, 2, 106.0, 117.0, -1
0, 706, 7, 106.0, 118.0, -1
0, 707, 7, 106.0, 118.0, -1
1, 708, 8, 107.0, 118.0, -1
0, 709, 2, 107.0, 118.0, -1
0, 710, 2, 107.0, 119.0, -1
1, 711, 0, 108.0, 120.0, -1
0, 712, 2, 108.0, 119.0, -1
0, 713, 7, 108.0, 119.0, -1
0, 714, 7, 108.0, 119.0, -1
0, 715, 0, 108.0, 120.0, -1
0, 716, 2, 108.0, 120.0, -1
0, 717, 2, 108.0, 120.0, -1
0, 718, 7, 109.0, 120.0, -1
0, 719, 6, 109.0, 120.0, -1
0, 720, 6, 109.0, 120.0, -1
0, 721, 7, 109.0, 121.0, -1
0, 722, 5, 109.0, 121.0, -1
1, 723, 0, 110.0, 121.0, -1
1, 724, 0, 110.0, 121.0, -1
1, 725, 0, 110.0, 122.0, -1
1, 726, 5, 110.0, 122.0, -1
0, 727, 6, 110.0, 121.0, -1
0, 728, 5, 110.0, 121.0, -1
0, 729, 2, 110.0, 121.0, -1
0, 730, 2, 110.0, 122.0, -1
0, 731, 6, 110.0, 122.0, -1
0, 732, 1, 110.0, 122.0, -1
0, 733, 6, 110.0, 122.0, -1
0, 734, 3, 110.0, 122.0, -1
0, 735, 1, 111.0, 122.0, -1
0, 736, 0, 111.0, 122.0, -1
0, 737, 3, 111.0, 122.0, -1
0, 738, 0, 111.0, 122.0, -1
0, 739, 0, 111.0, 122.0, -1
0, 740, 5, 111.0, 123.0, -1
0, 741, 1, 111.0, 123.0, -1
0, 742, 6, 111.0, 123.0, -1
0, 743, 8, 111.0, 123.0, -1
0, 744, 6, 111.0, 123.0, -1
0, 745, 3, 111.0, 123.0, -1
0, 746, 3, 111.0, 123.0, -1
0, 747, 3, 111.0, 123.0, -1
0, 748, 3, 111.0, 123.0, -1
0, 749, 5, 111.0, 123.0, -1
0, 750, 2, 111.0, 124.0, -1
0, 751, 6, 112.0, 123.0, -1
0, 752, 0, 112.0, 123.0, -1
0, 753, 0, 112.0, 123.0, -1
0, 754, 3, 112.0, 123.0, -1
0, 755, 6, 112.0, 123.0, -1
0, 756, 5, 112.0, 124.0, -1
0, 757, 5, 112.0, 124.0, -1
0, 758, 6, 112.0, 124.0, -1
0, 759, 4, 112.0, 124.0, -1
0, 760, 5, 112.0, 124.0, -1
0, 761, 4, 112.0, 124.0, -1
0, 762, 5, 112.0, 124.0, -1
0, 763, 1, 112.0, 124.0, -1
0, 764, 4, 113.0, 124.0, -1
0, 765, 5, 113.0, 124.0, -1
0, 766, 4, 113.0, 124.0, -1
0, 767, 4, 113.0, 125.0, -1
0, 768, 1, 113.0, 125.0, -1
0, 769, 3, 113.0, 125.0, -1
0, 770, 3, 113.0, 126.0, -1
0, 771, 1, 114.0, 125.0, -1
0, 772, 1, 114.0, 125.0, -1
0, 773, 8, 114.0, 125.0, -1
0, 774, 3, 114.0, 125.0, -1
0, 775, 4, 114.0, 126.0, -1
0, 776, 1, 114.0, 126.0, -1
0, 777, 1, 115.0, 126.0, -1
0, 778, 8, 115.0, 126.0, -1
0, 779, 1, 115.0, 126.0, -1
0, 780, 8, 115.0, 127.0, -1
0, 781, 4, 115.0, 127.0, -1
0, 782, 4, 115.0, 127.0, -1
0, 783, 4, 115.0, 128.0, -1
0, 784, 8, 116.0, 129.0, -1
0, 785, 8, 117.0, 128.0, -1
0, 786, 4, 117.0, 128.0, -1
0, 787, 8, 117.0, 129.0, -1
0, 788, 7, 118.0, 129.0, -1
0, 789, 7, 118.0, 129.0, -1
0, 790, 2, 118.0, 129.0, -1
0, 791, 7, 118.0, 129.0, -1
0, 792, 7, 118.0, 130.0, -1
0, 793, 2, 118.0, 130.0, -1
0, 794, 8, 118.0, 131.0, -1
0, 795, 8, 119.0, 130.0, -1
0, 796, 7, 119.0, 130.0, -1
0, 797, 8, 119.0, 132.0, -1
0, 798, 2, 120.0, 131.0, -1
0, 799, 2, 120.0, 131.0, -1
1, 800, 6, 124.0, 127.0, 128.0
1, 801, 5, 124.0, 127.0, 129.0
1, 802, 2, 124.0, 128.0, 129.0
1, 803, 3, 124.0, 127.0, 130.0
1, 804, 2, 124.0, 127.0, 130.0
1, 805, 8, 124.0, 127.0, 132.0
1, 806, 7, 124.0, 128.0, 133.0
1, 807, 0, 124.0, 130.0, 136.0
1, 808, 0, 124.0, 131.0, 137.0
1, 809, 0, 124.0, 130.0, 137.0
1, 810, 5, 124.0, 130.0, 138.0
1, 811, 7, 124.0, 132.0, 139.0
1, 812, 6, 124.0, 134.0, 140.0
1, 813, 6, 124.0, 133.0, 140.0
1, 814, 6, 124.0, 134.0, 142.0
1, 815, 7, 124.0, 132.0, 142.0
1, 816, 0, 124.0, 134.0, 142.0
1, 817, 3, 124.0, 134.0, 142.0
1, 818, 0, 124.0, 134.0, 143.0
1, 819, 2, 124.0, 132.0, 143.0
1, 820, 0, 124.0, 134.0, 145.0
1, 821, 1, 124.0, 133.0, 145.0
1, 822, 0, 124.0, 134.0, 145.0
1, 823, 3, 124.0, 132.0, 146.0
1, 824, 6, 124.0, 134.0, 146.0
1, 825, 5, 124.0, 134.0, 146.0
1, 826, 6, 124.0, 134.0, 147.0
1, 827, 5, 124.0, 135.0, 148.0
1, 828, 1, 124.0, 135.0, 148.0
1, 829, 5, 124.0, 137.0, 152.0
1, 830, 3, 124.0, 136.0, 152.0
1, 831, 5, 124.0, 138.0, 152.0
1, 832, 6, 124.0, 137.0, 153.0
1, 833, 3, 124.0, 136.0, 154.0
1, 834, 0, 124.0, 138.0, 154.0
1, 835, 3, 124.0, 136.0, 154.0
1, 836, 5, 124.0, 138.0, 157.0
1, 837, 7, 124.0, 139.0, 157.0
1, 838, 6, 124.0, 139.0, 158.0
1, 839, 0, 124.0, 141.0, 159.0
1, 840, 3, 124.0, 138.0, 160.0
1, 841, 1, 124.0, 141.0, 160.0
1, 842, 4, 124.0, 140.0, 162.0
1, 843, 2, 124.0, 140.0, 163.0
1, 844, 6, 124.0, 143.0, 165.0
1, 845, 0, 124.0, 143.0, 171.0
1, 846, 4, 125.0, 128.0, 130.0
1, 847, 5, 125.0, 130.0, 134.0
1, 848, 1, 125.0, 130.0, 136.0
1, 849, 6, 125.0, 130.0, 136.0
1, 850, 4, 125.0, 133.0, 140.0
1, 851, 5, 125.0, 134.0, 141.0
1, 852, 1, 125.0, 136.0, 148.0
1, 853, 4, 125.0, 135.0, 148.0
1, 854, 2, 125.0, 136.0, 151.0
1, 855, 1, 125.0, 138.0, 153.0
1, 856, 4, 125.0, 139.0, 160.0
1, 857, 1, 125.0, 147.0, 176.0
1, 858, 5, 125.0, 173.0, 244.0
1, 859, 8, 126.0, 129.0, 133.0
1, 860, 4, 126.0, 134.0, 142.0
1, 861, 1, 126.0, 135.0, 146.0
1, 862, 3, 126.0, 138.0, 151.0
1, 863, 3, 126.0, 140.0, 160.0
1, 864, 3, 126.0, 140.0, 160.0
1, 865, 1, 126.0, 141.0, 165.0
1, 866, 8, 127.0, 130.0, 137.0
1, 867, 4, 127.0, 135.0, 142.0
1, 868, 1, 127.0, 141.0, 159.0
1, 869, 8, 127.0, 144.0, 164.0
1, 870, 4, 127.0, 145.0, 168.0
1, 871, 8, 128.0, 142.0, 160.0
1, 872, 4, 128.0, 150.0, 177.0
1, 873, 7, 129.0, 132.0, 134.0
1, 874, 7, 129.0, 132.0, 141.0
1, 875, 4, 129.0, 138.0, 151.0
1, 876, 6, 129.0, 140.0, 153.0
1, 877, 5, 129.0, 145.0, 170.0
1, 878, 3, 130.0, 134.0, 141.0
1, 879, 2, 130.0, 138.0, 146.0
1, 880, 7, 130.0, 137.0, 146.0
1, 881, 2, 130.0, 138.0, 148.0
1, 882, 7, 130.0, 140.0, 155.0
1, 883, 2, 130.0, 146.0, 168.0
1, 884, 4, 130.0, 149.0, 173.0
1, 885, 2, 130.0, 151.0, 178.0
1, 886, 8, 130.0, 167.0, 216.0
1, 887, 8, 130.0, 172.0, 235.0
1, 888, 8, 131.0, 136.0, 141.0
1, 889, 8, 131.0, 136.0, 141.0
1, 890, 7, 131.0, 138.0, 146.0
1, 891, 8, 132.0, 137.0, 139.0
1, 892, 2, 132.0, 136.0, 143.0
1, 893, 2, 132.0, 148.0, 168.0
1, 894, 8, 132.0, 159.0, 194.0
1, 895, 7, 133.0, 173.0, 226.0
0, 896, 8, 134.0, 151.0, 171.0
0, 897, 5, 135.0, 145.0, 160.0
0, 898, 7, 135.0, 151.0, 173.0
0, 899, 1, 137.0, 145.0, 151.0
0, 900, 0, 137.0, 145.0, 152.0
0, 901, 6, 137.0, 149.0, 164.0
0, 902, 0, 138.0, 141.0, 142.0
0, 903, 0, 138.0, 141.0, 146.0
0, 904, 8, 138.0, 150.0, 163.0
0, 905, 5, 138.0, 149.0, 166.0
0, 906, 7, 139.0, 143.0, 144.0
0, 907, 8, 140.0, 156.0, 175.0
0, 908, 7, 141.0, 144.0, 149.0
0, 909, 6, 141.0, 144.0, 153.0
0, 910, 5, 141.0, 148.0, 161.0
0, 911, 8, 141.0, 150.0, 162.0
0, 912, 6, 141.0, 153.0, 168.0
0, 913, 4, 141.0, 152.0, 169.0
0, 914, 8, 141.0, 158.0, 182.0
0, 915, 3, 142.0, 145.0, 146.0
0, 916, 7, 142.0, 145.0, 148.0
0, 917, 0, 142.0, 149.0, 160.0
0, 918, 6, 142.0, 149.0, 160.0
0, 919, 3, 142.0, 154.0, 176.0
0, 920, 0, 143.0, 150.0, 162.0
0, 921, 4, 143.0, 151.0, 165.0
0, 922, 0, 143.0, 156.0, 174.0
0, 923, 4, 143.0, 156.0, 177.0
0, 924, 2, 144.0, 151.0, 166.0
0, 925, 2, 144.0, 161.0, 191.0
0, 926, 7, 145.0, 148.0, 156.0
0, 927, 1, 145.0, 152.0, 159.0
0, 928, 0, 145.0, 152.0, 165.0
0, 929, 0, 146.0, 149.0, 152.0
0, 930, 0, 146.0, 149.0, 156.0
0, 931, 3, 146.0, 153.0, 162.0
0, 932, 2, 146.0, 159.0, 181.0
0, 933, 6, 147.0, 153.0, 160.0
0, 934, 5, 147.0, 154.0, 163.0
0, 935, 3, 147.0, 154.0, 164.0
0, 936, 7, 147.0, 155.0, 166.0
0, 937, 7, 147.0, 157.0, 171.0
0, 938, 1, 147.0, 157.0, 173.0
0, 939, 5, 148.0, 151.0, 158.0
0, 940, 1, 148.0, 151.0, 159.0
0, 941, 6, 148.0, 155.0, 167.0
0, 942, 7, 148.0, 157.0, 171.0
0, 943, 2, 148.0, 163.0, 185.0
1, 944, 1, 149.0, 156.0, 165.0
0, 945, 7, 149.0, 152.0, 156.0
0, 946, 4, 149.0, 156.0, 164.0
1, 947, 4, 151.0, 158.0, 169.0
1, 948, 2, 152.0, 155.0, 164.0
1, 949, 3, 152.0, 165.0, 186.0
0, 950, 3, 152.0, 155.0, 163.0
0, 951, 5, 152.0, 159.0, 166.0
0, 952, 1, 152.0, 159.0, 171.0
0, 953, 6, 153.0, 156.0, 158.0
0, 954, 6, 153.0, 165.0, 180.0
0, 955, 6, 153.0, 166.0, 184.0
0, 956, 0, 153.0, 198.0, 264.0
0, 957, 0, 154.0, 157.0, 161.0
0, 958, 3, 154.0, 164.0, 176.0
0, 959, 3, 154.0, 167.0, 186.0
0, 960, 1, 154.0, 175.0, 206.0
0, 961, 5, 155.0, 164.0, 180.0
0, 962, 0, 155.0, 168.0, 187.0
0, 963, 7, 156.0, 163.0, 171.0
0, 964, 7, 157.0, 160.0, 167.0
0, 965, 7, 157.0, 164.0, 175.0
0, 966, 0, 157.0, 173.0, 200.0
0, 967, 7, 158.0, 172.0, 191.0
0, 968, 5, 158.0, 171.0, 193.0
0, 969, 6, 158.0, 174.0, 196.0
0, 970, 6, 159.0, 166.0, 173.0
0, 971, 1, 159.0, 166.0, 179.0
0, 972, 0, 159.0, 173.0, 192.0
0, 973, 5, 159.0, 179.0, 208.0
0, 974, 3, 160.0, 164.0, 167.0
0, 975, 5, 160.0, 164.0, 173.0
0, 976, 1, 160.0, 170.0, 183.0
0, 977, 0, 160.0, 175.0, 192.0
0, 978, 1, 160.0, 175.0, 197.0
0, 979, 3, 160.0, 181.0, 210.0
0, 980, 3, 160.0, 194.0, 245.0
0, 981, 8, 161.0, 164.0, 171.0
0, 982, 0, 161.0, 168.0, 177.0
0, 983, 5, 161.0, 168.0, 177.0
0, 984, 6, 161.0, 168.0, 177.0
0, 985, 4, 161.0, 170.0, 186.0
0, 986, 1, 161.0, 178.0, 202.0
0, 987, 6, 161.0, 199.0, 261.0
0, 988, 3, 163.0, 166.0, 171.0
0, 989, 4, 163.0, 166.0, 171.0
0, 990, 0, 163.0, 166.0, 173.0
0, 991, 8, 163.0, 170.0, 179.0
0, 992, 2, 163.0, 177.0, 199.0
0, 993, 3, 164.0, 168.0, 170.0
0, 994, 2, 164.0, 167.0, 173.0
0, 995, 4, 164.0, 171.0, 181.0
0, 996, 3, 164.0, 171.0, 182.0
0, 997, 8, 164.0, 177.0, 196.0
0, 998, 5, 164.0, 189.0, 237.0
0, 999, 8, 164.0, 202.0, 257.0
