0, 0, 7, 9.0, 52.0, -1
0, 1, 7, 9.0, 53.0, -1
0, 2, 7, 9.0, 54.0, -1
0, 3, 7, 9.0, 55.0, -1
0, 4, 5, 9.0, 55.0, -1
0, 5, 5, 9.0, 55.0, -1
0, 6, 5, 9.0, 55.0, -1
0, 7, 5, 9.0, 55.0, -1
0, 8, 5, 9.0, 56.0, -1
0, 9, 5, 9.0, 56.0, -1
0, 10, 5, 9.0, 56.0, -1
0, 11, 5, 9.0, 57.0, -1
0, 12, 5, 9.0, 58.0, -1
0, 13, 5, 9.0, 58.0, -1
0, 14, 7, 10.0, 52.0, -1
0, 15, 7, 10.0, 52.0, -1
0, 16, 7, 10.0, 54.0, -1
0, 17, 7, 10.0, 54.0, -1
0, 18, 1, 10.0, 54.0, -1
0, 19, 1, 10.0, 54.0, -1
0, 20, 1, 10.0, 54.0, -1
0, 21, 1, 10.0, 54.0, -1
0, 22, 7, 10.0, 55.0, -1
0, 23, 1, 10.0, 55.0, -1
0, 24, 1, 10.0, 55.0, -1
0, 25, 1, 10.0, 55.0, -1
0, 26, 1, 10.0, 55.0, -1
0, 27, 1, 10.0, 57.0, -1
0, 28, 0, 10.0, 58.0, -1
0, 29, 1, 10.0, 60.0, -1
0, 30, 0, 11.0, 52.0, -1
0, 31, 0, 11.0, 53.0, -1
0, 32, 0, 11.0, 53.0, -1
0, 33, 0, 11.0, 53.0, -1
0, 34, 8, 11.0, 54.0, -1
0, 35, 8, 11.0, 54.0, -1
0, 36, 8, 11.0, 54.0, -1
0, 37, 0, 11.0, 54.0, -1
0, 38, 0, 11.0, 54.0, -1
0, 39, 8, 11.0, 55.0, -1
0, 40, 8, 11.0, 55.0, -1
0, 41, 0, 11.0, 55.0, -1
0, 42, 0, 11.0, 55.0, -1
0, 43, 8, 11.0, 55.0, -1
0, 44, 8, 11.0, 56.0, -1
0, 45, 0, 11.0, 56.0, -1
0, 46, 8, 11.0, 57.0, -1
0, 47, 8, 11.0, 58.0, -1
0, 48, 8, 11.0, 59.0, -1
0, 49, 2, 12.0, 56.0, -1
0, 50, 6, 12.0, 56.0, -1
0, 51, 6, 12.0, 57.0, -1
0, 52, 2, 12.0, 57.0, -1
0, 53, 2, 12.0, 57.0, -1
0, 54, 6, 12.0, 57.0, -1
0, 55, 2, 12.0, 57.0, -1
0, 56, 2, 12.0, 58.0, -1
0, 57, 6, 12.0, 58.0, -1
0, 58, 6, 12.0, 58.0, -1
0, 59, 6, 12.0, 58.0, -1
0, 60, 6, 12.0, 58.0, -1
0, 61, 6, 12.0, 58.0, -1
0, 62, 2, 12.0, 58.0, -1
0, 63, 2, 12.0, 59.0, -1
0, 64, 6, 12.0, 59.0, -1
0, 65, 2, 12.0, 59.0, -1
0, 66, 2, 12.0, 60.0, -1
0, 67, 6, 12.0, 60.0, -1
0, 68, 2, 12.0, 60.0, -1
0, 69, 4, 13.0, 57.0, -1
0, 70, 3, 13.0, 57.0, -1
0, 71, 4, 13.0, 57.0, -1
0, 72, 4, 13.0, 57.0, -1
0, 73, 4, 13.0, 57.0, -1
0, 74, 4, 13.0, 58.0, -1
0, 75, 4, 13.0, 58.0, -1
0, 76, 3, 13.0, 58.0, -1
0, 77, 4, 13.0, 58.0, -1
0, 78, 4, 13.0, 58.0, -1
0, 79, 4, 13.0, 59.0, -1
0, 80, 4, 13.0, 59.0, -1
0, 81, 3, 13.0, 59.0, -1
0, 82, 3, 13.0, 60.0, -1
0, 83, 3, 13.0, 60.0, -1
0, 84, 3, 13.0, 60.0, -1
0, 85, 3, 13.0, 60.0, -1
0, 86, 3, 13.0, 60.0, -1
0, 87, 3, 13.0, 61.0, -1
0, 88, 3, 13.0, 62.0, -1
0, 89, 7, 53.0, 95.0, -1
0, 90, 0, 53.0, 96.0, -1
0, 91, 7, 53.0, 97.0, -1
0, 92, 7, 53.0, 97.0, -1
0, 93, 0, 53.0, 99.0, -1
0, 94, 0, 54.0, 96.0, -1
0, 95, 8, 54.0, 96.0, -1
0, 96, 0, 54.0, 96.0, -1
0, 97, 7, 54.0, 96.0, -1
0, 98, 7, 54.0, 96.0, -1
0, 99, 7, 54.0, 97.0, -1
0, 100, 7, 54.0, 99.0, -1
0, 101, 8, 54.0, 99.0, -1
0, 102, 1, 55.0, 97.0, -1
0, 103, 1, 55.0, 97.0, -1
0, 104, 0, 55.0, 97.0, -1
0, 105, 0, 55.0, 98.0, -1
0, 106, 7, 55.0, 99.0, -1
0, 107, 8, 55.0, 99.0, -1
0, 108, 8, 55.0, 99.0, -1
0, 109, 1, 55.0, 100.0, -1
0, 110, 1, 55.0, 100.0, -1
0, 111, 7, 55.0, 101.0, -1
0, 112, 5, 55.0, 101.0, -1
0, 113, 2, 56.0, 96.0, -1
0, 114, 8, 56.0, 98.0, -1
0, 115, 1, 56.0, 98.0, -1
0, 116, 1, 56.0, 99.0, -1
0, 117, 5, 56.0, 100.0, -1
0, 118, 5, 56.0, 100.0, -1
0, 119, 0, 56.0, 101.0, -1
0, 120, 1, 56.0, 101.0, -1
0, 121, 8, 56.0, 101.0, -1
0, 122, 5, 56.0, 101.0, -1
0, 123, 1, 56.0, 102.0, -1
0, 124, 8, 56.0, 102.0, -1
0, 125, 5, 56.0, 102.0, -1
0, 126, 0, 56.0, 102.0, -1
0, 127, 8, 57.0, 99.0, -1
0, 128, 6, 57.0, 100.0, -1
0, 129, 0, 57.0, 100.0, -1
0, 130, 4, 57.0, 101.0, -1
0, 131, 5, 57.0, 102.0, -1
0, 132, 5, 57.0, 102.0, -1
0, 133, 3, 57.0, 104.0, -1
0, 134, 6, 58.0, 99.0, -1
0, 135, 6, 58.0, 101.0, -1
0, 136, 0, 58.0, 101.0, -1
0, 137, 6, 58.0, 101.0, -1
0, 138, 4, 58.0, 101.0, -1
0, 139, 4, 58.0, 101.0, -1
0, 140, 1, 58.0, 101.0, -1
0, 141, 3, 58.0, 101.0, -1
0, 142, 2, 58.0, 102.0, -1
0, 143, 4, 58.0, 102.0, -1
0, 144, 5, 58.0, 102.0, -1
0, 145, 4, 58.0, 103.0, -1
0, 146, 4, 58.0, 103.0, -1
0, 147, 8, 58.0, 103.0, -1
0, 148, 5, 58.0, 103.0, -1
0, 149, 2, 58.0, 103.0, -1
0, 150, 5, 58.0, 103.0, -1
0, 151, 4, 58.0, 104.0, -1
0, 152, 2, 58.0, 105.0, -1
0, 153, 2, 58.0, 106.0, -1
0, 154, 6, 59.0, 102.0, -1
0, 155, 3, 59.0, 102.0, -1
0, 156, 8, 59.0, 103.0, -1
0, 157, 6, 59.0, 103.0, -1
0, 158, 2, 59.0, 104.0, -1
0, 159, 4, 59.0, 104.0, -1
0, 160, 4, 59.0, 104.0, -1
0, 161, 6, 59.0, 104.0, -1
0, 162, 6, 59.0, 105.0, -1
0, 163, 4, 59.0, 107.0, -1
0, 164, 6, 60.0, 102.0, -1
0, 165, 1, 60.0, 103.0, -1
0, 166, 3, 60.0, 103.0, -1
0, 167, 2, 60.0, 103.0, -1
0, 168, 2, 60.0, 103.0, -1
0, 169, 3, 60.0, 104.0, -1
0, 170, 2, 60.0, 104.0, -1
0, 171, 3, 60.0, 105.0, -1
0, 172, 3, 61.0, 104.0, -1
0, 173, 2, 61.0, 105.0, -1
0, 174, 3, 61.0, 105.0, -1
0, 175, 3, 61.0, 106.0, -1
0, 176, 6, 61.0, 106.0, -1
0, 177, 3, 62.0, 112.0, -1
0, 178, 7, 95.0, 141.0, -1
0, 179, 0, 96.0, 136.0, -1
0, 180, 2, 96.0, 137.0, -1
0, 181, 0, 96.0, 140.0, -1
0, 182, 8, 96.0, 140.0, -1
0, 183, 0, 96.0, 140.0, -1
0, 184, 1, 97.0, 138.0, -1
0, 185, 1, 97.0, 139.0, -1
0, 186, 7, 97.0, 140.0, -1
0, 187, 7, 97.0, 141.0, -1
0, 188, 7, 97.0, 141.0, -1
0, 189, 7, 97.0, 143.0, -1
0, 190, 7, 97.0, 144.0, -1
0, 191, 0, 98.0, 141.0, -1
0, 192, 8, 98.0, 142.0, -1
0, 193, 0, 98.0, 142.0, -1
0, 194, 7, 99.0, 141.0, -1
0, 195, 8, 99.0, 142.0, -1
0, 196, 7, 99.0, 143.0, -1
0, 197, 1, 99.0, 144.0, -1
0, 198, 1, 99.0, 144.0, -1
0, 199, 0, 99.0, 146.0, -1
0, 200, 6, 100.0, 142.0, -1
0, 201, 0, 100.0, 142.0, -1
0, 202, 8, 100.0, 143.0, -1
0, 203, 8, 100.0, 144.0, -1
0, 204, 6, 100.0, 145.0, -1
0, 205, 8, 100.0, 145.0, -1
0, 206, 4, 101.0, 142.0, -1
0, 207, 6, 101.0, 143.0, -1
0, 208, 4, 101.0, 143.0, -1
0, 209, 0, 101.0, 144.0, -1
0, 210, 1, 101.0, 144.0, -1
0, 211, 1, 101.0, 144.0, -1
0, 212, 5, 101.0, 145.0, -1
0, 213, 5, 101.0, 145.0, -1
0, 214, 0, 101.0, 146.0, -1
0, 215, 6, 101.0, 146.0, -1
0, 216, 4, 101.0, 147.0, -1
0, 217, 1, 101.0, 147.0, -1
0, 218, 5, 101.0, 148.0, -1
0, 219, 7, 101.0, 148.0, -1
0, 220, 8, 102.0, 144.0, -1
0, 221, 2, 102.0, 145.0, -1
0, 222, 5, 102.0, 145.0, -1
0, 223, 1, 102.0, 145.0, -1
0, 224, 4, 102.0, 145.0, -1
0, 225, 8, 102.0, 146.0, -1
0, 226, 5, 102.0, 146.0, -1
0, 227, 3, 102.0, 146.0, -1
0, 228, 1, 102.0, 147.0, -1
0, 229, 5, 102.0, 147.0, -1
0, 230, 6, 102.0, 147.0, -1
0, 231, 6, 102.0, 148.0, -1
0, 232, 3, 102.0, 149.0, -1
0, 233, 8, 103.0, 145.0, -1
0, 234, 0, 103.0, 146.0, -1
0, 235, 1, 103.0, 146.0, -1
0, 236, 3, 103.0, 147.0, -1
0, 237, 6, 103.0, 147.0, -1
0, 238, 8, 103.0, 148.0, -1
0, 239, 4, 103.0, 148.0, -1
0, 240, 2, 103.0, 148.0, -1
0, 241, 5, 103.0, 149.0, -1
0, 242, 4, 103.0, 150.0, -1
0, 243, 5, 103.0, 150.0, -1
0, 244, 4, 104.0, 147.0, -1
0, 245, 5, 104.0, 148.0, -1
0, 246, 5, 104.0, 148.0, -1
0, 247, 2, 104.0, 149.0, -1
0, 248, 3, 104.0, 149.0, -1
0, 249, 3, 104.0, 150.0, -1
0, 250, 4, 104.0, 150.0, -1
0, 251, 2, 104.0, 150.0, -1
0, 252, 2, 104.0, 150.0, -1
0, 253, 3, 104.0, 151.0, -1
0, 254, 2, 104.0, 152.0, -1
0, 255, 3, 105.0, 148.0, -1
0, 256, 2, 105.0, 148.0, -1
0, 257, 2, 105.0, 148.0, -1
0, 258, 4, 105.0, 148.0, -1
0, 259, 3, 105.0, 150.0, -1
0, 260, 6, 105.0, 152.0, -1
0, 261, 6, 105.0, 153.0, -1
0, 262, 2, 106.0, 151.0, -1
0, 263, 4, 107.0, 150.0, -1
0, 264, 3, 107.0, 152.0, -1
0, 265, 6, 107.0, 154.0, -1
0, 266, 3, 112.0, 159.0, -1
0, 267, 0, 136.0, 176.0, -1
0, 268, 2, 137.0, 175.0, -1
0, 269, 1, 138.0, 177.0, -1
0, 270, 1, 139.0, 179.0, -1
0, 271, 8, 140.0, 181.0, -1
0, 272, 0, 140.0, 183.0, -1
0, 273, 7, 140.0, 184.0, -1
0, 274, 0, 140.0, 186.0, -1
0, 275, 7, 141.0, 183.0, -1
0, 276, 7, 141.0, 183.0, -1
0, 277, 0, 141.0, 185.0, -1
0, 278, 7, 141.0, 185.0, -1
0, 279, 7, 141.0, 187.0, -1
0, 280, 8, 142.0, 183.0, -1
0, 281, 4, 142.0, 183.0, -1
0, 282, 0, 142.0, 184.0, -1
0, 283, 6, 142.0, 184.0, -1
0, 284, 8, 142.0, 185.0, -1
0, 285, 4, 143.0, 182.0, -1
0, 286, 6, 143.0, 185.0, -1
0, 287, 8, 143.0, 185.0, -1
0, 288, 7, 143.0, 189.0, -1
0, 289, 7, 143.0, 189.0, -1
0, 290, 0, 143.0, 190.0, -1
0, 291, 8, 144.0, 185.0, -1
0, 292, 1, 144.0, 185.0, -1
0, 293, 8, 144.0, 186.0, -1
0, 294, 1, 144.0, 186.0, -1
0, 295, 1, 144.0, 187.0, -1
0, 296, 0, 144.0, 188.0, -1
0, 297, 7, 144.0, 188.0, -1
0, 298, 6, 145.0, 188.0, -1
0, 299, 1, 145.0, 190.0, -1
0, 300, 1, 195.0, 212.0, 240.0
0, 301, 8, 195.0, 213.0, 242.0
0, 302, 6, 195.0, 214.0, 242.0
0, 303, 0, 195.0, 213.0, 243.0
0, 304, 6, 195.0, 215.0, 244.0
0, 305, 2, 195.0, 215.0, 244.0
0, 306, 7, 195.0, 213.0, 244.0
0, 307, 4, 195.0, 214.0, 244.0
0, 308, 1, 195.0, 214.0, 244.0
0, 309, 5, 195.0, 214.0, 246.0
0, 310, 3, 195.0, 215.0, 247.0
0, 311, 3, 195.0, 216.0, 248.0
0, 312, 0, 195.0, 215.0, 248.0
0, 313, 7, 195.0, 217.0, 253.0
0, 314, 8, 195.0, 217.0, 253.0
0, 315, 8, 195.0, 219.0, 255.0
0, 316, 7, 195.0, 217.0, 256.0
0, 317, 4, 195.0, 218.0, 257.0
0, 318, 0, 195.0, 219.0, 258.0
0, 319, 5, 195.0, 219.0, 259.0
0, 320, 2, 195.0, 219.0, 260.0
0, 321, 5, 195.0, 219.0, 260.0
0, 322, 4, 195.0, 219.0, 261.0
0, 323, 2, 195.0, 220.0, 261.0
0, 324, 6, 195.0, 222.0, 265.0
0, 325, 3, 195.0, 221.0, 266.0
0, 326, 1, 195.0, 223.0, 272.0
1, 327, 4, 206.0, 222.0, -1
1, 328, 2, 206.0, 223.0, -1
2, 329, 8, 207.0, 222.0, -1
2, 330, 6, 207.0, 223.0, -1
3, 331, 5, 208.0, 224.0, -1
3, 332, 7, 208.0, 225.0, -1
4, 333, 0, 209.0, 223.0, -1
4, 334, 8, 209.0, 224.0, -1
5, 335, 0, 209.0, 225.0, -1
5, 336, 2, 209.0, 227.0, -1
0, 337, 1, 213.0, 230.0, 256.0
0, 338, 0, 214.0, 230.0, 255.0
0, 339, 8, 214.0, 229.0, 255.0
0, 340, 7, 214.0, 231.0, 257.0
0, 341, 6, 215.0, 230.0, 255.0
0, 342, 1, 215.0, 231.0, 257.0
0, 343, 4, 215.0, 232.0, 258.0
0, 344, 5, 215.0, 231.0, 261.0
0, 345, 0, 216.0, 231.0, 255.0
0, 346, 6, 216.0, 231.0, 255.0
0, 347, 3, 216.0, 232.0, 258.0
0, 348, 2, 216.0, 232.0, 259.0
0, 349, 3, 216.0, 233.0, 260.0
0, 350, 8, 218.0, 233.0, 253.0
0, 351, 7, 218.0, 235.0, 257.0
0, 352, 7, 218.0, 235.0, 257.0
0, 353, 4, 219.0, 233.0, 258.0
0, 354, 0, 220.0, 234.0, 256.0
0, 355, 8, 220.0, 234.0, 256.0
0, 356, 4, 220.0, 233.0, 256.0
0, 357, 2, 220.0, 234.0, 259.0
0, 358, 5, 220.0, 236.0, 261.0
0, 359, 5, 220.0, 236.0, 262.0
0, 360, 2, 221.0, 237.0, 261.0
0, 361, 3, 222.0, 236.0, 259.0
0, 362, 6, 223.0, 236.0, 256.0
0, 363, 1, 224.0, 238.0, 257.0
0, 364, 8, 230.0, 243.0, 263.0
0, 365, 6, 231.0, 245.0, 263.0
0, 366, 0, 231.0, 245.0, 263.0
0, 367, 1, 231.0, 245.0, 265.0
0, 368, 0, 232.0, 243.0, 262.0
0, 369, 6, 232.0, 243.0, 263.0
0, 370, 1, 232.0, 244.0, 263.0
0, 371, 5, 232.0, 244.0, 265.0
0, 372, 7, 232.0, 244.0, 265.0
0, 373, 3, 233.0, 244.0, 264.0
0, 374, 2, 233.0, 245.0, 265.0
0, 375, 4, 233.0, 245.0, 266.0
0, 376, 4, 233.0, 245.0, 266.0
0, 377, 8, 234.0, 246.0, 263.0
0, 378, 8, 234.0, 245.0, 264.0
0, 379, 4, 234.0, 247.0, 266.0
0, 380, 3, 234.0, 246.0, 266.0
0, 381, 7, 235.0, 247.0, 264.0
0, 382, 0, 235.0, 246.0, 264.0
0, 383, 2, 235.0, 247.0, 266.0
0, 384, 7, 236.0, 248.0, 266.0
0, 385, 6, 237.0, 248.0, 266.0
0, 386, 5, 237.0, 249.0, 268.0
0, 387, 5, 237.0, 249.0, 268.0
0, 388, 3, 237.0, 250.0, 269.0
0, 389, 2, 238.0, 250.0, 267.0
0, 390, 1, 239.0, 250.0, 265.0
0, 391, 6, 244.0, 255.0, 269.0
0, 392, 8, 244.0, 255.0, 270.0
0, 393, 0, 244.0, 255.0, 271.0
0, 394, 6, 245.0, 254.0, 270.0
0, 395, 7, 245.0, 257.0, 272.0
0, 396, 1, 245.0, 255.0, 272.0
0, 397, 1, 245.0, 257.0, 273.0
0, 398, 5, 245.0, 257.0, 273.0
0, 399, 3, 245.0, 257.0, 274.0
0, 400, 8, 246.0, 255.0, 270.0
0, 401, 0, 246.0, 255.0, 270.0
0, 402, 4, 246.0, 256.0, 272.0
0, 403, 4, 246.0, 255.0, 272.0
0, 404, 2, 246.0, 255.0, 273.0
0, 405, 2, 250.0, 260.0, 276.0
0, 406, 3, 251.0, 260.0, 277.0
0, 407, 7, 253.0, 261.0, 276.0
0, 408, 5, 253.0, 262.0, 278.0
0, 409, 6, 255.0, 264.0, 280.0
0, 410, 0, 256.0, 265.0, 278.0
0, 411, 8, 256.0, 265.0, 279.0
0, 412, 8, 256.0, 265.0, 279.0
0, 413, 0, 256.0, 266.0, 280.0
0, 414, 6, 256.0, 265.0, 280.0
0, 415, 4, 257.0, 266.0, 280.0
0, 416, 7, 257.0, 266.0, 281.0
0, 417, 4, 257.0, 267.0, 282.0
0, 418, 1, 258.0, 267.0, 281.0
0, 419, 1, 258.0, 267.0, 281.0
0, 420, 3, 258.0, 267.0, 281.0
0, 421, 0, 260.0, 269.0, 281.0
0, 422, 1, 260.0, 269.0, 282.0
0, 423, 5, 260.0, 269.0, 284.0
0, 424, 2, 260.0, 270.0, 284.0
0, 425, 4, 260.0, 269.0, 284.0
0, 426, 2, 260.0, 270.0, 284.0
0, 427, 8, 261.0, 270.0, 282.0
0, 428, 6, 261.0, 270.0, 283.0
0, 429, 3, 261.0, 270.0, 283.0
0, 430, 7, 261.0, 270.0, 283.0
0, 431, 2, 261.0, 270.0, 284.0
0, 432, 5, 261.0, 271.0, 285.0
0, 433, 7, 262.0, 271.0, 284.0
0, 434, 3, 262.0, 272.0, 286.0
0, 435, 5, 263.0, 272.0, 286.0
0, 436, 8, 265.0, 273.0, 285.0
0, 437, 0, 265.0, 275.0, 285.0
0, 438, 6, 265.0, 274.0, 286.0
0, 439, 7, 266.0, 275.0, 285.0
0, 440, 8, 266.0, 275.0, 286.0
0, 441, 0, 266.0, 275.0, 286.0
0, 442, 6, 266.0, 275.0, 287.0
0, 443, 4, 267.0, 277.0, 288.0
0, 444, 4, 267.0, 276.0, 288.0
0, 445, 1, 268.0, 275.0, 288.0
0, 446, 1, 268.0, 277.0, 288.0
0, 447, 3, 268.0, 277.0, 289.0
0, 448, 5, 269.0, 278.0, 289.0
0, 449, 0, 269.0, 278.0, 289.0
0, 450, 8, 270.0, 276.0, 289.0
0, 451, 1, 270.0, 277.0, 289.0
0, 452, 3, 270.0, 279.0, 290.0
0, 453, 4, 270.0, 279.0, 290.0
0, 454, 2, 270.0, 277.0, 290.0
0, 455, 2, 270.0, 277.0, 290.0
0, 456, 6, 271.0, 277.0, 289.0
0, 457, 5, 271.0, 280.0, 291.0
0, 458, 2, 271.0, 278.0, 291.0
0, 459, 7, 271.0, 281.0, 291.0
0, 460, 7, 272.0, 279.0, 291.0
0, 461, 3, 272.0, 279.0, 291.0
0, 462, 5, 273.0, 279.0, 292.0
0, 463, 6, 274.0, 281.0, 292.0
0, 464, 8, 274.0, 280.0, 292.0
0, 465, 6, 275.0, 281.0, 292.0
0, 466, 8, 275.0, 281.0, 293.0
0, 467, 0, 275.0, 282.0, 293.0
0, 468, 0, 276.0, 282.0, 294.0
0, 469, 1, 276.0, 283.0, 295.0
0, 470, 7, 276.0, 283.0, 295.0
0, 471, 8, 277.0, 283.0, 295.0
0, 472, 1, 277.0, 284.0, 295.0
0, 473, 2, 277.0, 284.0, 295.0
0, 474, 3, 277.0, 284.0, 296.0
0, 475, 4, 277.0, 284.0, 296.0
0, 476, 4, 277.0, 284.0, 296.0
0, 477, 6, 278.0, 285.0, 296.0
0, 478, 5, 278.0, 285.0, 296.0
0, 479, 1, 278.0, 286.0, 296.0
0, 480, 2, 278.0, 285.0, 296.0
0, 481, 2, 278.0, 285.0, 296.0
0, 482, 0, 279.0, 286.0, 296.0
0, 483, 3, 279.0, 286.0, 298.0
0, 484, 7, 280.0, 288.0, 298.0
0, 485, 4, 280.0, 287.0, 298.0
0, 486, 5, 280.0, 288.0, 298.0
0, 487, 3, 280.0, 287.0, 298.0
0, 488, 8, 281.0, 287.0, 297.0
0, 489, 6, 281.0, 287.0, 297.0
0, 490, 7, 281.0, 288.0, 297.0
0, 491, 5, 281.0, 288.0, 298.0
0, 492, 0, 282.0, 288.0, 296.0
0, 493, 8, 282.0, 288.0, 297.0
0, 494, 6, 282.0, 288.0, 297.0
0, 495, 0, 283.0, 289.0, 298.0
0, 496, 1, 283.0, 289.0, 298.0
0, 497, 1, 284.0, 290.0, 299.0
0, 498, 3, 284.0, 290.0, 299.0
0, 499, 4, 284.0, 290.0, 299.0
0, 500, 8, 284.0, 291.0, 299.0
0, 501, 2, 284.0, 291.0, 300.0
0, 502, 7, 284.0, 291.0, 300.0
0, 503, 4, 285.0, 291.0, 300.0
0, 504, 2, 285.0, 291.0, 300.0
0, 505, 0, 286.0, 292.0, 300.0
0, 506, 6, 286.0, 292.0, 300.0
0, 507, 1, 286.0, 293.0, 300.0
0, 508, 5, 286.0, 293.0, 301.0
0, 509, 2, 286.0, 293.0, 301.0
0, 510, 3, 287.0, 294.0, 301.0
0, 511, 4, 287.0, 294.0, 302.0
0, 512, 6, 288.0, 294.0, 301.0
0, 513, 7, 288.0, 295.0, 302.0
0, 514, 8, 288.0, 295.0, 302.0
0, 515, 5, 288.0, 295.0, 302.0
0, 516, 5, 288.0, 295.0, 302.0
0, 517, 3, 288.0, 294.0, 303.0
0, 518, 8, 289.0, 295.0, 302.0
0, 519, 0, 289.0, 295.0, 303.0
0, 520, 7, 289.0, 296.0, 303.0
0, 521, 6, 289.0, 296.0, 303.0
0, 522, 0, 290.0, 296.0, 303.0
0, 523, 1, 290.0, 296.0, 303.0
0, 524, 1, 291.0, 298.0, 304.0
0, 525, 4, 291.0, 298.0, 304.0
0, 526, 2, 291.0, 298.0, 305.0
0, 527, 3, 291.0, 297.0, 305.0
0, 528, 8, 292.0, 298.0, 304.0
0, 529, 7, 292.0, 299.0, 305.0
0, 530, 4, 292.0, 299.0, 306.0
0, 531, 2, 292.0, 300.0, 307.0
0, 532, 0, 293.0, 299.0, 306.0
0, 533, 5, 293.0, 299.0, 306.0
0, 534, 6, 293.0, 300.0, 306.0
0, 535, 1, 293.0, 300.0, 306.0
0, 536, 2, 293.0, 300.0, 306.0
0, 537, 3, 294.0, 300.0, 307.0
0, 538, 4, 294.0, 301.0, 308.0
0, 539, 8, 295.0, 301.0, 307.0
0, 540, 6, 295.0, 301.0, 307.0
0, 541, 3, 295.0, 301.0, 308.0
0, 542, 7, 295.0, 302.0, 308.0
0, 543, 5, 295.0, 302.0, 308.0
0, 544, 0, 296.0, 302.0, 307.0
0, 545, 6, 296.0, 299.0, 307.0
0, 546, 8, 296.0, 302.0, 308.0
0, 547, 5, 296.0, 303.0, 309.0
0, 548, 0, 297.0, 300.0, 308.0
0, 549, 1, 297.0, 300.0, 309.0
0, 550, 7, 297.0, 304.0, 309.0
0, 551, 4, 298.0, 301.0, 310.0
0, 552, 1, 298.0, 301.0, 310.0
0, 553, 3, 298.0, 301.0, 311.0
0, 554, 8, 299.0, 305.0, 310.0
0, 555, 6, 299.0, 305.0, 310.0
0, 556, 4, 299.0, 302.0, 310.0
0, 557, 7, 299.0, 302.0, 311.0
0, 558, 2, 299.0, 302.0, 311.0
0, 559, 1, 300.0, 303.0, 311.0
0, 560, 0, 300.0, 303.0, 311.0
0, 561, 2, 300.0, 303.0, 311.0
0, 562, 0, 300.0, 304.0, 312.0
0, 563, 5, 300.0, 303.0, 313.0
0, 564, 6, 301.0, 304.0, 312.0
0, 565, 3, 301.0, 304.0, 312.0
0, 566, 1, 301.0, 304.0, 312.0
0, 567, 4, 301.0, 304.0, 312.0
0, 568, 3, 301.0, 304.0, 312.0
0, 569, 2, 301.0, 304.0, 313.0
0, 570, 8, 302.0, 305.0, 312.0
0, 571, 6, 302.0, 305.0, 312.0
0, 572, 3, 302.0, 305.0, 313.0
0, 573, 1, 302.0, 305.0, 313.0
0, 574, 4, 302.0, 305.0, 313.0
0, 575, 5, 302.0, 305.0, 314.0
0, 576, 0, 303.0, 306.0, 313.0
0, 577, 8, 303.0, 306.0, 313.0
0, 578, 7, 303.0, 306.0, 313.0
0, 579, 2, 303.0, 306.0, 314.0
0, 580, 4, 303.0, 306.0, 314.0
0, 581, 5, 303.0, 306.0, 314.0
0, 582, 2, 303.0, 306.0, 314.0
0, 583, 7, 303.0, 307.0, 314.0
0, 584, 5, 303.0, 306.0, 316.0
0, 585, 0, 304.0, 307.0, 313.0
0, 586, 6, 304.0, 307.0, 314.0
0, 587, 7, 304.0, 307.0, 314.0
0, 588, 4, 304.0, 307.0, 314.0
0, 589, 1, 304.0, 307.0, 314.0
0, 590, 1, 304.0, 307.0, 315.0
0, 591, 0, 305.0, 308.0, 314.0
0, 592, 6, 305.0, 308.0, 314.0
0, 593, 3, 305.0, 308.0, 315.0
0, 594, 4, 305.0, 308.0, 315.0
0, 595, 3, 305.0, 308.0, 315.0
0, 596, 8, 305.0, 308.0, 315.0
0, 597, 3, 305.0, 308.0, 315.0
0, 598, 2, 305.0, 309.0, 316.0
0, 599, 6, 306.0, 309.0, 315.0
0, 600, 0, 306.0, 309.0, 315.0
0, 601, 7, 306.0, 309.0, 315.0
0, 602, 1, 306.0, 309.0, 315.0
0, 603, 8, 306.0, 309.0, 315.0
0, 604, 4, 306.0, 309.0, 315.0
0, 605, 5, 306.0, 309.0, 316.0
0, 606, 5, 306.0, 309.0, 316.0
0, 607, 6, 307.0, 310.0, 315.0
0, 608, 7, 307.0, 310.0, 315.0
0, 609, 4, 307.0, 310.0, 315.0
0, 610, 8, 307.0, 310.0, 316.0
0, 611, 0, 307.0, 310.0, 316.0
0, 612, 2, 307.0, 310.0, 316.0
0, 613, 5, 307.0, 310.0, 316.0
0, 614, 2, 307.0, 310.0, 316.0
0, 615, 0, 308.0, 311.0, 316.0
0, 616, 6, 308.0, 311.0, 316.0
0, 617, 7, 308.0, 311.0, 316.0
0, 618, 1, 308.0, 311.0, 317.0
0, 619, 1, 308.0, 311.0, 317.0
0, 620, 6, 309.0, 312.0, 317.0
0, 621, 2, 309.0, 312.0, 317.0
0, 622, 5, 309.0, 312.0, 317.0
0, 623, 8, 309.0, 312.0, 317.0
0, 624, 4, 309.0, 312.0, 317.0
0, 625, 3, 309.0, 312.0, 317.0
0, 626, 3, 309.0, 314.0, 319.0
0, 627, 3, 309.0, 314.0, 319.0
0, 628, 0, 310.0, 313.0, 317.0
0, 629, 2, 310.0, 313.0, 317.0
0, 630, 6, 310.0, 313.0, 318.0
0, 631, 5, 310.0, 313.0, 318.0
0, 632, 1, 310.0, 313.0, 318.0
0, 633, 4, 310.0, 313.0, 318.0
0, 634, 5, 310.0, 313.0, 318.0
0, 635, 8, 310.0, 313.0, 318.0
0, 636, 8, 310.0, 313.0, 318.0
0, 637, 7, 310.0, 313.0, 319.0
0, 638, 0, 311.0, 314.0, 318.0
0, 639, 7, 311.0, 315.0, 319.0
0, 640, 7, 311.0, 314.0, 319.0
0, 641, 0, 312.0, 315.0, 318.0
0, 642, 2, 312.0, 315.0, 319.0
0, 643, 1, 312.0, 315.0, 319.0
0, 644, 6, 312.0, 315.0, 319.0
0, 645, 1, 312.0, 315.0, 319.0
0, 646, 4, 312.0, 315.0, 319.0
0, 647, 2, 312.0, 315.0, 319.0
0, 648, 6, 312.0, 316.0, 319.0
0, 649, 8, 313.0, 316.0, 319.0
0, 650, 6, 313.0, 316.0, 319.0
0, 651, 1, 313.0, 316.0, 319.0
0, 652, 2, 313.0, 316.0, 319.0
0, 653, 0, 313.0, 316.0, 319.0
0, 654, 4, 313.0, 316.0, 320.0
0, 655, 5, 313.0, 316.0, 320.0
0, 656, 3, 314.0, 317.0, 320.0
0, 657, 8, 314.0, 317.0, 320.0
0, 658, 3, 314.0, 317.0, 320.0
0, 659, 3, 314.0, 317.0, 321.0
0, 660, 5, 314.0, 318.0, 322.0
0, 661, 0, 315.0, 318.0, 321.0
0, 662, 2, 315.0, 318.0, 321.0
0, 663, 7, 315.0, 318.0, 321.0
0, 664, 4, 315.0, 318.0, 321.0
0, 665, 0, 315.0, 318.0, 321.0
0, 666, 1, 315.0, 318.0, 321.0
0, 667, 7, 315.0, 318.0, 321.0
0, 668, 4, 315.0, 318.0, 321.0
0, 669, 7, 315.0, 318.0, 321.0
0, 670, 8, 315.0, 318.0, 321.0
0, 671, 5, 315.0, 318.0, 322.0
0, 672, 0, 316.0, 319.0, 321.0
0, 673, 4, 316.0, 319.0, 321.0
0, 674, 5, 316.0, 318.0, 321.0
0, 675, 6, 316.0, 319.0, 321.0
0, 676, 6, 316.0, 319.0, 321.0
0, 677, 8, 316.0, 319.0, 321.0
0, 678, 2, 316.0, 319.0, 321.0
0, 679, 6, 316.0, 319.0, 322.0
0, 680, 1, 316.0, 319.0, 322.0
0, 681, 2, 316.0, 319.0, 322.0
0, 682, 1, 316.0, 319.0, 322.0
0, 683, 8, 317.0, 319.0, 322.0
0, 684, 3, 317.0, 320.0, 322.0
0, 685, 3, 317.0, 320.0, 322.0
0, 686, 3, 317.0, 320.0, 322.0
0, 687, 0, 318.0, 320.0, 322.0
0, 688, 8, 318.0, 321.0, 322.0
0, 689, 0, 318.0, 320.0, 322.0
0, 690, 4, 318.0, 321.0, 322.0
0, 691, 7, 318.0, 321.0, 322.0
0, 692, 4, 318.0, 321.0, 323.0
0, 693, 7, 318.0, 321.0, 323.0
0, 694, 7, 318.0, 321.0, 323.0
0, 695, 1, 319.0, 321.0, 323.0
0, 696, 1, 319.0, 321.0, 323.0
0, 697, 2, 319.0, 322.0, 323.0
0, 698, 1, 319.0, 322.0, 323.0
0, 699, 2, 319.0, 322.0, 323.0
0, 700, 6, 319.0, 322.0, 323.0
0, 701, 6, 319.0, 322.0, 323.0
0, 702, 2, 319.0, 322.0, 323.0
0, 703, 5, 319.0, 322.0, 323.0
0, 704, 5, 319.0, 322.0, 323.0
0, 705, 6, 319.0, 322.0, 323.0
0, 706, 5, 319.0, 322.0, 323.0
0, 707, 3, 320.0, 323.0, 323.0
0, 708, 8, 320.0, 323.0, 323.0
0, 709, 8, 320.0, 323.0, 323.0
