1, 0, 6, 9.0, 54.0, -1
1, 1, 6, 9.0, 54.0, -1
1, 2, 6, 9.0, 56.0, -1
1, 3, 5, 10.0, 53.0, -1
1, 4, 5, 10.0, 54.0, -1
1, 5, 6, 10.0, 54.0, -1
1, 6, 6, 10.0, 54.0, -1
1, 7, 5, 10.0, 54.0, -1
1, 8, 6, 10.0, 55.0, -1
1, 9, 5, 10.0, 55.0, -1
1, 10, 5, 10.0, 55.0, -1
1, 11, 3, 10.0, 55.0, -1
1, 12, 6, 10.0, 55.0, -1
1, 13, 6, 10.0, 55.0, -1
1, 14, 5, 10.0, 56.0, -1
1, 15, 6, 10.0, 56.0, -1
1, 16, 3, 10.0, 56.0, -1
1, 17, 3, 10.0, 56.0, -1
1, 18, 5, 10.0, 56.0, -1
1, 19, 3, 10.0, 57.0, -1
1, 20, 5, 10.0, 57.0, -1
1, 21, 5, 10.0, 57.0, -1
1, 22, 3, 10.0, 57.0, -1
1, 23, 3, 10.0, 57.0, -1
1, 24, 3, 10.0, 57.0, -1
1, 25, 3, 10.0, 57.0, -1
1, 26, 3, 10.0, 57.0, -1
1, 27, 3, 10.0, 58.0, -1
1, 28, 5, 10.0, 59.0, -1
1, 29, 8, 11.0, 54.0, -1
1, 30, 1, 11.0, 54.0, -1
1, 31, 1, 11.0, 55.0, -1
1, 32, 1, 11.0, 55.0, -1
1, 33, 8, 11.0, 55.0, -1
1, 34, 1, 11.0, 55.0, -1
1, 35, 8, 11.0, 55.0, -1
1, 36, 1, 11.0, 56.0, -1
1, 37, 1, 11.0, 56.0, -1
1, 38, 1, 11.0, 56.0, -1
1, 39, 8, 11.0, 56.0, -1
1, 40, 1, 11.0, 57.0, -1
1, 41, 8, 11.0, 57.0, -1
1, 42, 8, 11.0, 57.0, -1
1, 43, 8, 11.0, 57.0, -1
1, 44, 8, 11.0, 57.0, -1
1, 45, 1, 11.0, 57.0, -1
1, 46, 8, 11.0, 58.0, -1
1, 47, 8, 11.0, 58.0, -1
1, 48, 1, 11.0, 59.0, -1
1, 49, 7, 12.0, 54.0, -1
1, 50, 7, 12.0, 54.0, -1
1, 51, 7, 12.0, 54.0, -1
1, 52, 7, 12.0, 55.0, -1
1, 53, 7, 12.0, 55.0, -1
1, 54, 4, 12.0, 56.0, -1
1, 55, 4, 12.0, 57.0, -1
1, 56, 7, 12.0, 57.0, -1
1, 57, 7, 12.0, 57.0, -1
1, 58, 4, 12.0, 57.0, -1
1, 59, 4, 12.0, 57.0, -1
1, 60, 7, 12.0, 57.0, -1
1, 61, 4, 12.0, 57.0, -1
1, 62, 2, 12.0, 58.0, -1
1, 63, 2, 12.0, 58.0, -1
1, 64, 7, 12.0, 58.0, -1
1, 65, 4, 12.0, 58.0, -1
1, 66, 2, 12.0, 59.0, -1
1, 67, 4, 12.0, 59.0, -1
1, 68, 4, 12.0, 59.0, -1
1, 69, 4, 12.0, 59.0, -1
1, 70, 2, 12.0, 59.0, -1
1, 71, 2, 12.0, 61.0, -1
1, 72, 2, 12.0, 61.0, -1
1, 73, 4, 12.0, 61.0, -1
1, 74, 2, 12.0, 62.0, -1
1, 75, 0, 13.0, 56.0, -1
1, 76, 0, 13.0, 56.0, -1
1, 77, 2, 13.0, 57.0, -1
1, 78, 0, 13.0, 58.0, -1
1, 79, 2, 13.0, 58.0, -1
1, 80, 0, 13.0, 58.0, -1
1, 81, 0, 13.0, 59.0, -1
1, 82, 0, 13.0, 59.0, -1
1, 83, 0, 13.0, 59.0, -1
1, 84, 0, 13.0, 60.0, -1
1, 85, 0, 13.0, 60.0, -1
1, 86, 0, 13.0, 60.0, -1
1, 87, 2, 13.0, 62.0, -1
1, 88, 6, 54.0, 97.0, -1
1, 89, 5, 54.0, 97.0, -1
1, 90, 8, 54.0, 98.0, -1
1, 91, 6, 54.0, 98.0, -1
1, 92, 7, 54.0, 98.0, -1
1, 93, 6, 54.0, 98.0, -1
1, 94, 7, 54.0, 99.0, -1
1, 95, 5, 54.0, 100.0, -1
1, 96, 6, 54.0, 100.0, -1
1, 97, 6, 55.0, 96.0, -1
1, 98, 8, 55.0, 98.0, -1
1, 99, 1, 55.0, 99.0, -1
1, 100, 1, 55.0, 99.0, -1
1, 101, 5, 55.0, 99.0, -1
1, 102, 7, 55.0, 100.0, -1
1, 103, 7, 55.0, 100.0, -1
1, 104, 8, 55.0, 100.0, -1
1, 105, 5, 55.0, 101.0, -1
1, 106, 5, 55.0, 101.0, -1
1, 107, 1, 55.0, 101.0, -1
1, 108, 1, 55.0, 102.0, -1
1, 109, 7, 55.0, 102.0, -1
1, 110, 1, 56.0, 99.0, -1
1, 111, 1, 56.0, 99.0, -1
1, 112, 6, 56.0, 99.0, -1
1, 113, 3, 56.0, 99.0, -1
1, 114, 0, 56.0, 100.0, -1
1, 115, 1, 56.0, 100.0, -1
1, 116, 6, 56.0, 100.0, -1
1, 117, 3, 56.0, 100.0, -1
1, 118, 3, 56.0, 101.0, -1
1, 119, 8, 56.0, 101.0, -1
1, 120, 6, 56.0, 101.0, -1
1, 121, 5, 56.0, 104.0, -1
1, 122, 0, 57.0, 99.0, -1
1, 123, 4, 57.0, 100.0, -1
1, 124, 1, 57.0, 100.0, -1
1, 125, 5, 57.0, 100.0, -1
1, 126, 7, 57.0, 101.0, -1
1, 127, 4, 57.0, 101.0, -1
1, 128, 3, 57.0, 101.0, -1
1, 129, 4, 57.0, 101.0, -1
1, 130, 3, 57.0, 102.0, -1
1, 131, 7, 57.0, 102.0, -1
1, 132, 5, 57.0, 102.0, -1
1, 133, 3, 57.0, 102.0, -1
1, 134, 8, 57.0, 103.0, -1
1, 135, 5, 57.0, 103.0, -1
1, 136, 2, 57.0, 103.0, -1
1, 137, 6, 57.0, 104.0, -1
1, 138, 8, 57.0, 104.0, -1
1, 139, 0, 58.0, 99.0, -1
1, 140, 0, 58.0, 101.0, -1
1, 141, 2, 58.0, 101.0, -1
1, 142, 8, 58.0, 102.0, -1
1, 143, 1, 58.0, 102.0, -1
1, 144, 7, 58.0, 102.0, -1
1, 145, 8, 58.0, 102.0, -1
1, 146, 3, 58.0, 102.0, -1
1, 147, 4, 58.0, 103.0, -1
1, 148, 8, 58.0, 103.0, -1
1, 149, 2, 58.0, 103.0, -1
1, 150, 3, 58.0, 103.0, -1
1, 151, 3, 58.0, 104.0, -1
1, 152, 8, 58.0, 104.0, -1
1, 153, 4, 58.0, 104.0, -1
1, 154, 3, 58.0, 105.0, -1
1, 155, 2, 58.0, 105.0, -1
1, 156, 1, 59.0, 102.0, -1
1, 157, 2, 59.0, 102.0, -1
1, 158, 4, 59.0, 102.0, -1
1, 159, 0, 59.0, 103.0, -1
1, 160, 2, 59.0, 104.0, -1
1, 161, 5, 59.0, 104.0, -1
1, 162, 0, 59.0, 104.0, -1
1, 163, 0, 59.0, 104.0, -1
1, 164, 4, 59.0, 105.0, -1
1, 165, 4, 59.0, 105.0, -1
1, 166, 7, 59.0, 106.0, -1
1, 167, 4, 59.0, 106.0, -1
1, 168, 0, 60.0, 104.0, -1
1, 169, 0, 60.0, 104.0, -1
1, 170, 0, 60.0, 106.0, -1
1, 171, 2, 61.0, 104.0, -1
1, 172, 2, 61.0, 105.0, -1
1, 173, 4, 61.0, 108.0, -1
1, 174, 2, 62.0, 107.0, -1
1, 175, 2, 62.0, 108.0, -1
1, 176, 6, 97.0, 138.0, -1
1, 177, 6, 98.0, 140.0, -1
1, 178, 5, 98.0, 142.0, -1
1, 179, 8, 98.0, 144.0, -1
1, 180, 6, 99.0, 142.0, -1
1, 181, 6, 99.0, 142.0, -1
1, 182, 1, 99.0, 143.0, -1
1, 183, 8, 99.0, 143.0, -1
1, 184, 1, 99.0, 143.0, -1
1, 185, 7, 99.0, 144.0, -1
1, 186, 1, 100.0, 140.0, -1
1, 187, 0, 100.0, 142.0, -1
1, 188, 6, 100.0, 143.0, -1
1, 189, 3, 100.0, 143.0, -1
1, 190, 0, 100.0, 143.0, -1
1, 191, 7, 100.0, 144.0, -1
1, 192, 7, 100.0, 144.0, -1
1, 193, 5, 100.0, 144.0, -1
1, 194, 5, 100.0, 145.0, -1
1, 195, 1, 100.0, 146.0, -1
1, 196, 7, 101.0, 144.0, -1
1, 197, 1, 101.0, 144.0, -1
1, 198, 5, 101.0, 144.0, -1
1, 199, 0, 101.0, 144.0, -1
1, 200, 4, 101.0, 144.0, -1
1, 201, 6, 101.0, 145.0, -1
1, 202, 7, 101.0, 146.0, -1
1, 203, 3, 101.0, 146.0, -1
1, 204, 5, 101.0, 146.0, -1
1, 205, 1, 101.0, 147.0, -1
1, 206, 8, 101.0, 147.0, -1
1, 207, 6, 101.0, 147.0, -1
1, 208, 4, 102.0, 144.0, -1
1, 209, 0, 102.0, 144.0, -1
1, 210, 3, 102.0, 145.0, -1
1, 211, 1, 102.0, 145.0, -1
1, 212, 1, 102.0, 146.0, -1
1, 213, 3, 102.0, 146.0, -1
1, 214, 3, 102.0, 146.0, -1
1, 215, 2, 102.0, 147.0, -1
1, 216, 8, 102.0, 147.0, -1
1, 217, 5, 102.0, 147.0, -1
1, 218, 7, 102.0, 147.0, -1
1, 219, 4, 102.0, 147.0, -1
1, 220, 6, 102.0, 148.0, -1
1, 221, 8, 102.0, 150.0, -1
1, 222, 7, 103.0, 145.0, -1
1, 223, 1, 103.0, 145.0, -1
1, 224, 3, 103.0, 146.0, -1
1, 225, 7, 103.0, 146.0, -1
1, 226, 4, 103.0, 146.0, -1
1, 227, 1, 103.0, 147.0, -1
1, 228, 4, 103.0, 147.0, -1
1, 229, 8, 103.0, 148.0, -1
1, 230, 2, 103.0, 148.0, -1
1, 231, 5, 103.0, 148.0, -1
1, 232, 3, 103.0, 149.0, -1
1, 233, 8, 103.0, 152.0, -1
1, 234, 2, 104.0, 146.0, -1
1, 235, 8, 104.0, 147.0, -1
1, 236, 3, 104.0, 148.0, -1
1, 237, 0, 104.0, 148.0, -1
1, 238, 5, 104.0, 149.0, -1
1, 239, 3, 104.0, 149.0, -1
1, 240, 2, 104.0, 149.0, -1
1, 241, 2, 104.0, 149.0, -1
1, 242, 2, 105.0, 147.0, -1
1, 243, 8, 105.0, 148.0, -1
1, 244, 0, 105.0, 148.0, -1
1, 245, 0, 105.0, 148.0, -1
1, 246, 0, 105.0, 148.0, -1
1, 247, 0, 105.0, 149.0, -1
1, 248, 6, 105.0, 149.0, -1
1, 249, 4, 105.0, 149.0, -1
1, 250, 5, 105.0, 149.0, -1
1, 251, 8, 105.0, 149.0, -1
1, 252, 2, 105.0, 149.0, -1
1, 253, 5, 105.0, 150.0, -1
1, 254, 3, 105.0, 150.0, -1
1, 255, 2, 106.0, 148.0, -1
1, 256, 0, 106.0, 148.0, -1
1, 257, 4, 106.0, 149.0, -1
1, 258, 7, 106.0, 149.0, -1
1, 259, 4, 106.0, 150.0, -1
1, 260, 4, 107.0, 152.0, -1
1, 261, 2, 108.0, 152.0, -1
1, 262, 4, 109.0, 153.0, -1
1, 263, 2, 109.0, 154.0, -1
1, 264, 6, 139.0, 182.0, -1
1, 265, 1, 141.0, 182.0, -1
1, 266, 6, 141.0, 188.0, -1
1, 267, 6, 142.0, 186.0, -1
1, 268, 5, 143.0, 187.0, -1
1, 269, 0, 143.0, 187.0, -1
1, 270, 6, 143.0, 188.0, -1
1, 271, 6, 143.0, 188.0, -1
1, 272, 3, 143.0, 189.0, -1
1, 273, 1, 143.0, 190.0, -1
1, 274, 0, 144.0, 186.0, -1
1, 275, 1, 144.0, 187.0, -1
1, 276, 8, 144.0, 189.0, -1
1, 277, 7, 144.0, 189.0, -1
1, 278, 4, 144.0, 191.0, -1
1, 279, 7, 145.0, 187.0, -1
1, 280, 0, 145.0, 188.0, -1
1, 281, 1, 145.0, 188.0, -1
1, 282, 6, 145.0, 189.0, -1
1, 283, 0, 145.0, 189.0, -1
1, 284, 8, 145.0, 190.0, -1
1, 285, 5, 145.0, 190.0, -1
1, 286, 7, 145.0, 190.0, -1
1, 287, 4, 145.0, 191.0, -1
1, 288, 7, 145.0, 191.0, -1
1, 289, 5, 145.0, 192.0, -1
1, 290, 5, 146.0, 190.0, -1
1, 291, 1, 146.0, 191.0, -1
1, 292, 7, 146.0, 191.0, -1
1, 293, 3, 146.0, 191.0, -1
1, 294, 1, 146.0, 192.0, -1
1, 295, 3, 146.0, 192.0, -1
1, 296, 3, 146.0, 192.0, -1
1, 297, 1, 146.0, 192.0, -1
1, 298, 1, 147.0, 189.0, -1
1, 299, 7, 147.0, 189.0, -1
0, 300, 1, 148.0, 191.0, -1
0, 301, 4, 148.0, 192.0, -1
0, 302, 6, 148.0, 192.0, -1
0, 303, 5, 148.0, 193.0, -1
0, 304, 8, 148.0, 193.0, -1
0, 305, 8, 148.0, 195.0, -1
0, 306, 8, 148.0, 195.0, -1
0, 307, 5, 149.0, 190.0, -1
0, 308, 8, 149.0, 191.0, -1
0, 309, 6, 149.0, 191.0, -1
0, 310, 7, 149.0, 192.0, -1
0, 311, 5, 149.0, 192.0, -1
0, 312, 3, 149.0, 192.0, -1
0, 313, 0, 149.0, 192.0, -1
0, 314, 2, 149.0, 192.0, -1
0, 315, 0, 149.0, 192.0, -1
0, 316, 3, 149.0, 193.0, -1
0, 317, 2, 149.0, 193.0, -1
0, 318, 1, 149.0, 193.0, -1
0, 319, 0, 149.0, 193.0, -1
0, 320, 3, 149.0, 193.0, -1
0, 321, 0, 149.0, 194.0, -1
0, 322, 4, 149.0, 194.0, -1
0, 323, 0, 149.0, 195.0, -1
0, 324, 2, 149.0, 196.0, -1
0, 325, 2, 149.0, 196.0, -1
0, 326, 2, 149.0, 196.0, -1
0, 327, 8, 149.0, 197.0, -1
0, 328, 2, 150.0, 191.0, -1
0, 329, 2, 150.0, 191.0, -1
0, 330, 5, 150.0, 193.0, -1
0, 331, 7, 150.0, 193.0, -1
0, 332, 8, 150.0, 193.0, -1
0, 333, 4, 150.0, 194.0, -1
0, 334, 4, 150.0, 194.0, -1
0, 335, 4, 150.0, 194.0, -1
0, 336, 3, 150.0, 195.0, -1
0, 337, 2, 150.0, 195.0, -1
0, 338, 5, 150.0, 195.0, -1
0, 339, 3, 150.0, 195.0, -1
0, 340, 6, 150.0, 195.0, -1
0, 341, 0, 150.0, 196.0, -1
0, 342, 7, 150.0, 197.0, -1
0, 343, 8, 151.0, 194.0, -1
0, 344, 3, 151.0, 195.0, -1
0, 345, 5, 151.0, 196.0, -1
0, 346, 4, 151.0, 196.0, -1
0, 347, 4, 153.0, 196.0, -1
0, 348, 8, 153.0, 197.0, -1
0, 349, 2, 153.0, 198.0, -1
0, 350, 4, 154.0, 200.0, -1
0, 351, 2, 155.0, 200.0, -1
0, 352, 1, 183.0, 224.0, -1
0, 353, 6, 183.0, 227.0, -1
0, 354, 0, 187.0, 229.0, -1
0, 355, 6, 187.0, 232.0, -1
0, 356, 5, 187.0, 234.0, -1
0, 357, 0, 188.0, 231.0, -1
0, 358, 7, 188.0, 233.0, -1
0, 359, 1, 188.0, 235.0, -1
0, 360, 0, 189.0, 231.0, -1
0, 361, 6, 189.0, 232.0, -1
0, 362, 3, 189.0, 233.0, -1
0, 363, 6, 189.0, 235.0, -1
0, 364, 6, 189.0, 235.0, -1
0, 365, 1, 189.0, 237.0, -1
0, 366, 7, 190.0, 231.0, -1
0, 367, 0, 190.0, 231.0, -1
0, 368, 1, 190.0, 232.0, -1
0, 369, 7, 190.0, 235.0, -1
0, 370, 8, 190.0, 236.0, -1
0, 371, 8, 190.0, 236.0, -1
0, 372, 6, 190.0, 236.0, -1
0, 373, 1, 191.0, 231.0, -1
0, 374, 4, 191.0, 236.0, -1
0, 375, 5, 191.0, 236.0, -1
0, 376, 5, 191.0, 236.0, -1
0, 377, 5, 191.0, 236.0, -1
0, 378, 7, 191.0, 237.0, -1
0, 379, 1, 192.0, 233.0, -1
0, 380, 1, 192.0, 234.0, -1
0, 381, 6, 192.0, 234.0, -1
0, 382, 7, 192.0, 235.0, -1
0, 383, 3, 192.0, 237.0, -1
0, 384, 3, 192.0, 237.0, -1
0, 385, 1, 192.0, 237.0, -1
0, 386, 2, 192.0, 238.0, -1
0, 387, 8, 192.0, 238.0, -1
0, 388, 4, 192.0, 238.0, -1
0, 389, 4, 192.0, 239.0, -1
0, 390, 7, 192.0, 239.0, -1
0, 391, 7, 192.0, 239.0, -1
0, 392, 2, 192.0, 240.0, -1
0, 393, 1, 193.0, 235.0, -1
0, 394, 0, 193.0, 235.0, -1
0, 395, 1, 193.0, 235.0, -1
0, 396, 0, 193.0, 235.0, -1
0, 397, 3, 193.0, 235.0, -1
0, 398, 6, 193.0, 237.0, -1
0, 399, 5, 193.0, 237.0, -1
0, 400, 2, 193.0, 237.0, -1
0, 401, 2, 193.0, 238.0, -1
0, 402, 3, 193.0, 238.0, -1
0, 403, 3, 193.0, 239.0, -1
0, 404, 5, 193.0, 239.0, -1
0, 405, 5, 193.0, 239.0, -1
1, 406, 4, 194.0, 197.0, 200.0
1, 407, 3, 194.0, 197.0, 205.0
1, 408, 8, 194.0, 202.0, 208.0
1, 409, 0, 194.0, 201.0, 213.0
1, 410, 8, 194.0, 207.0, 222.0
1, 411, 8, 194.0, 209.0, 227.0
1, 412, 0, 194.0, 215.0, 250.0
1, 413, 5, 194.0, 221.0, 261.0
1, 414, 4, 194.0, 221.0, 261.0
1, 415, 7, 194.0, 219.0, 262.0
1, 416, 4, 194.0, 229.0, 285.0
1, 417, 4, 194.0, 233.0, 294.0
1, 418, 0, 195.0, 202.0, 208.0
1, 419, 8, 195.0, 203.0, 213.0
1, 420, 2, 195.0, 204.0, 217.0
1, 421, 3, 195.0, 208.0, 223.0
1, 422, 5, 195.0, 209.0, 232.0
1, 423, 3, 195.0, 215.0, 247.0
1, 424, 3, 196.0, 199.0, 203.0
1, 425, 8, 196.0, 200.0, 209.0
1, 426, 0, 196.0, 203.0, 213.0
1, 427, 6, 196.0, 203.0, 215.0
1, 428, 2, 196.0, 205.0, 219.0
1, 429, 4, 196.0, 208.0, 229.0
1, 430, 7, 197.0, 206.0, 220.0
1, 431, 2, 197.0, 207.0, 222.0
1, 432, 4, 197.0, 207.0, 225.0
1, 433, 2, 197.0, 223.0, 266.0
1, 434, 5, 197.0, 233.0, 295.0
1, 435, 8, 198.0, 211.0, 229.0
1, 436, 8, 198.0, 224.0, 267.0
1, 437, 2, 199.0, 211.0, 231.0
1, 438, 4, 200.0, 223.0, 258.0
1, 439, 2, 201.0, 224.0, 263.0
1, 440, 4, 201.0, 234.0, 285.0
1, 441, 3, 203.0, 225.0, 260.0
1, 442, 3, 205.0, 258.0, 353.0
1, 443, 8, 208.0, 215.0, 223.0
1, 444, 0, 209.0, 220.0, 236.0
1, 445, 8, 209.0, 222.0, 240.0
1, 446, 0, 214.0, 217.0, 223.0
1, 447, 8, 214.0, 224.0, 241.0
1, 448, 0, 214.0, 249.0, 308.0
1, 449, 6, 216.0, 234.0, 262.0
1, 450, 2, 217.0, 224.0, 237.0
1, 451, 2, 219.0, 222.0, 223.0
1, 452, 7, 220.0, 237.0, 265.0
1, 453, 8, 222.0, 247.0, 281.0
1, 454, 2, 222.0, 254.0, 303.0
1, 455, 0, 223.0, 230.0, 235.0
1, 456, 8, 223.0, 235.0, 255.0
1, 457, 2, 223.0, 271.0, 343.0
1, 458, 1, 224.0, 238.0, 260.0
1, 459, 3, 224.0, 241.0, 271.0
1, 460, 4, 225.0, 228.0, 233.0
1, 461, 6, 227.0, 241.0, 257.0
1, 462, 8, 227.0, 252.0, 284.0
1, 463, 4, 229.0, 232.0, 234.0
1, 464, 0, 229.0, 236.0, 243.0
1, 465, 8, 229.0, 254.0, 291.0
1, 466, 7, 231.0, 238.0, 244.0
1, 467, 0, 231.0, 239.0, 245.0
1, 468, 2, 231.0, 241.0, 252.0
1, 469, 0, 231.0, 242.0, 256.0
1, 470, 0, 231.0, 244.0, 260.0
1, 471, 1, 231.0, 261.0, 304.0
1, 472, 6, 232.0, 241.0, 253.0
1, 473, 1, 232.0, 243.0, 259.0
1, 474, 5, 232.0, 244.0, 263.0
1, 475, 6, 232.0, 260.0, 301.0
1, 476, 3, 233.0, 236.0, 240.0
1, 477, 7, 233.0, 240.0, 249.0
1, 478, 1, 233.0, 241.0, 252.0
1, 479, 4, 233.0, 251.0, 277.0
1, 480, 4, 234.0, 242.0, 255.0
1, 481, 5, 234.0, 244.0, 256.0
1, 482, 1, 234.0, 251.0, 274.0
1, 483, 6, 234.0, 267.0, 316.0
1, 484, 1, 236.0, 238.0, 240.0
1, 485, 7, 236.0, 243.0, 250.0
1, 486, 1, 236.0, 243.0, 252.0
1, 487, 0, 236.0, 244.0, 255.0
1, 488, 0, 236.0, 246.0, 255.0
1, 489, 1, 236.0, 250.0, 268.0
1, 490, 0, 236.0, 251.0, 273.0
1, 491, 6, 236.0, 254.0, 281.0
1, 492, 7, 236.0, 256.0, 287.0
1, 493, 3, 236.0, 256.0, 289.0
1, 494, 6, 236.0, 258.0, 293.0
1, 495, 5, 237.0, 240.0, 249.0
1, 496, 8, 237.0, 244.0, 254.0
1, 497, 5, 237.0, 244.0, 256.0
1, 498, 4, 237.0, 246.0, 258.0
1, 499, 6, 237.0, 247.0, 261.0
1, 500, 8, 237.0, 259.0, 290.0
1, 501, 0, 237.0, 263.0, 302.0
1, 502, 5, 237.0, 264.0, 310.0
1, 503, 5, 238.0, 240.0, 246.0
1, 504, 1, 238.0, 241.0, 247.0
1, 505, 7, 238.0, 241.0, 248.0
1, 506, 1, 238.0, 245.0, 252.0
1, 507, 2, 238.0, 245.0, 252.0
1, 508, 3, 238.0, 245.0, 253.0
1, 509, 2, 238.0, 267.0, 313.0
1, 510, 6, 238.0, 279.0, 344.0
1, 511, 3, 238.0, 311.0, 428.0
1, 512, 3, 239.0, 242.0, 243.0
1, 513, 2, 239.0, 246.0, 258.0
1, 514, 4, 239.0, 246.0, 259.0
1, 515, 2, 239.0, 266.0, 312.0
1, 516, 8, 239.0, 269.0, 317.0
1, 517, 5, 240.0, 243.0, 252.0
1, 518, 3, 240.0, 243.0, 252.0
1, 519, 7, 240.0, 247.0, 257.0
1, 520, 5, 240.0, 254.0, 276.0
1, 521, 4, 240.0, 255.0, 280.0
1, 522, 7, 240.0, 256.0, 283.0
1, 523, 3, 241.0, 243.0, 245.0
1, 524, 2, 241.0, 253.0, 273.0
1, 525, 1, 241.0, 255.0, 275.0
1, 526, 8, 241.0, 265.0, 301.0
1, 527, 8, 242.0, 252.0, 268.0
1, 528, 0, 244.0, 270.0, 309.0
1, 529, 3, 244.0, 271.0, 311.0
1, 530, 7, 245.0, 254.0, 265.0
1, 531, 0, 246.0, 249.0, 255.0
1, 532, 3, 246.0, 256.0, 271.0
1, 533, 5, 247.0, 254.0, 268.0
1, 534, 1, 248.0, 251.0, 256.0
1, 535, 3, 248.0, 255.0, 269.0
1, 536, 7, 249.0, 252.0, 256.0
1, 537, 5, 250.0, 253.0, 262.0
1, 538, 7, 250.0, 256.0, 264.0
1, 539, 7, 251.0, 253.0, 256.0
1, 540, 0, 251.0, 261.0, 275.0
1, 541, 1, 252.0, 254.0, 259.0
1, 542, 5, 252.0, 254.0, 260.0
1, 543, 3, 252.0, 266.0, 289.0
1, 544, 2, 253.0, 255.0, 258.0
1, 545, 2, 253.0, 260.0, 268.0
1, 546, 1, 253.0, 260.0, 270.0
1, 547, 1, 253.0, 278.0, 319.0
1, 548, 6, 254.0, 261.0, 268.0
1, 549, 3, 254.0, 280.0, 323.0
1, 550, 8, 255.0, 262.0, 271.0
1, 551, 0, 256.0, 264.0, 274.0
1, 552, 8, 256.0, 266.0, 280.0
1, 553, 0, 256.0, 269.0, 284.0
1, 554, 0, 256.0, 271.0, 298.0
1, 555, 0, 256.0, 274.0, 299.0
1, 556, 4, 256.0, 279.0, 316.0
1, 557, 5, 257.0, 260.0, 269.0
1, 558, 7, 257.0, 272.0, 292.0
1, 559, 5, 257.0, 272.0, 296.0
1, 560, 1, 257.0, 275.0, 302.0
1, 561, 7, 257.0, 286.0, 336.0
1, 562, 7, 258.0, 261.0, 267.0
1, 563, 6, 258.0, 266.0, 276.0
1, 564, 2, 259.0, 262.0, 267.0
1, 565, 2, 259.0, 262.0, 269.0
1, 566, 4, 259.0, 262.0, 270.0
1, 567, 4, 259.0, 296.0, 348.0
1, 568, 1, 260.0, 263.0, 267.0
1, 569, 1, 260.0, 272.0, 293.0
1, 570, 4, 260.0, 276.0, 303.0
1, 571, 0, 261.0, 264.0, 266.0
1, 572, 3, 261.0, 264.0, 274.0
1, 573, 1, 261.0, 268.0, 274.0
1, 574, 5, 261.0, 286.0, 322.0
1, 575, 6, 262.0, 265.0, 272.0
1, 576, 4, 262.0, 275.0, 296.0
1, 577, 5, 262.0, 283.0, 319.0
1, 578, 5, 263.0, 267.0, 274.0
1, 579, 6, 263.0, 273.0, 285.0
1, 580, 2, 263.0, 273.0, 292.0
1, 581, 7, 263.0, 286.0, 323.0
1, 582, 5, 264.0, 297.0, 351.0
1, 583, 7, 265.0, 275.0, 285.0
1, 584, 0, 266.0, 273.0, 283.0
1, 585, 7, 266.0, 296.0, 344.0
1, 586, 7, 266.0, 316.0, 404.0
1, 587, 1, 267.0, 274.0, 280.0
1, 588, 2, 267.0, 277.0, 292.0
1, 589, 7, 267.0, 277.0, 293.0
1, 590, 5, 268.0, 271.0, 272.0
1, 591, 8, 268.0, 271.0, 278.0
1, 592, 8, 268.0, 271.0, 278.0
1, 593, 2, 268.0, 279.0, 289.0
1, 594, 2, 268.0, 288.0, 316.0
1, 595, 1, 269.0, 272.0, 275.0
1, 596, 6, 269.0, 285.0, 308.0
1, 597, 2, 269.0, 287.0, 313.0
1, 598, 1, 270.0, 273.0, 280.0
1, 599, 5, 270.0, 280.0, 296.0
1, 600, 3, 270.0, 287.0, 318.0
1, 601, 4, 271.0, 274.0, 277.0
1, 602, 6, 272.0, 279.0, 285.0
1, 603, 3, 272.0, 288.0, 315.0
1, 604, 3, 272.0, 292.0, 327.0
1, 605, 8, 272.0, 303.0, 349.0
0, 606, 0, 273.0, 319.0, -1
0, 607, 0, 274.0, 317.0, -1
0, 608, 1, 274.0, 319.0, -1
0, 609, 1, 274.0, 319.0, -1
0, 610, 5, 274.0, 322.0, -1
0, 611, 3, 274.0, 324.0, -1
0, 612, 2, 274.0, 327.0, -1
0, 613, 1, 275.0, 320.0, -1
0, 614, 5, 275.0, 322.0, -1
0, 615, 0, 276.0, 319.0, -1
0, 616, 1, 276.0, 322.0, -1
0, 617, 6, 276.0, 323.0, -1
0, 618, 5, 276.0, 330.0, -1
0, 619, 4, 277.0, 324.0, -1
0, 620, 4, 277.0, 326.0, -1
0, 621, 8, 278.0, 323.0, -1
0, 622, 8, 278.0, 328.0, -1
0, 623, 8, 280.0, 324.0, -1
0, 624, 1, 280.0, 325.0, -1
0, 625, 1, 280.0, 325.0, -1
0, 626, 6, 281.0, 328.0, -1
0, 627, 4, 281.0, 329.0, -1
0, 628, 8, 281.0, 330.0, -1
0, 629, 0, 283.0, 327.0, -1
0, 630, 7, 283.0, 328.0, -1
0, 631, 8, 284.0, 332.0, -1
0, 632, 0, 285.0, 327.0, -1
0, 633, 6, 285.0, 329.0, -1
0, 634, 7, 285.0, 331.0, -1
0, 635, 4, 285.0, 336.0, -1
0, 636, 4, 285.0, 338.0, -1
0, 637, 6, 286.0, 333.0, -1
0, 638, 7, 288.0, 332.0, -1
0, 639, 2, 289.0, 333.0, -1
0, 640, 3, 289.0, 337.0, -1
0, 641, 3, 289.0, 338.0, -1
0, 642, 8, 291.0, 338.0, -1
0, 643, 8, 291.0, 340.0, -1
0, 644, 7, 292.0, 337.0, -1
0, 645, 2, 292.0, 339.0, -1
0, 646, 2, 292.0, 341.0, -1
0, 647, 7, 293.0, 337.0, -1
0, 648, 6, 293.0, 338.0, -1
0, 649, 1, 293.0, 340.0, -1
0, 650, 4, 294.0, 339.0, -1
0, 651, 5, 295.0, 343.0, -1
0, 652, 5, 296.0, 342.0, -1
0, 653, 5, 296.0, 343.0, -1
0, 654, 4, 296.0, 347.0, -1
0, 655, 0, 298.0, 344.0, -1
0, 656, 0, 299.0, 342.0, -1
0, 657, 8, 301.0, 348.0, -1
0, 658, 6, 301.0, 349.0, -1
0, 659, 1, 302.0, 348.0, -1
0, 660, 2, 303.0, 346.0, -1
0, 661, 0, 303.0, 347.0, -1
0, 662, 4, 304.0, 348.0, -1
0, 663, 1, 304.0, 349.0, -1
0, 664, 0, 308.0, 351.0, -1
0, 665, 6, 308.0, 353.0, -1
0, 666, 0, 309.0, 352.0, -1
0, 667, 3, 311.0, 357.0, -1
0, 668, 5, 311.0, 361.0, -1
0, 669, 2, 312.0, 358.0, -1
0, 670, 2, 313.0, 357.0, -1
0, 671, 2, 314.0, 357.0, -1
0, 672, 3, 315.0, 360.0, -1
0, 673, 2, 316.0, 360.0, -1
0, 674, 6, 316.0, 361.0, -1
0, 675, 4, 316.0, 362.0, -1
0, 676, 0, 317.0, 364.0, -1
0, 677, 8, 317.0, 364.0, -1
0, 678, 0, 319.0, 362.0, -1
0, 679, 1, 319.0, 362.0, -1
0, 680, 1, 319.0, 363.0, -1
0, 681, 1, 319.0, 363.0, -1
0, 682, 5, 319.0, 363.0, -1
0, 683, 3, 319.0, 365.0, -1
0, 684, 0, 319.0, 365.0, -1
0, 685, 1, 320.0, 364.0, -1
0, 686, 5, 322.0, 366.0, -1
0, 687, 1, 322.0, 366.0, -1
0, 688, 5, 322.0, 367.0, -1
0, 689, 6, 323.0, 366.0, -1
0, 690, 5, 323.0, 368.0, -1
0, 691, 7, 323.0, 369.0, -1
0, 692, 3, 323.0, 370.0, -1
0, 693, 4, 324.0, 368.0, -1
0, 694, 8, 324.0, 369.0, -1
0, 695, 3, 324.0, 371.0, -1
0, 696, 8, 324.0, 373.0, -1
0, 697, 1, 325.0, 368.0, -1
0, 698, 1, 325.0, 369.0, -1
0, 699, 4, 326.0, 368.0, -1
0, 700, 0, 327.0, 371.0, -1
0, 701, 0, 327.0, 371.0, -1
0, 702, 3, 327.0, 374.0, -1
0, 703, 2, 327.0, 376.0, -1
0, 704, 6, 328.0, 372.0, -1
0, 705, 7, 328.0, 373.0, -1
0, 706, 8, 328.0, 376.0, -1
0, 707, 4, 329.0, 381.0, -1
0, 708, 6, 330.0, 374.0, -1
0, 709, 5, 330.0, 383.0, -1
0, 710, 7, 331.0, 378.0, -1
0, 711, 8, 331.0, 378.0, -1
0, 712, 8, 332.0, 381.0, -1
0, 713, 7, 333.0, 376.0, -1
0, 714, 6, 333.0, 379.0, -1
0, 715, 2, 333.0, 381.0, -1
0, 716, 7, 336.0, 378.0, -1
0, 717, 4, 336.0, 380.0, -1
0, 718, 7, 337.0, 381.0, -1
0, 719, 3, 337.0, 382.0, -1
0, 720, 7, 337.0, 385.0, -1
0, 721, 3, 338.0, 382.0, -1
0, 722, 6, 338.0, 387.0, -1
0, 723, 4, 338.0, 395.0, -1
0, 724, 2, 339.0, 382.0, -1
0, 725, 8, 339.0, 382.0, -1
0, 726, 4, 339.0, 393.0, -1
0, 727, 8, 340.0, 387.0, -1
0, 728, 1, 341.0, 386.0, -1
0, 729, 2, 342.0, 391.0, -1
0, 730, 5, 343.0, 387.0, -1
0, 731, 0, 343.0, 408.0, -1
0, 732, 5, 344.0, 386.0, -1
0, 733, 5, 344.0, 389.0, -1
0, 734, 2, 344.0, 392.0, -1
0, 735, 7, 345.0, 387.0, -1
0, 736, 6, 345.0, 389.0, -1
0, 737, 0, 345.0, 410.0, -1
0, 738, 2, 347.0, 395.0, -1
0, 739, 4, 348.0, 392.0, -1
0, 740, 0, 348.0, 412.0, -1
0, 741, 4, 349.0, 393.0, -1
0, 742, 8, 349.0, 394.0, -1
0, 743, 1, 349.0, 396.0, -1
0, 744, 4, 349.0, 399.0, -1
0, 745, 1, 350.0, 393.0, -1
0, 746, 8, 350.0, 395.0, -1
0, 747, 6, 350.0, 396.0, -1
0, 748, 5, 352.0, 396.0, -1
0, 749, 0, 352.0, 414.0, -1
0, 750, 0, 353.0, 414.0, -1
0, 751, 6, 354.0, 397.0, -1
0, 752, 3, 354.0, 403.0, -1
0, 753, 2, 358.0, 401.0, -1
0, 754, 2, 358.0, 402.0, -1
0, 755, 3, 358.0, 403.0, -1
0, 756, 2, 359.0, 402.0, -1
0, 757, 3, 361.0, 406.0, -1
0, 758, 2, 361.0, 407.0, -1
0, 759, 5, 362.0, 404.0, -1
0, 760, 6, 362.0, 405.0, -1
0, 761, 4, 363.0, 404.0, -1
0, 762, 1, 363.0, 407.0, -1
0, 763, 1, 363.0, 410.0, -1
0, 764, 0, 363.0, 417.0, -1
0, 765, 5, 364.0, 407.0, -1
0, 766, 1, 364.0, 407.0, -1
0, 767, 1, 365.0, 406.0, -1
0, 768, 8, 365.0, 410.0, -1
0, 769, 0, 365.0, 417.0, -1
0, 770, 3, 366.0, 412.0, -1
0, 771, 0, 366.0, 418.0, -1
0, 772, 5, 367.0, 408.0, -1
0, 773, 1, 367.0, 410.0, -1
0, 774, 6, 367.0, 411.0, -1
0, 775, 5, 368.0, 410.0, -1
0, 776, 4, 369.0, 411.0, -1
0, 777, 4, 369.0, 412.0, -1
0, 778, 1, 369.0, 413.0, -1
0, 779, 5, 369.0, 419.0, -1
0, 780, 7, 370.0, 412.0, -1
0, 781, 1, 370.0, 413.0, -1
0, 782, 8, 370.0, 415.0, -1
0, 783, 3, 370.0, 417.0, -1
0, 784, 3, 371.0, 414.0, -1
0, 785, 0, 372.0, 421.0, -1
0, 786, 0, 372.0, 423.0, -1
0, 787, 6, 373.0, 414.0, -1
0, 788, 7, 374.0, 417.0, -1
0, 789, 8, 374.0, 418.0, -1
0, 790, 6, 375.0, 418.0, -1
0, 791, 3, 375.0, 419.0, -1
0, 792, 2, 377.0, 419.0, -1
0, 793, 8, 377.0, 419.0, -1
0, 794, 7, 377.0, 422.0, -1
0, 795, 7, 379.0, 421.0, -1
0, 796, 7, 379.0, 421.0, -1
0, 797, 8, 379.0, 427.0, -1
0, 798, 6, 380.0, 423.0, -1
0, 799, 8, 381.0, 425.0, -1
0, 800, 2, 429.0, 432.0, 434.0
0, 801, 1, 429.0, 432.0, 434.0
0, 802, 0, 429.0, 432.0, 434.0
0, 803, 5, 429.0, 432.0, 435.0
0, 804, 3, 429.0, 433.0, 437.0
0, 805, 1, 429.0, 433.0, 437.0
0, 806, 7, 429.0, 432.0, 437.0
0, 807, 0, 429.0, 435.0, 440.0
0, 808, 0, 429.0, 435.0, 441.0
0, 809, 7, 429.0, 438.0, 443.0
0, 810, 1, 429.0, 438.0, 444.0
0, 811, 2, 429.0, 438.0, 445.0
0, 812, 3, 429.0, 439.0, 445.0
0, 813, 0, 429.0, 439.0, 446.0
0, 814, 4, 429.0, 439.0, 446.0
0, 815, 6, 429.0, 438.0, 447.0
0, 816, 2, 429.0, 439.0, 447.0
0, 817, 4, 429.0, 439.0, 447.0
0, 818, 5, 429.0, 439.0, 448.0
0, 819, 4, 429.0, 439.0, 449.0
0, 820, 0, 429.0, 439.0, 450.0
0, 821, 7, 429.0, 438.0, 451.0
0, 822, 8, 429.0, 440.0, 451.0
0, 823, 3, 429.0, 440.0, 452.0
0, 824, 3, 429.0, 441.0, 452.0
0, 825, 8, 429.0, 440.0, 452.0
0, 826, 4, 429.0, 440.0, 452.0
0, 827, 5, 429.0, 441.0, 452.0
0, 828, 5, 429.0, 439.0, 452.0
0, 829, 3, 429.0, 440.0, 453.0
0, 830, 0, 429.0, 441.0, 453.0
0, 831, 1, 429.0, 440.0, 454.0
0, 832, 4, 429.0, 442.0, 454.0
0, 833, 3, 429.0, 440.0, 454.0
0, 834, 2, 429.0, 443.0, 454.0
0, 835, 8, 429.0, 442.0, 455.0
0, 836, 5, 429.0, 441.0, 456.0
0, 837, 3, 429.0, 441.0, 457.0
0, 838, 6, 429.0, 443.0, 458.0
0, 839, 6, 429.0, 442.0, 459.0
0, 840, 8, 429.0, 442.0, 459.0
0, 841, 4, 429.0, 443.0, 459.0
0, 842, 2, 429.0, 441.0, 459.0
0, 843, 7, 429.0, 443.0, 459.0
0, 844, 6, 429.0, 443.0, 460.0
0, 845, 7, 429.0, 444.0, 461.0
0, 846, 0, 429.0, 442.0, 461.0
0, 847, 2, 429.0, 443.0, 463.0
0, 848, 6, 429.0, 445.0, 463.0
0, 849, 6, 429.0, 444.0, 463.0
0, 850, 4, 429.0, 443.0, 464.0
0, 851, 8, 429.0, 446.0, 465.0
0, 852, 2, 429.0, 446.0, 466.0
0, 853, 4, 429.0, 447.0, 466.0
0, 854, 8, 429.0, 446.0, 469.0
0, 855, 3, 429.0, 447.0, 470.0
0, 856, 1, 429.0, 450.0, 473.0
0, 857, 5, 429.0, 449.0, 474.0
0, 858, 1, 429.0, 449.0, 476.0
0, 859, 8, 429.0, 448.0, 476.0
0, 860, 8, 429.0, 449.0, 476.0
0, 861, 5, 429.0, 449.0, 478.0
0, 862, 0, 429.0, 451.0, 480.0
0, 863, 7, 429.0, 451.0, 481.0
0, 864, 3, 429.0, 453.0, 487.0
0, 865, 8, 429.0, 452.0, 488.0
0, 866, 7, 429.0, 454.0, 489.0
0, 867, 7, 429.0, 453.0, 489.0
0, 868, 1, 429.0, 456.0, 491.0
0, 869, 5, 429.0, 455.0, 491.0
0, 870, 6, 429.0, 456.0, 492.0
0, 871, 5, 429.0, 456.0, 493.0
0, 872, 4, 429.0, 457.0, 495.0
0, 873, 7, 429.0, 458.0, 497.0
0, 874, 1, 429.0, 458.0, 497.0
0, 875, 0, 429.0, 458.0, 498.0
0, 876, 6, 429.0, 456.0, 500.0
0, 877, 1, 429.0, 458.0, 505.0
0, 878, 6, 429.0, 462.0, 507.0
0, 879, 2, 429.0, 461.0, 507.0
0, 880, 5, 429.0, 462.0, 510.0
0, 881, 0, 429.0, 463.0, 510.0
0, 882, 3, 429.0, 466.0, 521.0
0, 883, 8, 429.0, 466.0, 525.0
0, 884, 2, 429.0, 467.0, 526.0
0, 885, 4, 429.0, 473.0, 540.0
0, 886, 2, 429.0, 480.0, 555.0
0, 887, 1, 429.0, 482.0, 564.0
0, 888, 2, 434.0, 459.0, 495.0
0, 889, 1, 435.0, 443.0, 452.0
0, 890, 0, 435.0, 460.0, 490.0
0, 891, 6, 435.0, 460.0, 498.0
0, 892, 5, 436.0, 448.0, 465.0
0, 893, 3, 437.0, 448.0, 460.0
0, 894, 1, 438.0, 441.0, 450.0
0, 895, 7, 438.0, 464.0, 506.0
0, 896, 0, 440.0, 448.0, 459.0
0, 897, 0, 442.0, 511.0, 620.0
0, 898, 1, 444.0, 452.0, 460.0
0, 899, 7, 444.0, 486.0, 549.0
0, 900, 2, 445.0, 452.0, 460.0
0, 901, 3, 446.0, 452.0, 460.0
0, 902, 4, 447.0, 450.0, 455.0
0, 903, 0, 447.0, 450.0, 456.0
0, 904, 6, 448.0, 453.0, 459.0
0, 905, 4, 448.0, 475.0, 519.0
0, 906, 2, 448.0, 477.0, 520.0
0, 907, 5, 449.0, 456.0, 468.0
0, 908, 4, 450.0, 481.0, 533.0
0, 909, 0, 451.0, 454.0, 457.0
0, 910, 8, 451.0, 455.0, 463.0
0, 911, 7, 451.0, 455.0, 463.0
0, 912, 1, 451.0, 458.0, 471.0
0, 913, 8, 452.0, 460.0, 471.0
0, 914, 3, 452.0, 468.0, 489.0
0, 915, 3, 452.0, 470.0, 503.0
0, 916, 5, 453.0, 456.0, 457.0
0, 917, 0, 453.0, 463.0, 479.0
0, 918, 5, 453.0, 465.0, 484.0
0, 919, 4, 453.0, 466.0, 489.0
0, 920, 3, 453.0, 470.0, 494.0
0, 921, 1, 453.0, 478.0, 520.0
0, 922, 1, 454.0, 480.0, 520.0
0, 923, 2, 455.0, 459.0, 466.0
0, 924, 3, 455.0, 466.0, 477.0
0, 925, 4, 455.0, 485.0, 524.0
0, 926, 8, 456.0, 464.0, 475.0
0, 927, 4, 456.0, 467.0, 484.0
0, 928, 0, 457.0, 460.0, 465.0
0, 929, 5, 457.0, 464.0, 478.0
0, 930, 5, 458.0, 461.0, 465.0
0, 931, 0, 458.0, 461.0, 470.0
0, 932, 3, 458.0, 465.0, 474.0
0, 933, 6, 459.0, 462.0, 465.0
0, 934, 8, 459.0, 462.0, 467.0
0, 935, 0, 459.0, 462.0, 467.0
0, 936, 6, 459.0, 469.0, 485.0
0, 937, 3, 460.0, 463.0, 466.0
0, 938, 7, 460.0, 466.0, 473.0
0, 939, 6, 460.0, 467.0, 478.0
0, 940, 4, 460.0, 474.0, 494.0
0, 941, 2, 460.0, 488.0, 536.0
0, 942, 6, 461.0, 469.0, 476.0
0, 943, 1, 461.0, 468.0, 477.0
0, 944, 3, 461.0, 472.0, 490.0
0, 945, 7, 461.0, 475.0, 497.0
0, 946, 2, 461.0, 487.0, 525.0
0, 947, 0, 462.0, 469.0, 480.0
0, 948, 2, 463.0, 481.0, 507.0
0, 949, 8, 463.0, 488.0, 523.0
0, 950, 7, 464.0, 468.0, 474.0
0, 951, 6, 464.0, 476.0, 493.0
0, 952, 6, 464.0, 479.0, 498.0
0, 953, 6, 465.0, 485.0, 512.0
0, 954, 4, 465.0, 498.0, 554.0
0, 955, 3, 466.0, 469.0, 472.0
0, 956, 8, 466.0, 470.0, 474.0
0, 957, 2, 466.0, 469.0, 475.0
0, 958, 5, 466.0, 469.0, 475.0
0, 959, 0, 466.0, 473.0, 482.0
0, 960, 5, 466.0, 480.0, 505.0
0, 961, 4, 467.0, 472.0, 476.0
0, 962, 8, 467.0, 485.0, 509.0
0, 963, 2, 467.0, 508.0, 563.0
0, 964, 5, 468.0, 470.0, 472.0
0, 965, 0, 468.0, 479.0, 499.0
0, 966, 8, 469.0, 476.0, 483.0
0, 967, 0, 470.0, 494.0, 531.0
0, 968, 3, 471.0, 474.0, 483.0
0, 969, 1, 472.0, 475.0, 481.0
0, 970, 8, 472.0, 493.0, 524.0
0, 971, 7, 473.0, 476.0, 483.0
0, 972, 5, 473.0, 482.0, 498.0
0, 973, 3, 473.0, 485.0, 507.0
0, 974, 1, 473.0, 495.0, 534.0
0, 975, 5, 474.0, 483.0, 503.0
0, 976, 2, 475.0, 482.0, 493.0
0, 977, 7, 475.0, 482.0, 493.0
0, 978, 8, 475.0, 505.0, 554.0
0, 979, 3, 475.0, 509.0, 563.0
0, 980, 8, 475.0, 527.0, 606.0
0, 981, 5, 476.0, 486.0, 502.0
0, 982, 6, 477.0, 480.0, 487.0
0, 983, 8, 477.0, 481.0, 489.0
0, 984, 1, 477.0, 484.0, 490.0
0, 985, 4, 477.0, 489.0, 506.0
0, 986, 8, 477.0, 496.0, 523.0
0, 987, 3, 478.0, 481.0, 483.0
0, 988, 1, 478.0, 485.0, 498.0
0, 989, 5, 478.0, 494.0, 520.0
0, 990, 5, 479.0, 482.0, 486.0
0, 991, 6, 479.0, 496.0, 520.0
0, 992, 0, 480.0, 484.0, 492.0
0, 993, 0, 480.0, 491.0, 505.0
0, 994, 0, 480.0, 497.0, 526.0
0, 995, 1, 482.0, 485.0, 487.0
0, 996, 7, 482.0, 495.0, 518.0
0, 997, 8, 483.0, 491.0, 496.0
0, 998, 0, 483.0, 503.0, 534.0
0, 999, 3, 483.0, 515.0, 568.0
