0, 0, 1, 9.0, 50.0, -1
0, 1, 6, 9.0, 50.0, -1
0, 2, 6, 9.0, 50.0, -1
0, 3, 6, 9.0, 50.0, -1
0, 4, 6, 9.0, 50.0, -1
0, 5, 1, 9.0, 50.0, -1
0, 6, 6, 9.0, 51.0, -1
0, 7, 3, 9.0, 51.0, -1
0, 8, 2, 9.0, 51.0, -1
0, 9, 2, 9.0, 52.0, -1
0, 10, 1, 9.0, 52.0, -1
0, 11, 2, 9.0, 52.0, -1
0, 12, 1, 9.0, 52.0, -1
0, 13, 2, 9.0, 52.0, -1
0, 14, 3, 9.0, 52.0, -1
0, 15, 2, 9.0, 52.0, -1
0, 16, 3, 9.0, 52.0, -1
0, 17, 3, 9.0, 53.0, -1
0, 18, 1, 9.0, 53.0, -1
0, 19, 3, 9.0, 53.0, -1
0, 20, 2, 9.0, 53.0, -1
0, 21, 3, 9.0, 53.0, -1
0, 22, 6, 9.0, 53.0, -1
0, 23, 2, 9.0, 53.0, -1
0, 24, 2, 9.0, 53.0, -1
0, 25, 2, 9.0, 53.0, -1
0, 26, 6, 9.0, 53.0, -1
0, 27, 1, 9.0, 53.0, -1
0, 28, 1, 9.0, 54.0, -1
0, 29, 3, 9.0, 54.0, -1
0, 30, 1, 9.0, 55.0, -1
0, 31, 1, 9.0, 55.0, -1
0, 32, 3, 9.0, 55.0, -1
0, 33, 3, 9.0, 56.0, -1
0, 34, 0, 10.0, 51.0, -1
0, 35, 0, 10.0, 51.0, -1
0, 36, 4, 10.0, 52.0, -1
0, 37, 5, 10.0, 52.0, -1
0, 38, 0, 10.0, 52.0, -1
0, 39, 8, 10.0, 53.0, -1
0, 40, 7, 10.0, 53.0, -1
0, 41, 5, 10.0, 53.0, -1
0, 42, 0, 10.0, 53.0, -1
0, 43, 5, 10.0, 53.0, -1
0, 44, 0, 10.0, 53.0, -1
0, 45, 5, 10.0, 53.0, -1
0, 46, 4, 10.0, 53.0, -1
0, 47, 7, 10.0, 53.0, -1
0, 48, 5, 10.0, 53.0, -1
0, 49, 8, 10.0, 53.0, -1
0, 50, 0, 10.0, 53.0, -1
0, 51, 7, 10.0, 53.0, -1
0, 52, 5, 10.0, 53.0, -1
0, 53, 4, 10.0, 54.0, -1
0, 54, 4, 10.0, 54.0, -1
0, 55, 0, 10.0, 54.0, -1
0, 56, 8, 10.0, 54.0, -1
0, 57, 5, 10.0, 54.0, -1
0, 58, 5, 10.0, 54.0, -1
0, 59, 4, 10.0, 54.0, -1
0, 60, 8, 10.0, 54.0, -1
0, 61, 7, 10.0, 54.0, -1
0, 62, 5, 10.0, 55.0, -1
0, 63, 4, 10.0, 55.0, -1
0, 64, 8, 10.0, 55.0, -1
0, 65, 4, 10.0, 55.0, -1
0, 66, 8, 10.0, 55.0, -1
0, 67, 7, 10.0, 55.0, -1
0, 68, 4, 10.0, 55.0, -1
0, 69, 7, 10.0, 55.0, -1
0, 70, 7, 10.0, 56.0, -1
0, 71, 0, 10.0, 56.0, -1
0, 72, 8, 10.0, 56.0, -1
0, 73, 8, 10.0, 56.0, -1
0, 74, 7, 10.0, 56.0, -1
0, 75, 7, 10.0, 56.0, -1
0, 76, 8, 10.0, 56.0, -1
0, 77, 4, 10.0, 56.0, -1
0, 78, 7, 10.0, 56.0, -1
0, 79, 0, 10.0, 57.0, -1
0, 80, 1, 50.0, 92.0, -1
0, 81, 0, 51.0, 90.0, -1
0, 82, 3, 51.0, 92.0, -1
0, 83, 6, 51.0, 92.0, -1
0, 84, 6, 51.0, 92.0, -1
0, 85, 6, 51.0, 93.0, -1
0, 86, 6, 51.0, 94.0, -1
0, 87, 6, 51.0, 94.0, -1
0, 88, 1, 51.0, 95.0, -1
0, 89, 0, 51.0, 97.0, -1
0, 90, 4, 52.0, 93.0, -1
0, 91, 2, 52.0, 94.0, -1
0, 92, 1, 52.0, 95.0, -1
0, 93, 2, 52.0, 95.0, -1
0, 94, 2, 52.0, 97.0, -1
0, 95, 0, 53.0, 94.0, -1
0, 96, 0, 53.0, 94.0, -1
0, 97, 5, 53.0, 95.0, -1
0, 98, 5, 53.0, 95.0, -1
0, 99, 0, 53.0, 95.0, -1
0, 100, 1, 53.0, 95.0, -1
0, 101, 1, 53.0, 95.0, -1
0, 102, 3, 53.0, 95.0, -1
0, 103, 5, 53.0, 96.0, -1
0, 104, 5, 53.0, 96.0, -1
0, 105, 7, 53.0, 97.0, -1
0, 106, 7, 53.0, 97.0, -1
0, 107, 2, 53.0, 97.0, -1
0, 108, 4, 53.0, 98.0, -1
0, 109, 3, 53.0, 98.0, -1
0, 110, 8, 53.0, 98.0, -1
0, 111, 2, 53.0, 99.0, -1
0, 112, 3, 53.0, 100.0, -1
0, 113, 2, 54.0, 95.0, -1
0, 114, 6, 54.0, 95.0, -1
0, 115, 3, 54.0, 95.0, -1
0, 116, 5, 54.0, 95.0, -1
0, 117, 0, 54.0, 96.0, -1
0, 118, 5, 54.0, 96.0, -1
0, 119, 4, 54.0, 96.0, -1
0, 120, 2, 54.0, 96.0, -1
0, 121, 1, 54.0, 96.0, -1
0, 122, 2, 54.0, 97.0, -1
0, 123, 4, 54.0, 97.0, -1
0, 124, 2, 54.0, 98.0, -1
0, 125, 6, 54.0, 98.0, -1
0, 126, 8, 54.0, 98.0, -1
0, 127, 7, 54.0, 99.0, -1
0, 128, 1, 54.0, 99.0, -1
0, 129, 3, 54.0, 100.0, -1
0, 130, 3, 55.0, 96.0, -1
0, 131, 5, 55.0, 96.0, -1
0, 132, 0, 55.0, 97.0, -1
0, 133, 4, 55.0, 97.0, -1
0, 134, 1, 55.0, 97.0, -1
0, 135, 5, 55.0, 98.0, -1
0, 136, 7, 55.0, 98.0, -1
0, 137, 5, 55.0, 98.0, -1
0, 138, 7, 55.0, 98.0, -1
0, 139, 8, 55.0, 99.0, -1
0, 140, 4, 55.0, 99.0, -1
0, 141, 8, 55.0, 100.0, -1
0, 142, 4, 55.0, 100.0, -1
0, 143, 1, 55.0, 101.0, -1
0, 144, 8, 55.0, 101.0, -1
0, 145, 8, 55.0, 102.0, -1
0, 146, 0, 56.0, 96.0, -1
0, 147, 7, 56.0, 98.0, -1
0, 148, 3, 56.0, 100.0, -1
0, 149, 3, 56.0, 100.0, -1
0, 150, 4, 56.0, 100.0, -1
0, 151, 8, 56.0, 102.0, -1
0, 152, 7, 56.0, 103.0, -1
0, 153, 7, 57.0, 99.0, -1
0, 154, 0, 57.0, 99.0, -1
0, 155, 4, 57.0, 100.0, -1
0, 156, 8, 57.0, 101.0, -1
0, 157, 8, 57.0, 101.0, -1
0, 158, 7, 57.0, 101.0, -1
0, 159, 7, 57.0, 101.0, -1
0, 160, 0, 90.0, 135.0, -1
0, 161, 6, 92.0, 131.0, -1
0, 162, 3, 92.0, 133.0, -1
0, 163, 1, 93.0, 136.0, -1
0, 164, 6, 93.0, 137.0, -1
0, 165, 4, 93.0, 138.0, -1
0, 166, 2, 94.0, 136.0, -1
0, 167, 6, 94.0, 137.0, -1
0, 168, 6, 94.0, 137.0, -1
0, 169, 0, 95.0, 136.0, -1
0, 170, 1, 95.0, 138.0, -1
0, 171, 6, 95.0, 138.0, -1
0, 172, 0, 95.0, 138.0, -1
0, 173, 5, 95.0, 139.0, -1
0, 174, 5, 95.0, 139.0, -1
0, 175, 2, 95.0, 139.0, -1
0, 176, 3, 96.0, 136.0, -1
0, 177, 5, 96.0, 136.0, -1
0, 178, 3, 96.0, 137.0, -1
0, 179, 5, 96.0, 137.0, -1
0, 180, 5, 96.0, 137.0, -1
0, 181, 1, 96.0, 138.0, -1
0, 182, 3, 96.0, 138.0, -1
0, 183, 1, 96.0, 138.0, -1
0, 184, 0, 96.0, 138.0, -1
0, 185, 2, 96.0, 139.0, -1
0, 186, 2, 96.0, 139.0, -1
0, 187, 6, 96.0, 139.0, -1
0, 188, 1, 96.0, 140.0, -1
0, 189, 4, 96.0, 140.0, -1
0, 190, 5, 96.0, 141.0, -1
0, 191, 0, 96.0, 141.0, -1
0, 192, 0, 97.0, 137.0, -1
0, 193, 0, 97.0, 138.0, -1
0, 194, 0, 97.0, 139.0, -1
0, 195, 7, 97.0, 139.0, -1
0, 196, 2, 97.0, 140.0, -1
0, 197, 2, 97.0, 140.0, -1
0, 198, 1, 97.0, 140.0, -1
0, 199, 7, 97.0, 141.0, -1
0, 200, 5, 97.0, 143.0, -1
0, 201, 5, 98.0, 140.0, -1
0, 202, 3, 98.0, 140.0, -1
0, 203, 8, 98.0, 141.0, -1
0, 204, 2, 98.0, 141.0, -1
0, 205, 1, 98.0, 141.0, -1
0, 206, 7, 98.0, 141.0, -1
0, 207, 4, 98.0, 142.0, -1
0, 208, 6, 98.0, 142.0, -1
0, 209, 4, 98.0, 142.0, -1
0, 210, 5, 98.0, 143.0, -1
0, 211, 2, 98.0, 143.0, -1
0, 212, 7, 98.0, 144.0, -1
0, 213, 4, 98.0, 145.0, -1
0, 214, 0, 99.0, 141.0, -1
0, 215, 7, 99.0, 141.0, -1
0, 216, 2, 99.0, 141.0, -1
0, 217, 8, 99.0, 143.0, -1
0, 218, 7, 99.0, 144.0, -1
0, 219, 8, 99.0, 144.0, -1
0, 220, 7, 99.0, 145.0, -1
0, 221, 3, 100.0, 140.0, -1
0, 222, 3, 100.0, 141.0, -1
0, 223, 4, 100.0, 142.0, -1
0, 224, 1, 100.0, 143.0, -1
0, 225, 4, 100.0, 143.0, -1
0, 226, 8, 100.0, 143.0, -1
0, 227, 4, 100.0, 144.0, -1
0, 228, 3, 101.0, 143.0, -1
0, 229, 8, 101.0, 144.0, -1
0, 230, 7, 101.0, 144.0, -1
0, 231, 4, 101.0, 145.0, -1
0, 232, 1, 101.0, 145.0, -1
0, 233, 3, 101.0, 146.0, -1
0, 234, 8, 101.0, 146.0, -1
0, 235, 7, 101.0, 147.0, -1
0, 236, 8, 101.0, 147.0, -1
0, 237, 8, 102.0, 147.0, -1
0, 238, 7, 103.0, 147.0, -1
0, 239, 8, 103.0, 148.0, -1
0, 240, 6, 131.0, 174.0, -1
0, 241, 3, 133.0, 175.0, -1
0, 242, 0, 135.0, 175.0, -1
0, 243, 0, 137.0, 176.0, -1
0, 244, 5, 137.0, 178.0, -1
0, 245, 2, 137.0, 178.0, -1
0, 246, 3, 137.0, 179.0, -1
0, 247, 3, 137.0, 179.0, -1
0, 248, 6, 137.0, 181.0, -1
0, 249, 5, 137.0, 182.0, -1
0, 250, 1, 137.0, 182.0, -1
0, 251, 0, 138.0, 178.0, -1
0, 252, 1, 138.0, 179.0, -1
0, 253, 6, 138.0, 179.0, -1
0, 254, 4, 138.0, 180.0, -1
0, 255, 0, 138.0, 180.0, -1
0, 256, 6, 138.0, 181.0, -1
0, 257, 6, 138.0, 181.0, -1
0, 258, 1, 138.0, 181.0, -1
0, 259, 0, 138.0, 182.0, -1
0, 260, 1, 138.0, 182.0, -1
0, 261, 5, 138.0, 183.0, -1
6, 262, 3, 139.0, 154.0, -1
0, 263, 0, 139.0, 180.0, -1
0, 264, 0, 139.0, 181.0, -1
0, 265, 7, 139.0, 181.0, -1
0, 266, 2, 139.0, 182.0, -1
0, 267, 2, 139.0, 183.0, -1
0, 268, 5, 139.0, 184.0, -1
6, 269, 2, 140.0, 155.0, -1
6, 270, 2, 140.0, 155.0, -1
6, 271, 5, 140.0, 155.0, -1
0, 272, 6, 140.0, 183.0, -1
0, 273, 1, 140.0, 183.0, -1
6, 274, 2, 141.0, 156.0, -1
6, 275, 3, 141.0, 156.0, -1
6, 276, 3, 141.0, 156.0, -1
6, 277, 5, 141.0, 157.0, -1
0, 278, 8, 141.0, 182.0, -1
0, 279, 7, 141.0, 183.0, -1
0, 280, 0, 141.0, 184.0, -1
0, 281, 4, 141.0, 184.0, -1
0, 282, 7, 141.0, 184.0, -1
0, 283, 1, 141.0, 184.0, -1
0, 284, 0, 141.0, 185.0, -1
6, 285, 1, 142.0, 157.0, -1
6, 286, 7, 142.0, 157.0, -1
6, 287, 3, 142.0, 157.0, -1
6, 288, 2, 142.0, 158.0, -1
6, 289, 2, 142.0, 158.0, -1
6, 290, 5, 142.0, 158.0, -1
0, 291, 6, 142.0, 184.0, -1
0, 292, 4, 142.0, 187.0, -1
6, 293, 4, 143.0, 158.0, -1
6, 294, 4, 143.0, 158.0, -1
0, 295, 4, 143.0, 184.0, -1
0, 296, 8, 143.0, 189.0, -1
6, 297, 1, 144.0, 159.0, -1
6, 298, 3, 144.0, 159.0, -1
6, 299, 5, 144.0, 159.0, -1
6, 300, 5, 144.0, 160.0, -1
6, 301, 2, 144.0, 160.0, -1
0, 302, 8, 144.0, 188.0, -1
0, 303, 8, 144.0, 189.0, -1
0, 304, 8, 144.0, 190.0, -1
6, 305, 7, 145.0, 159.0, -1
6, 306, 7, 145.0, 159.0, -1
6, 307, 7, 145.0, 160.0, -1
6, 308, 4, 145.0, 160.0, -1
6, 309, 7, 146.0, 160.0, -1
6, 310, 3, 146.0, 161.0, -1
6, 311, 4, 146.0, 161.0, -1
6, 312, 4, 146.0, 161.0, -1
6, 313, 1, 146.0, 161.0, -1
0, 314, 8, 146.0, 191.0, -1
0, 315, 8, 147.0, 193.0, -1
0, 316, 8, 147.0, 194.0, -1
6, 317, 7, 148.0, 162.0, -1
6, 318, 7, 148.0, 162.0, -1
0, 319, 8, 149.0, 195.0, -1
6, 320, 3, 155.0, 170.0, -1
6, 321, 2, 156.0, 171.0, -1
6, 322, 2, 156.0, 171.0, -1
6, 323, 5, 156.0, 171.0, -1
6, 324, 5, 157.0, 172.0, -1
6, 325, 2, 157.0, 172.0, -1
6, 326, 3, 157.0, 172.0, -1
6, 327, 1, 157.0, 173.0, -1
6, 328, 3, 157.0, 173.0, -1
0, 329, 3, 157.0, 200.0, -1
0, 330, 7, 157.0, 202.0, -1
0, 331, 4, 158.0, 199.0, -1
0, 332, 4, 158.0, 200.0, -1
0, 333, 5, 158.0, 200.0, -1
0, 334, 2, 158.0, 202.0, -1
0, 335, 2, 158.0, 204.0, -1
0, 336, 5, 159.0, 201.0, -1
0, 337, 1, 159.0, 204.0, -1
0, 338, 3, 159.0, 206.0, -1
0, 339, 7, 160.0, 204.0, -1
0, 340, 7, 160.0, 205.0, -1
6, 341, 4, 161.0, 176.0, -1
6, 342, 1, 162.0, 177.0, -1
6, 343, 7, 162.0, 177.0, -1
6, 344, 4, 162.0, 177.0, -1
6, 345, 2, 162.0, 177.0, -1
6, 346, 5, 162.0, 178.0, -1
6, 347, 4, 162.0, 178.0, -1
6, 348, 7, 163.0, 177.0, -1
6, 349, 7, 163.0, 178.0, -1
1, 350, 7, 165.0, 180.0, -1
1, 351, 3, 165.0, 180.0, -1
1, 352, 3, 170.0, 185.0, -1
1, 353, 2, 172.0, 187.0, -1
1, 354, 2, 172.0, 187.0, -1
1, 355, 5, 172.0, 188.0, -1
1, 356, 1, 173.0, 187.0, -1
1, 357, 2, 173.0, 188.0, -1
1, 358, 3, 173.0, 188.0, -1
1, 359, 5, 173.0, 188.0, -1
1, 360, 3, 173.0, 188.0, -1
1, 361, 6, 175.0, 190.0, -1
1, 362, 0, 176.0, 190.0, -1
1, 363, 3, 176.0, 191.0, -1
1, 364, 0, 177.0, 191.0, -1
1, 365, 7, 177.0, 191.0, -1
1, 366, 1, 177.0, 192.0, -1
1, 367, 4, 177.0, 192.0, -1
1, 368, 7, 178.0, 192.0, -1
1, 369, 5, 178.0, 193.0, -1
1, 370, 4, 178.0, 193.0, -1
1, 371, 2, 178.0, 193.0, -1
1, 372, 0, 179.0, 193.0, -1
1, 373, 7, 179.0, 193.0, -1
1, 374, 5, 179.0, 194.0, -1
1, 375, 4, 179.0, 194.0, -1
1, 376, 2, 179.0, 194.0, -1
1, 377, 6, 180.0, 194.0, -1
1, 378, 1, 180.0, 194.0, -1
1, 379, 3, 180.0, 195.0, -1
1, 380, 4, 180.0, 195.0, -1
1, 381, 3, 180.0, 195.0, -1
1, 382, 6, 181.0, 195.0, -1
1, 383, 0, 181.0, 195.0, -1
1, 384, 0, 181.0, 195.0, -1
1, 385, 7, 181.0, 195.0, -1
1, 386, 0, 181.0, 195.0, -1
1, 387, 3, 181.0, 196.0, -1
1, 388, 1, 182.0, 196.0, -1
1, 389, 6, 182.0, 196.0, -1
1, 390, 6, 182.0, 196.0, -1
1, 391, 7, 182.0, 196.0, -1
1, 392, 5, 182.0, 197.0, -1
1, 393, 0, 183.0, 197.0, -1
1, 394, 8, 183.0, 198.0, -1
1, 395, 1, 183.0, 198.0, -1
1, 396, 1, 183.0, 198.0, -1
1, 397, 5, 183.0, 198.0, -1
1, 398, 2, 183.0, 198.0, -1
1, 399, 7, 184.0, 198.0, -1
5, 400, 0, 185.0, 200.0, -1
5, 401, 0, 185.0, 200.0, -1
5, 402, 7, 185.0, 200.0, -1
5, 403, 6, 185.0, 200.0, -1
5, 404, 1, 185.0, 200.0, -1
5, 405, 4, 185.0, 200.0, -1
5, 406, 2, 185.0, 200.0, -1
5, 407, 1, 185.0, 200.0, -1
5, 408, 3, 185.0, 201.0, -1
5, 409, 6, 185.0, 201.0, -1
5, 410, 5, 185.0, 201.0, -1
5, 411, 4, 186.0, 201.0, -1
5, 412, 3, 186.0, 202.0, -1
5, 413, 2, 188.0, 203.0, -1
5, 414, 1, 188.0, 203.0, -1
5, 415, 2, 188.0, 203.0, -1
5, 416, 5, 188.0, 203.0, -1
5, 417, 4, 188.0, 204.0, -1
5, 418, 2, 188.0, 204.0, -1
5, 419, 8, 189.0, 204.0, -1
5, 420, 8, 189.0, 204.0, -1
5, 421, 5, 189.0, 204.0, -1
5, 422, 3, 189.0, 204.0, -1
5, 423, 3, 189.0, 204.0, -1
5, 424, 6, 190.0, 205.0, -1
5, 425, 8, 190.0, 205.0, -1
5, 426, 8, 190.0, 205.0, -1
5, 427, 0, 191.0, 206.0, -1
5, 428, 8, 191.0, 206.0, -1
5, 429, 3, 191.0, 207.0, -1
5, 430, 7, 192.0, 206.0, -1
5, 431, 0, 192.0, 206.0, -1
5, 432, 7, 193.0, 208.0, -1
5, 433, 4, 193.0, 208.0, -1
5, 434, 8, 193.0, 208.0, -1
5, 435, 1, 193.0, 208.0, -1
5, 436, 0, 194.0, 208.0, -1
5, 437, 8, 194.0, 209.0, -1
5, 438, 7, 194.0, 209.0, -1
5, 439, 2, 194.0, 209.0, -1
5, 440, 5, 194.0, 209.0, -1
5, 441, 4, 194.0, 210.0, -1
5, 442, 6, 195.0, 209.0, -1
5, 443, 6, 195.0, 210.0, -1
5, 444, 5, 195.0, 210.0, -1
5, 445, 4, 195.0, 210.0, -1
5, 446, 1, 195.0, 210.0, -1
5, 447, 2, 195.0, 210.0, -1
5, 448, 4, 195.0, 211.0, -1
5, 449, 3, 195.0, 211.0, -1
2, 450, 0, 197.0, 211.0, -1
2, 451, 6, 197.0, 211.0, -1
2, 452, 6, 197.0, 212.0, -1
2, 453, 7, 197.0, 212.0, -1
2, 454, 1, 197.0, 212.0, -1
2, 455, 3, 197.0, 212.0, -1
2, 456, 7, 198.0, 212.0, -1
2, 457, 0, 198.0, 212.0, -1
2, 458, 0, 198.0, 212.0, -1
2, 459, 8, 198.0, 213.0, -1
2, 460, 8, 198.0, 213.0, -1
2, 461, 3, 198.0, 213.0, -1
2, 462, 0, 198.0, 213.0, -1
2, 463, 5, 198.0, 213.0, -1
2, 464, 7, 199.0, 213.0, -1
2, 465, 1, 199.0, 213.0, -1
2, 466, 1, 199.0, 214.0, -1
2, 467, 5, 199.0, 214.0, -1
2, 468, 2, 199.0, 214.0, -1
2, 469, 0, 200.0, 214.0, -1
2, 470, 0, 200.0, 214.0, -1
2, 471, 4, 200.0, 216.0, -1
2, 472, 6, 201.0, 215.0, -1
2, 473, 6, 201.0, 215.0, -1
2, 474, 1, 201.0, 215.0, -1
2, 475, 7, 201.0, 215.0, -1
2, 476, 1, 201.0, 216.0, -1
2, 477, 4, 201.0, 216.0, -1
2, 478, 5, 201.0, 216.0, -1
2, 479, 4, 201.0, 216.0, -1
2, 480, 3, 201.0, 216.0, -1
2, 481, 3, 201.0, 216.0, -1
2, 482, 5, 201.0, 216.0, -1
2, 483, 2, 201.0, 217.0, -1
2, 484, 5, 202.0, 217.0, -1
2, 485, 4, 202.0, 217.0, -1
2, 486, 7, 203.0, 217.0, -1
2, 487, 3, 203.0, 218.0, -1
2, 488, 2, 203.0, 218.0, -1
2, 489, 8, 204.0, 218.0, -1
2, 490, 1, 204.0, 219.0, -1
2, 491, 4, 204.0, 219.0, -1
2, 492, 5, 204.0, 219.0, -1
2, 493, 2, 204.0, 219.0, -1
2, 494, 2, 204.0, 220.0, -1
2, 495, 2, 204.0, 220.0, -1
2, 496, 7, 205.0, 220.0, -1
2, 497, 8, 205.0, 220.0, -1
2, 498, 5, 205.0, 220.0, -1
2, 499, 2, 205.0, 220.0, -1
3, 500, 6, 207.0, 221.0, -1
3, 501, 0, 207.0, 222.0, -1
3, 502, 1, 207.0, 222.0, -1
3, 503, 8, 207.0, 222.0, -1
3, 504, 3, 207.0, 222.0, -1
3, 505, 8, 207.0, 222.0, -1
3, 506, 3, 207.0, 222.0, -1
3, 507, 7, 207.0, 222.0, -1
3, 508, 0, 207.0, 222.0, -1
3, 509, 7, 207.0, 222.0, -1
3, 510, 8, 207.0, 222.0, -1
3, 511, 3, 207.0, 223.0, -1
3, 512, 3, 207.0, 223.0, -1
3, 513, 8, 207.0, 223.0, -1
3, 514, 7, 208.0, 223.0, -1
3, 515, 8, 208.0, 224.0, -1
3, 516, 4, 208.0, 225.0, -1
0, 517, 7, 209.0, 251.0, 325.0
0, 518, 8, 209.0, 256.0, 345.0
0, 519, 0, 209.0, 258.0, 345.0
0, 520, 1, 209.0, 271.0, 378.0
3, 521, 6, 210.0, 225.0, -1
3, 522, 1, 210.0, 225.0, -1
3, 523, 5, 210.0, 226.0, -1
3, 524, 4, 210.0, 226.0, -1
0, 525, 4, 210.0, 245.0, 298.0
0, 526, 6, 210.0, 243.0, 300.0
0, 527, 5, 210.0, 245.0, 305.0
0, 528, 2, 210.0, 250.0, 316.0
3, 529, 0, 211.0, 226.0, -1
3, 530, 6, 211.0, 226.0, -1
3, 531, 4, 211.0, 227.0, -1
3, 532, 2, 211.0, 227.0, -1
0, 533, 3, 211.0, 245.0, 299.0
3, 534, 6, 212.0, 227.0, -1
3, 535, 0, 212.0, 227.0, -1
3, 536, 7, 212.0, 227.0, -1
3, 537, 1, 212.0, 228.0, -1
3, 538, 7, 212.0, 228.0, -1
0, 539, 3, 212.0, 245.0, 298.0
3, 540, 0, 213.0, 228.0, -1
3, 541, 0, 213.0, 228.0, -1
3, 542, 8, 213.0, 228.0, -1
3, 543, 3, 213.0, 229.0, -1
3, 544, 5, 213.0, 229.0, -1
3, 545, 8, 213.0, 229.0, -1
3, 546, 0, 214.0, 229.0, -1
3, 547, 1, 214.0, 229.0, -1
3, 548, 5, 214.0, 229.0, -1
3, 549, 1, 214.0, 230.0, -1
3, 550, 0, 214.0, 230.0, -1
3, 551, 7, 214.0, 230.0, -1
3, 552, 2, 214.0, 230.0, -1
3, 553, 6, 215.0, 230.0, -1
3, 554, 6, 215.0, 230.0, -1
3, 555, 1, 215.0, 231.0, -1
3, 556, 1, 216.0, 232.0, -1
3, 557, 7, 216.0, 232.0, -1
3, 558, 5, 216.0, 232.0, -1
3, 559, 4, 216.0, 232.0, -1
0, 560, 4, 216.0, 246.0, 297.0
7, 561, 5, 218.0, 233.0, -1
7, 562, 2, 218.0, 234.0, -1
7, 563, 4, 218.0, 234.0, -1
7, 564, 3, 218.0, 234.0, -1
7, 565, 4, 218.0, 234.0, -1
7, 566, 3, 218.0, 235.0, -1
7, 567, 3, 218.0, 235.0, -1
7, 568, 8, 219.0, 235.0, -1
7, 569, 7, 219.0, 235.0, -1
7, 570, 5, 219.0, 235.0, -1
7, 571, 1, 219.0, 235.0, -1
7, 572, 5, 219.0, 236.0, -1
7, 573, 4, 219.0, 236.0, -1
7, 574, 2, 219.0, 236.0, -1
7, 575, 4, 219.0, 237.0, -1
7, 576, 2, 220.0, 236.0, -1
7, 577, 8, 220.0, 236.0, -1
7, 578, 2, 220.0, 236.0, -1
7, 579, 2, 220.0, 236.0, -1
7, 580, 5, 220.0, 236.0, -1
7, 581, 2, 220.0, 237.0, -1
7, 582, 7, 221.0, 236.0, -1
7, 583, 0, 222.0, 237.0, -1
7, 584, 0, 222.0, 237.0, -1
7, 585, 7, 222.0, 238.0, -1
7, 586, 8, 222.0, 238.0, -1
7, 587, 7, 222.0, 238.0, -1
7, 588, 8, 222.0, 238.0, -1
7, 589, 1, 222.0, 238.0, -1
7, 590, 8, 222.0, 238.0, -1
7, 591, 3, 222.0, 239.0, -1
7, 592, 3, 222.0, 239.0, -1
0, 593, 6, 222.0, 252.0, 301.0
7, 594, 7, 223.0, 239.0, -1
7, 595, 3, 223.0, 239.0, -1
7, 596, 8, 223.0, 239.0, -1
7, 597, 3, 223.0, 240.0, -1
7, 598, 8, 224.0, 240.0, -1
7, 599, 1, 225.0, 241.0, -1
7, 600, 6, 225.0, 241.0, -1
7, 601, 4, 225.0, 241.0, -1
7, 602, 0, 226.0, 241.0, -1
7, 603, 6, 226.0, 241.0, -1
7, 604, 1, 226.0, 241.0, -1
7, 605, 4, 226.0, 243.0, -1
0, 606, 5, 226.0, 257.0, 312.0
7, 607, 0, 227.0, 242.0, -1
7, 608, 6, 227.0, 243.0, -1
7, 609, 4, 227.0, 243.0, -1
7, 610, 7, 228.0, 243.0, -1
7, 611, 0, 228.0, 243.0, -1
7, 612, 1, 228.0, 244.0, -1
0, 613, 7, 228.0, 258.0, 302.0
0, 614, 2, 228.0, 260.0, 312.0
8, 615, 8, 229.0, 245.0, -1
0, 616, 8, 229.0, 259.0, 305.0
8, 617, 0, 230.0, 245.0, -1
8, 618, 0, 230.0, 245.0, -1
8, 619, 7, 230.0, 245.0, -1
8, 620, 1, 230.0, 245.0, -1
8, 621, 1, 230.0, 245.0, -1
8, 622, 5, 230.0, 247.0, -1
0, 623, 0, 230.0, 259.0, 301.0
8, 624, 6, 231.0, 246.0, -1
8, 625, 1, 231.0, 246.0, -1
8, 626, 6, 231.0, 246.0, -1
8, 627, 5, 231.0, 247.0, -1
8, 628, 3, 231.0, 247.0, -1
8, 629, 2, 231.0, 247.0, -1
8, 630, 7, 232.0, 247.0, -1
8, 631, 5, 232.0, 247.0, -1
8, 632, 1, 232.0, 248.0, -1
0, 633, 4, 232.0, 260.0, 303.0
8, 634, 2, 234.0, 250.0, -1
8, 635, 5, 234.0, 250.0, -1
8, 636, 7, 235.0, 250.0, -1
8, 637, 8, 235.0, 251.0, -1
8, 638, 5, 235.0, 251.0, -1
8, 639, 3, 235.0, 251.0, -1
8, 640, 4, 235.0, 251.0, -1
8, 641, 4, 235.0, 252.0, -1
0, 642, 1, 235.0, 261.0, 303.0
0, 643, 3, 235.0, 264.0, 308.0
8, 644, 2, 236.0, 251.0, -1
8, 645, 8, 236.0, 251.0, -1
8, 646, 5, 236.0, 252.0, -1
8, 647, 2, 236.0, 252.0, -1
8, 648, 2, 236.0, 252.0, -1
8, 649, 2, 236.0, 252.0, -1
8, 650, 3, 236.0, 252.0, -1
8, 651, 4, 236.0, 253.0, -1
8, 652, 0, 237.0, 252.0, -1
8, 653, 7, 237.0, 252.0, -1
8, 654, 5, 237.0, 253.0, -1
8, 655, 2, 237.0, 253.0, -1
8, 656, 4, 237.0, 254.0, -1
8, 657, 7, 238.0, 253.0, -1
8, 658, 0, 238.0, 253.0, -1
8, 659, 8, 238.0, 253.0, -1
8, 660, 8, 238.0, 254.0, -1
8, 661, 7, 238.0, 254.0, -1
8, 662, 7, 239.0, 254.0, -1
8, 663, 1, 239.0, 255.0, -1
8, 664, 8, 239.0, 255.0, -1
8, 665, 3, 239.0, 255.0, -1
8, 666, 3, 239.0, 255.0, -1
0, 667, 6, 239.0, 263.0, 305.0
8, 668, 3, 240.0, 255.0, -1
8, 669, 8, 240.0, 255.0, -1
8, 670, 3, 240.0, 255.0, -1
9, 671, 6, 242.0, 257.0, -1
9, 672, 0, 242.0, 257.0, -1
9, 673, 6, 242.0, 257.0, -1
9, 674, 8, 242.0, 257.0, -1
9, 675, 0, 242.0, 257.0, -1
9, 676, 4, 242.0, 258.0, -1
9, 677, 1, 242.0, 258.0, -1
9, 678, 1, 242.0, 260.0, -1
9, 679, 7, 243.0, 258.0, -1
9, 680, 4, 243.0, 258.0, -1
0, 681, 6, 243.0, 267.0, 307.0
9, 682, 0, 244.0, 258.0, -1
9, 683, 1, 244.0, 260.0, -1
9, 684, 4, 244.0, 260.0, -1
9, 685, 7, 245.0, 260.0, -1
9, 686, 0, 245.0, 261.0, -1
9, 687, 0, 245.0, 261.0, -1
9, 688, 1, 245.0, 261.0, -1
9, 689, 8, 245.0, 261.0, -1
9, 690, 1, 245.0, 261.0, -1
9, 691, 1, 246.0, 262.0, -1
9, 692, 6, 246.0, 262.0, -1
9, 693, 6, 247.0, 262.0, -1
9, 694, 5, 247.0, 263.0, -1
9, 695, 7, 247.0, 263.0, -1
9, 696, 2, 247.0, 263.0, -1
9, 697, 5, 247.0, 263.0, -1
9, 698, 5, 247.0, 263.0, -1
0, 699, 3, 247.0, 273.0, 313.0
9, 700, 1, 248.0, 263.0, -1
9, 701, 6, 251.0, 265.0, -1
9, 702, 7, 251.0, 265.0, -1
9, 703, 2, 251.0, 266.0, -1
9, 704, 8, 251.0, 266.0, -1
9, 705, 5, 251.0, 266.0, -1
9, 706, 2, 252.0, 267.0, -1
9, 707, 5, 252.0, 267.0, -1
9, 708, 5, 252.0, 267.0, -1
9, 709, 2, 252.0, 267.0, -1
9, 710, 8, 252.0, 267.0, -1
9, 711, 3, 252.0, 268.0, -1
9, 712, 4, 252.0, 268.0, -1
0, 713, 4, 252.0, 277.0, 320.0
9, 714, 0, 253.0, 267.0, -1
9, 715, 3, 253.0, 268.0, -1
9, 716, 5, 253.0, 268.0, -1
9, 717, 2, 253.0, 268.0, -1
9, 718, 2, 253.0, 269.0, -1
0, 719, 7, 253.0, 279.0, 323.0
0, 720, 2, 253.0, 279.0, 323.0
9, 721, 0, 254.0, 268.0, -1
9, 722, 8, 254.0, 269.0, -1
9, 723, 8, 254.0, 269.0, -1
9, 724, 4, 254.0, 270.0, -1
9, 725, 7, 254.0, 271.0, -1
4, 726, 7, 256.0, 271.0, -1
4, 727, 8, 256.0, 271.0, -1
4, 728, 8, 256.0, 271.0, -1
4, 729, 3, 256.0, 272.0, -1
4, 730, 1, 256.0, 272.0, -1
4, 731, 3, 256.0, 272.0, -1
4, 732, 3, 256.0, 272.0, -1
4, 733, 3, 256.0, 272.0, -1
4, 734, 7, 256.0, 272.0, -1
4, 735, 0, 257.0, 272.0, -1
4, 736, 4, 257.0, 272.0, -1
4, 737, 6, 257.0, 272.0, -1
4, 738, 6, 257.0, 273.0, -1
4, 739, 0, 257.0, 273.0, -1
4, 740, 8, 257.0, 274.0, -1
4, 741, 7, 258.0, 273.0, -1
4, 742, 0, 258.0, 273.0, -1
4, 743, 4, 258.0, 273.0, -1
4, 744, 1, 258.0, 274.0, -1
4, 745, 4, 259.0, 275.0, -1
4, 746, 7, 260.0, 275.0, -1
4, 747, 1, 260.0, 276.0, -1
4, 748, 4, 260.0, 276.0, -1
4, 749, 1, 260.0, 276.0, -1
4, 750, 0, 261.0, 276.0, -1
4, 751, 1, 261.0, 278.0, -1
4, 752, 1, 261.0, 278.0, -1
0, 753, 0, 261.0, 286.0, 324.0
4, 754, 6, 262.0, 277.0, -1
4, 755, 6, 262.0, 278.0, -1
4, 756, 1, 262.0, 278.0, -1
0, 757, 5, 262.0, 286.0, 327.0
0, 758, 8, 262.0, 287.0, 328.0
4, 759, 7, 263.0, 278.0, -1
4, 760, 2, 263.0, 278.0, -1
4, 761, 5, 263.0, 279.0, -1
0, 762, 5, 263.0, 287.0, 327.0
4, 763, 1, 264.0, 281.0, -1
4, 764, 5, 264.0, 281.0, -1
4, 765, 6, 265.0, 280.0, -1
4, 766, 7, 265.0, 281.0, -1
0, 767, 8, 266.0, 290.0, 326.0
4, 768, 2, 267.0, 282.0, -1
4, 769, 2, 268.0, 283.0, -1
4, 770, 2, 268.0, 283.0, -1
4, 771, 0, 268.0, 283.0, -1
4, 772, 5, 268.0, 283.0, -1
4, 773, 8, 268.0, 284.0, -1
4, 774, 5, 268.0, 284.0, -1
4, 775, 5, 268.0, 284.0, -1
4, 776, 0, 269.0, 283.0, -1
4, 777, 4, 269.0, 284.0, -1
4, 778, 5, 269.0, 285.0, -1
4, 779, 3, 269.0, 285.0, -1
4, 780, 3, 269.0, 285.0, -1
0, 781, 1, 272.0, 295.0, 332.0
0, 782, 6, 273.0, 296.0, 330.0
0, 783, 6, 273.0, 295.0, 331.0
0, 784, 3, 273.0, 296.0, 332.0
0, 785, 3, 273.0, 298.0, 333.0
0, 786, 0, 274.0, 297.0, 329.0
0, 787, 7, 274.0, 297.0, 330.0
0, 788, 4, 274.0, 296.0, 331.0
0, 789, 2, 274.0, 297.0, 332.0
0, 790, 1, 274.0, 298.0, 333.0
0, 791, 0, 277.0, 296.0, 325.0
0, 792, 7, 277.0, 295.0, 325.0
0, 793, 2, 277.0, 296.0, 330.0
0, 794, 6, 277.0, 299.0, 330.0
0, 795, 1, 277.0, 300.0, 332.0
0, 796, 3, 277.0, 298.0, 332.0
0, 797, 4, 277.0, 299.0, 333.0
0, 798, 4, 277.0, 299.0, 334.0
0, 799, 7, 279.0, 298.0, 327.0
0, 800, 5, 279.0, 298.0, 328.0
0, 801, 8, 279.0, 298.0, 330.0
0, 802, 2, 279.0, 299.0, 331.0
0, 803, 0, 286.0, 303.0, 329.0
0, 804, 5, 287.0, 303.0, 331.0
0, 805, 5, 287.0, 304.0, 332.0
0, 806, 8, 288.0, 305.0, 332.0
0, 807, 8, 290.0, 308.0, 333.0
0, 808, 6, 295.0, 312.0, 336.0
0, 809, 6, 296.0, 310.0, 333.0
0, 810, 0, 296.0, 312.0, 334.0
0, 811, 4, 296.0, 312.0, 335.0
0, 812, 7, 296.0, 312.0, 335.0
0, 813, 1, 296.0, 313.0, 336.0
0, 814, 2, 296.0, 312.0, 337.0
0, 815, 3, 296.0, 312.0, 337.0
0, 816, 0, 297.0, 311.0, 332.0
0, 817, 7, 297.0, 311.0, 334.0
0, 818, 1, 298.0, 312.0, 332.0
0, 819, 5, 298.0, 312.0, 333.0
0, 820, 3, 298.0, 312.0, 335.0
0, 821, 2, 298.0, 313.0, 338.0
0, 822, 7, 299.0, 312.0, 332.0
0, 823, 3, 299.0, 313.0, 332.0
0, 824, 4, 299.0, 313.0, 332.0
0, 825, 8, 299.0, 313.0, 333.0
0, 826, 2, 299.0, 311.0, 333.0
0, 827, 1, 300.0, 313.0, 331.0
0, 828, 4, 300.0, 313.0, 333.0
0, 829, 6, 301.0, 313.0, 332.0
0, 830, 0, 303.0, 315.0, 333.0
0, 831, 5, 304.0, 317.0, 336.0
0, 832, 8, 305.0, 318.0, 335.0
0, 833, 5, 305.0, 317.0, 336.0
0, 834, 8, 308.0, 320.0, 337.0
0, 835, 0, 311.0, 323.0, 339.0
0, 836, 7, 311.0, 324.0, 340.0
0, 837, 6, 311.0, 323.0, 340.0
0, 838, 0, 312.0, 323.0, 337.0
0, 839, 7, 312.0, 324.0, 338.0
0, 840, 3, 312.0, 322.0, 338.0
0, 841, 1, 312.0, 324.0, 338.0
0, 842, 6, 312.0, 323.0, 338.0
0, 843, 4, 312.0, 321.0, 339.0
0, 844, 2, 312.0, 324.0, 339.0
0, 845, 4, 313.0, 323.0, 337.0
0, 846, 1, 313.0, 323.0, 337.0
0, 847, 3, 313.0, 323.0, 338.0
0, 848, 5, 313.0, 323.0, 338.0
0, 849, 2, 313.0, 323.0, 338.0
0, 850, 1, 313.0, 323.0, 338.0
0, 851, 4, 313.0, 323.0, 338.0
0, 852, 3, 313.0, 322.0, 338.0
0, 853, 2, 316.0, 325.0, 339.0
0, 854, 8, 318.0, 328.0, 341.0
0, 855, 5, 318.0, 328.0, 342.0
0, 856, 6, 323.0, 332.0, 344.0
0, 857, 4, 323.0, 333.0, 345.0
0, 858, 3, 323.0, 333.0, 346.0
0, 859, 0, 324.0, 334.0, 344.0
0, 860, 7, 324.0, 333.0, 345.0
0, 861, 2, 325.0, 336.0, 347.0
0, 862, 8, 328.0, 337.0, 347.0
0, 863, 5, 328.0, 337.0, 348.0
0, 864, 7, 332.0, 340.0, 350.0
0, 865, 7, 332.0, 340.0, 351.0
0, 866, 8, 332.0, 339.0, 351.0
0, 867, 3, 332.0, 339.0, 351.0
0, 868, 2, 332.0, 340.0, 351.0
0, 869, 0, 332.0, 341.0, 351.0
0, 870, 3, 332.0, 340.0, 351.0
0, 871, 0, 332.0, 341.0, 351.0
0, 872, 4, 332.0, 341.0, 351.0
0, 873, 4, 332.0, 340.0, 351.0
0, 874, 8, 332.0, 340.0, 352.0
0, 875, 5, 332.0, 340.0, 352.0
0, 876, 6, 332.0, 339.0, 352.0
0, 877, 6, 332.0, 340.0, 352.0
0, 878, 1, 332.0, 340.0, 352.0
0, 879, 6, 332.0, 340.0, 352.0
0, 880, 1, 332.0, 340.0, 353.0
0, 881, 2, 332.0, 340.0, 353.0
0, 882, 5, 332.0, 340.0, 353.0
0, 883, 1, 332.0, 340.0, 353.0
0, 884, 7, 333.0, 340.0, 349.0
0, 885, 3, 333.0, 341.0, 351.0
0, 886, 4, 333.0, 341.0, 351.0
0, 887, 0, 334.0, 341.0, 349.0
0, 888, 2, 336.0, 343.0, 352.0
0, 889, 8, 337.0, 344.0, 352.0
0, 890, 5, 337.0, 344.0, 353.0
0, 891, 8, 339.0, 346.0, 354.0
0, 892, 1, 341.0, 348.0, 353.0
0, 893, 7, 341.0, 348.0, 354.0
0, 894, 5, 341.0, 348.0, 354.0
0, 895, 2, 341.0, 348.0, 354.0
0, 896, 6, 341.0, 348.0, 355.0
0, 897, 7, 341.0, 348.0, 355.0
0, 898, 6, 341.0, 348.0, 355.0
0, 899, 7, 341.0, 348.0, 355.0
0, 900, 2, 341.0, 348.0, 355.0
0, 901, 4, 341.0, 348.0, 355.0
0, 902, 8, 341.0, 348.0, 355.0
0, 903, 6, 341.0, 348.0, 356.0
0, 904, 3, 341.0, 348.0, 356.0
0, 905, 0, 342.0, 346.0, 353.0
0, 906, 0, 342.0, 346.0, 353.0
0, 907, 0, 342.0, 346.0, 354.0
0, 908, 5, 342.0, 346.0, 354.0
0, 909, 3, 342.0, 346.0, 354.0
0, 910, 4, 342.0, 346.0, 354.0
0, 911, 3, 342.0, 346.0, 354.0
0, 912, 4, 342.0, 349.0, 355.0
0, 913, 1, 342.0, 350.0, 355.0
0, 914, 1, 342.0, 350.0, 356.0
0, 915, 2, 343.0, 346.0, 354.0
0, 916, 5, 345.0, 348.0, 355.0
0, 917, 3, 346.0, 349.0, 355.0
0, 918, 8, 346.0, 349.0, 355.0
0, 919, 0, 346.0, 349.0, 355.0
0, 920, 3, 346.0, 349.0, 356.0
0, 921, 8, 346.0, 349.0, 356.0
0, 922, 5, 346.0, 350.0, 356.0
0, 923, 0, 346.0, 349.0, 356.0
0, 924, 4, 346.0, 349.0, 356.0
0, 925, 0, 346.0, 349.0, 357.0
0, 926, 5, 348.0, 351.0, 355.0
0, 927, 6, 348.0, 351.0, 355.0
0, 928, 6, 348.0, 351.0, 355.0
0, 929, 3, 348.0, 351.0, 355.0
0, 930, 7, 348.0, 351.0, 356.0
0, 931, 2, 348.0, 351.0, 356.0
0, 932, 5, 348.0, 351.0, 356.0
0, 933, 2, 348.0, 351.0, 357.0
0, 934, 2, 348.0, 351.0, 357.0
0, 935, 6, 349.0, 352.0, 355.0
0, 936, 4, 349.0, 352.0, 355.0
0, 937, 8, 349.0, 353.0, 355.0
0, 938, 8, 349.0, 352.0, 355.0
0, 939, 7, 349.0, 352.0, 355.0
0, 940, 7, 349.0, 352.0, 355.0
0, 941, 4, 350.0, 353.0, 355.0
0, 942, 3, 350.0, 353.0, 355.0
0, 943, 4, 350.0, 353.0, 355.0
0, 944, 0, 351.0, 353.0, 355.0
0, 945, 3, 351.0, 354.0, 355.0
0, 946, 0, 351.0, 353.0, 355.0
0, 947, 1, 351.0, 354.0, 355.0
0, 948, 1, 351.0, 354.0, 355.0
0, 949, 1, 351.0, 354.0, 355.0
