0, 0, 3, 7.0, 49.0, -1
0, 1, 4, 7.0, 49.0, -1
0, 2, 5, 7.0, 49.0, -1
0, 3, 2, 7.0, 50.0, -1
0, 4, 0, 7.0, 50.0, -1
0, 5, 0, 7.0, 50.0, -1
0, 6, 0, 7.0, 50.0, -1
0, 7, 2, 7.0, 50.0, -1
0, 8, 1, 7.0, 50.0, -1
0, 9, 3, 7.0, 50.0, -1
0, 10, 0, 7.0, 50.0, -1
0, 11, 5, 7.0, 50.0, -1
0, 12, 0, 7.0, 50.0, -1
0, 13, 8, 7.0, 50.0, -1
0, 14, 7, 7.0, 50.0, -1
0, 15, 7, 7.0, 50.0, -1
0, 16, 3, 7.0, 51.0, -1
0, 17, 7, 7.0, 51.0, -1
0, 18, 4, 7.0, 51.0, -1
0, 19, 6, 7.0, 51.0, -1
0, 20, 1, 7.0, 51.0, -1
0, 21, 6, 7.0, 51.0, -1
0, 22, 2, 7.0, 51.0, -1
0, 23, 6, 7.0, 51.0, -1
0, 24, 8, 7.0, 51.0, -1
0, 25, 8, 7.0, 51.0, -1
0, 26, 8, 7.0, 51.0, -1
0, 27, 2, 7.0, 51.0, -1
0, 28, 3, 7.0, 51.0, -1
0, 29, 0, 7.0, 51.0, -1
0, 30, 7, 7.0, 51.0, -1
0, 31, 5, 7.0, 51.0, -1
0, 32, 1, 7.0, 51.0, -1
0, 33, 2, 7.0, 51.0, -1
0, 34, 6, 7.0, 51.0, -1
0, 35, 7, 7.0, 51.0, -1
0, 36, 8, 7.0, 51.0, -1
0, 37, 2, 7.0, 52.0, -1
0, 38, 3, 7.0, 52.0, -1
0, 39, 3, 7.0, 52.0, -1
0, 40, 4, 7.0, 52.0, -1
0, 41, 0, 7.0, 52.0, -1
0, 42, 5, 7.0, 52.0, -1
0, 43, 4, 7.0, 52.0, -1
0, 44, 2, 7.0, 52.0, -1
0, 45, 8, 7.0, 52.0, -1
0, 46, 8, 7.0, 52.0, -1
0, 47, 8, 7.0, 52.0, -1
0, 48, 7, 7.0, 52.0, -1
0, 49, 4, 7.0, 52.0, -1
0, 50, 3, 7.0, 52.0, -1
0, 51, 4, 7.0, 52.0, -1
0, 52, 5, 7.0, 52.0, -1
0, 53, 1, 7.0, 53.0, -1
0, 54, 4, 7.0, 53.0, -1
0, 55, 6, 7.0, 53.0, -1
0, 56, 4, 7.0, 53.0, -1
0, 57, 7, 7.0, 53.0, -1
0, 58, 8, 7.0, 53.0, -1
0, 59, 7, 7.0, 53.0, -1
0, 60, 0, 7.0, 53.0, -1
0, 61, 6, 7.0, 53.0, -1
0, 62, 4, 7.0, 53.0, -1
0, 63, 5, 7.0, 53.0, -1
0, 64, 1, 7.0, 53.0, -1
0, 65, 6, 7.0, 53.0, -1
0, 66, 2, 7.0, 53.0, -1
0, 67, 3, 7.0, 53.0, -1
0, 68, 0, 7.0, 53.0, -1
0, 69, 0, 7.0, 53.0, -1
0, 70, 6, 7.0, 54.0, -1
0, 71, 6, 7.0, 54.0, -1
0, 72, 1, 7.0, 54.0, -1
0, 73, 3, 7.0, 54.0, -1
0, 74, 1, 7.0, 55.0, -1
0, 75, 8, 7.0, 55.0, -1
0, 76, 1, 7.0, 55.0, -1
0, 77, 4, 7.0, 55.0, -1
0, 78, 7, 7.0, 55.0, -1
0, 79, 5, 7.0, 55.0, -1
0, 80, 5, 7.0, 56.0, -1
0, 81, 7, 7.0, 56.0, -1
0, 82, 6, 7.0, 56.0, -1
0, 83, 1, 7.0, 56.0, -1
0, 84, 5, 7.0, 61.0, -1
0, 85, 3, 50.0, 91.0, -1
0, 86, 2, 50.0, 92.0, -1
0, 87, 5, 50.0, 93.0, -1
0, 88, 4, 50.0, 96.0, -1
0, 89, 5, 51.0, 93.0, -1
0, 90, 3, 51.0, 94.0, -1
0, 91, 8, 51.0, 94.0, -1
0, 92, 4, 51.0, 94.0, -1
0, 93, 0, 51.0, 94.0, -1
0, 94, 0, 51.0, 94.0, -1
0, 95, 0, 51.0, 95.0, -1
0, 96, 6, 51.0, 95.0, -1
0, 97, 7, 51.0, 96.0, -1
0, 98, 3, 51.0, 96.0, -1
0, 99, 7, 51.0, 96.0, -1
0, 100, 7, 51.0, 96.0, -1
0, 101, 2, 51.0, 96.0, -1
0, 102, 1, 51.0, 97.0, -1
0, 103, 0, 51.0, 97.0, -1
0, 104, 0, 51.0, 97.0, -1
0, 105, 5, 52.0, 93.0, -1
0, 106, 8, 52.0, 93.0, -1
0, 107, 3, 52.0, 93.0, -1
0, 108, 2, 52.0, 94.0, -1
0, 109, 2, 52.0, 94.0, -1
0, 110, 0, 52.0, 94.0, -1
0, 111, 1, 52.0, 95.0, -1
0, 112, 8, 52.0, 95.0, -1
0, 113, 8, 52.0, 96.0, -1
0, 114, 1, 52.0, 96.0, -1
0, 115, 3, 52.0, 96.0, -1
0, 116, 2, 52.0, 96.0, -1
0, 117, 6, 52.0, 96.0, -1
0, 118, 8, 52.0, 96.0, -1
0, 119, 2, 52.0, 97.0, -1
0, 120, 6, 52.0, 98.0, -1
0, 121, 7, 52.0, 98.0, -1
0, 122, 7, 52.0, 99.0, -1
0, 123, 6, 52.0, 99.0, -1
0, 124, 0, 53.0, 95.0, -1
0, 125, 8, 53.0, 95.0, -1
0, 126, 1, 53.0, 95.0, -1
0, 127, 5, 53.0, 96.0, -1
0, 128, 7, 53.0, 96.0, -1
0, 129, 2, 53.0, 96.0, -1
0, 130, 3, 53.0, 96.0, -1
0, 131, 8, 53.0, 97.0, -1
0, 132, 3, 53.0, 97.0, -1
0, 133, 4, 53.0, 98.0, -1
0, 134, 4, 53.0, 98.0, -1
0, 135, 5, 53.0, 98.0, -1
0, 136, 4, 53.0, 98.0, -1
0, 137, 4, 53.0, 98.0, -1
0, 138, 4, 53.0, 99.0, -1
0, 139, 8, 53.0, 99.0, -1
0, 140, 0, 54.0, 95.0, -1
0, 141, 1, 54.0, 96.0, -1
0, 142, 7, 54.0, 97.0, -1
0, 143, 5, 54.0, 97.0, -1
0, 144, 4, 54.0, 97.0, -1
0, 145, 2, 54.0, 98.0, -1
0, 146, 8, 54.0, 98.0, -1
0, 147, 0, 54.0, 98.0, -1
0, 148, 6, 54.0, 98.0, -1
0, 149, 6, 54.0, 98.0, -1
0, 150, 3, 54.0, 99.0, -1
0, 151, 6, 54.0, 99.0, -1
0, 152, 6, 54.0, 99.0, -1
0, 153, 1, 54.0, 100.0, -1
0, 154, 0, 54.0, 100.0, -1
0, 155, 4, 54.0, 100.0, -1
0, 156, 6, 54.0, 101.0, -1
0, 157, 7, 54.0, 102.0, -1
0, 158, 1, 55.0, 99.0, -1
0, 159, 3, 55.0, 101.0, -1
0, 160, 8, 56.0, 100.0, -1
0, 161, 1, 56.0, 100.0, -1
0, 162, 4, 56.0, 100.0, -1
0, 163, 7, 56.0, 103.0, -1
0, 164, 5, 56.0, 105.0, -1
0, 165, 1, 57.0, 100.0, -1
0, 166, 7, 57.0, 103.0, -1
0, 167, 6, 57.0, 103.0, -1
0, 168, 5, 57.0, 111.0, -1
0, 169, 5, 61.0, 110.0, -1
0, 170, 3, 91.0, 135.0, -1
0, 171, 5, 93.0, 136.0, -1
0, 172, 2, 93.0, 138.0, -1
0, 173, 5, 94.0, 137.0, -1
0, 174, 3, 94.0, 137.0, -1
0, 175, 8, 94.0, 137.0, -1
0, 176, 2, 94.0, 138.0, -1
0, 177, 5, 94.0, 139.0, -1
0, 178, 0, 95.0, 137.0, -1
0, 179, 0, 95.0, 137.0, -1
0, 180, 0, 95.0, 138.0, -1
0, 181, 8, 95.0, 139.0, -1
0, 182, 6, 95.0, 139.0, -1
0, 183, 4, 95.0, 139.0, -1
0, 184, 0, 95.0, 139.0, -1
0, 185, 2, 95.0, 140.0, -1
0, 186, 3, 95.0, 141.0, -1
0, 187, 1, 96.0, 138.0, -1
0, 188, 8, 96.0, 139.0, -1
0, 189, 7, 96.0, 139.0, -1
0, 190, 7, 96.0, 139.0, -1
0, 191, 0, 96.0, 140.0, -1
0, 192, 3, 96.0, 140.0, -1
0, 193, 0, 96.0, 140.0, -1
0, 194, 8, 96.0, 140.0, -1
0, 195, 1, 96.0, 142.0, -1
0, 196, 1, 96.0, 142.0, -1
0, 197, 8, 96.0, 142.0, -1
0, 198, 7, 96.0, 143.0, -1
0, 199, 3, 97.0, 137.0, -1
0, 200, 2, 97.0, 139.0, -1
0, 201, 4, 97.0, 140.0, -1
0, 202, 1, 97.0, 141.0, -1
0, 203, 2, 97.0, 141.0, -1
0, 204, 7, 97.0, 141.0, -1
0, 205, 3, 97.0, 141.0, -1
0, 206, 5, 97.0, 141.0, -1
0, 207, 0, 97.0, 141.0, -1
0, 208, 1, 97.0, 141.0, -1
0, 209, 2, 97.0, 143.0, -1
0, 210, 0, 97.0, 143.0, -1
0, 211, 6, 97.0, 143.0, -1
0, 212, 8, 97.0, 145.0, -1
0, 213, 2, 98.0, 139.0, -1
0, 214, 2, 98.0, 141.0, -1
0, 215, 8, 98.0, 142.0, -1
0, 216, 7, 98.0, 142.0, -1
0, 217, 5, 98.0, 142.0, -1
0, 218, 7, 98.0, 143.0, -1
0, 219, 0, 98.0, 143.0, -1
0, 220, 8, 98.0, 143.0, -1
0, 221, 3, 98.0, 143.0, -1
0, 222, 4, 98.0, 143.0, -1
0, 223, 5, 98.0, 144.0, -1
0, 224, 4, 98.0, 144.0, -1
0, 225, 4, 98.0, 144.0, -1
0, 226, 6, 98.0, 146.0, -1
0, 227, 6, 99.0, 140.0, -1
0, 228, 3, 99.0, 142.0, -1
0, 229, 4, 99.0, 142.0, -1
0, 230, 7, 99.0, 143.0, -1
0, 231, 4, 99.0, 143.0, -1
0, 232, 6, 99.0, 144.0, -1
0, 233, 4, 99.0, 145.0, -1
0, 234, 6, 99.0, 145.0, -1
0, 235, 0, 100.0, 144.0, -1
0, 236, 1, 100.0, 144.0, -1
0, 237, 1, 100.0, 144.0, -1
0, 238, 6, 100.0, 146.0, -1
0, 239, 6, 100.0, 147.0, -1
0, 240, 8, 100.0, 148.0, -1
0, 241, 1, 101.0, 145.0, -1
0, 242, 1, 101.0, 145.0, -1
0, 243, 8, 101.0, 145.0, -1
0, 244, 4, 101.0, 145.0, -1
0, 245, 3, 101.0, 146.0, -1
0, 246, 4, 101.0, 146.0, -1
0, 247, 6, 102.0, 146.0, -1
0, 248, 7, 102.0, 147.0, -1
0, 249, 7, 103.0, 148.0, -1
0, 250, 7, 103.0, 150.0, -1
0, 251, 6, 104.0, 153.0, -1
0, 252, 5, 106.0, 153.0, -1
0, 253, 5, 111.0, 162.0, -1
0, 254, 5, 112.0, 162.0, -1
0, 255, 3, 136.0, 179.0, -1
0, 256, 5, 136.0, 179.0, -1
0, 257, 0, 137.0, 180.0, -1
0, 258, 0, 137.0, 182.0, -1
0, 259, 0, 138.0, 179.0, -1
0, 260, 3, 138.0, 181.0, -1
0, 261, 3, 138.0, 181.0, -1
0, 262, 5, 138.0, 181.0, -1
0, 263, 1, 138.0, 183.0, -1
0, 264, 8, 138.0, 185.0, -1
0, 265, 2, 139.0, 180.0, -1
0, 266, 5, 139.0, 182.0, -1
0, 267, 2, 139.0, 182.0, -1
0, 268, 2, 139.0, 182.0, -1
0, 269, 6, 139.0, 183.0, -1
0, 270, 8, 139.0, 185.0, -1
0, 271, 0, 140.0, 182.0, -1
0, 272, 0, 140.0, 183.0, -1
0, 273, 2, 140.0, 184.0, -1
0, 274, 4, 140.0, 184.0, -1
0, 275, 8, 140.0, 184.0, -1
0, 276, 3, 140.0, 185.0, -1
0, 277, 0, 140.0, 185.0, -1
0, 278, 7, 140.0, 186.0, -1
0, 279, 7, 140.0, 188.0, -1
0, 280, 1, 141.0, 183.0, -1
0, 281, 2, 141.0, 184.0, -1
0, 282, 8, 141.0, 185.0, -1
0, 283, 2, 141.0, 185.0, -1
0, 284, 3, 141.0, 186.0, -1
0, 285, 6, 141.0, 187.0, -1
0, 286, 4, 141.0, 187.0, -1
0, 287, 7, 142.0, 186.0, -1
0, 288, 1, 142.0, 186.0, -1
0, 289, 0, 142.0, 186.0, -1
0, 290, 1, 142.0, 186.0, -1
0, 291, 3, 142.0, 187.0, -1
0, 292, 2, 142.0, 187.0, -1
0, 293, 1, 142.0, 187.0, -1
0, 294, 5, 142.0, 187.0, -1
0, 295, 7, 142.0, 187.0, -1
0, 296, 8, 142.0, 188.0, -1
0, 297, 7, 143.0, 188.0, -1
0, 298, 8, 143.0, 188.0, -1
0, 299, 3, 143.0, 189.0, -1
1, 300, 7, 144.0, 188.0, -1
1, 301, 5, 144.0, 188.0, -1
1, 302, 4, 144.0, 191.0, -1
1, 303, 0, 145.0, 187.0, -1
1, 304, 1, 145.0, 187.0, -1
1, 305, 0, 145.0, 188.0, -1
1, 306, 8, 145.0, 189.0, -1
1, 307, 8, 145.0, 189.0, -1
1, 308, 0, 145.0, 189.0, -1
1, 309, 4, 145.0, 189.0, -1
1, 310, 1, 145.0, 189.0, -1
1, 311, 6, 145.0, 189.0, -1
1, 312, 7, 145.0, 189.0, -1
1, 313, 4, 145.0, 190.0, -1
1, 314, 2, 145.0, 191.0, -1
1, 315, 4, 145.0, 192.0, -1
1, 316, 5, 145.0, 196.0, -1
1, 317, 4, 146.0, 188.0, -1
1, 318, 4, 146.0, 188.0, -1
1, 319, 1, 146.0, 188.0, -1
1, 320, 3, 146.0, 189.0, -1
1, 321, 8, 146.0, 189.0, -1
1, 322, 6, 146.0, 189.0, -1
1, 323, 1, 146.0, 189.0, -1
1, 324, 4, 146.0, 190.0, -1
1, 325, 6, 146.0, 190.0, -1
1, 326, 3, 146.0, 191.0, -1
1, 327, 6, 147.0, 190.0, -1
1, 328, 4, 147.0, 191.0, -1
1, 329, 6, 147.0, 192.0, -1
1, 330, 6, 147.0, 193.0, -1
1, 331, 6, 147.0, 194.0, -1
1, 332, 7, 148.0, 195.0, -1
1, 333, 8, 149.0, 196.0, -1
1, 334, 7, 149.0, 196.0, -1
1, 335, 7, 151.0, 197.0, -1
1, 336, 6, 154.0, 197.0, -1
1, 337, 5, 154.0, 203.0, -1
1, 338, 5, 162.0, 212.0, -1
1, 339, 5, 163.0, 215.0, -1
1, 340, 3, 179.0, 220.0, -1
1, 341, 5, 180.0, 225.0, -1
1, 342, 0, 180.0, 226.0, -1
1, 343, 2, 181.0, 224.0, -1
1, 344, 0, 181.0, 225.0, -1
1, 345, 3, 181.0, 225.0, -1
1, 346, 3, 181.0, 226.0, -1
1, 347, 5, 182.0, 225.0, -1
1, 348, 5, 182.0, 227.0, -1
1, 349, 2, 183.0, 225.0, -1
1, 350, 0, 183.0, 225.0, -1
1, 351, 2, 183.0, 226.0, -1
1, 352, 0, 183.0, 226.0, -1
1, 353, 6, 183.0, 227.0, -1
1, 354, 0, 184.0, 227.0, -1
1, 355, 1, 184.0, 227.0, -1
1, 356, 2, 184.0, 229.0, -1
1, 357, 2, 184.0, 230.0, -1
1, 358, 1, 184.0, 230.0, -1
1, 359, 3, 185.0, 228.0, -1
1, 360, 8, 185.0, 228.0, -1
1, 361, 8, 185.0, 229.0, -1
1, 362, 4, 185.0, 230.0, -1
1, 363, 8, 185.0, 231.0, -1
1, 364, 8, 185.0, 231.0, -1
1, 365, 0, 186.0, 228.0, -1
1, 366, 7, 186.0, 228.0, -1
1, 367, 1, 186.0, 229.0, -1
1, 368, 2, 186.0, 231.0, -1
1, 369, 0, 187.0, 228.0, -1
1, 370, 1, 187.0, 228.0, -1
1, 371, 0, 187.0, 229.0, -1
1, 372, 3, 187.0, 230.0, -1
1, 373, 3, 187.0, 232.0, -1
1, 374, 7, 187.0, 233.0, -1
1, 375, 5, 188.0, 230.0, -1
1, 376, 1, 188.0, 231.0, -1
1, 377, 0, 188.0, 231.0, -1
1, 378, 7, 188.0, 232.0, -1
1, 379, 7, 188.0, 232.0, -1
1, 380, 1, 188.0, 232.0, -1
1, 381, 4, 188.0, 232.0, -1
1, 382, 4, 188.0, 232.0, -1
1, 383, 2, 188.0, 234.0, -1
1, 384, 7, 188.0, 234.0, -1
1, 385, 6, 188.0, 235.0, -1
1, 386, 8, 189.0, 230.0, -1
1, 387, 4, 189.0, 232.0, -1
1, 388, 3, 189.0, 232.0, -1
1, 389, 1, 189.0, 233.0, -1
1, 390, 0, 189.0, 234.0, -1
1, 391, 5, 189.0, 234.0, -1
1, 392, 8, 189.0, 234.0, -1
1, 393, 8, 189.0, 234.0, -1
1, 394, 8, 189.0, 234.0, -1
1, 395, 3, 189.0, 235.0, -1
1, 396, 7, 189.0, 236.0, -1
1, 397, 8, 189.0, 237.0, -1
1, 398, 6, 190.0, 230.0, -1
1, 399, 6, 190.0, 230.0, -1
1, 400, 7, 190.0, 232.0, -1
1, 401, 1, 190.0, 234.0, -1
1, 402, 1, 190.0, 234.0, -1
1, 403, 4, 190.0, 236.0, -1
1, 404, 3, 191.0, 234.0, -1
1, 405, 4, 191.0, 236.0, -1
1, 406, 4, 191.0, 236.0, -1
1, 407, 4, 191.0, 237.0, -1
1, 408, 4, 191.0, 237.0, -1
1, 409, 6, 191.0, 238.0, -1
1, 410, 6, 191.0, 240.0, -1
0, 411, 6, 192.0, 239.0, 324.0
0, 412, 4, 192.0, 246.0, 344.0
0, 413, 2, 192.0, 259.0, 372.0
0, 414, 7, 195.0, 240.0, 318.0
0, 415, 5, 197.0, 237.0, 303.0
0, 416, 8, 197.0, 239.0, 307.0
0, 417, 3, 221.0, 258.0, 321.0
0, 418, 0, 226.0, 260.0, 312.0
0, 419, 1, 228.0, 263.0, 324.0
0, 420, 6, 229.0, 260.0, 304.0
0, 421, 7, 229.0, 260.0, 308.0
0, 422, 0, 229.0, 259.0, 309.0
0, 423, 8, 229.0, 260.0, 311.0
0, 424, 5, 229.0, 260.0, 315.0
0, 425, 3, 229.0, 261.0, 317.0
0, 426, 1, 229.0, 264.0, 320.0
0, 427, 8, 231.0, 256.0, 296.0
0, 428, 7, 231.0, 257.0, 298.0
0, 429, 3, 231.0, 257.0, 300.0
0, 430, 6, 231.0, 259.0, 301.0
0, 431, 5, 231.0, 257.0, 302.0
0, 432, 2, 231.0, 258.0, 305.0
0, 433, 0, 231.0, 260.0, 306.0
0, 434, 4, 231.0, 260.0, 308.0
0, 435, 1, 231.0, 262.0, 310.0
1, 436, 0, 231.0, 274.0, -1
1, 437, 8, 231.0, 274.0, -1
1, 438, 1, 231.0, 275.0, -1
1, 439, 6, 231.0, 276.0, -1
1, 440, 0, 231.0, 276.0, -1
1, 441, 0, 231.0, 276.0, -1
1, 442, 5, 231.0, 276.0, -1
1, 443, 3, 231.0, 276.0, -1
1, 444, 1, 231.0, 276.0, -1
1, 445, 7, 231.0, 276.0, -1
1, 446, 6, 231.0, 276.0, -1
1, 447, 0, 231.0, 277.0, -1
1, 448, 0, 231.0, 277.0, -1
1, 449, 3, 231.0, 277.0, -1
1, 450, 8, 231.0, 277.0, -1
1, 451, 5, 231.0, 277.0, -1
1, 452, 8, 231.0, 278.0, -1
1, 453, 6, 231.0, 279.0, -1
1, 454, 6, 231.0, 279.0, -1
1, 455, 5, 231.0, 279.0, -1
1, 456, 5, 231.0, 285.0, -1
1, 457, 5, 231.0, 286.0, -1
0, 458, 4, 232.0, 259.0, 305.0
0, 459, 2, 232.0, 260.0, 306.0
1, 460, 2, 232.0, 274.0, -1
1, 461, 0, 232.0, 275.0, -1
1, 462, 2, 232.0, 276.0, -1
1, 463, 3, 232.0, 277.0, -1
1, 464, 2, 232.0, 278.0, -1
1, 465, 2, 232.0, 279.0, -1
1, 466, 7, 232.0, 279.0, -1
1, 467, 3, 232.0, 279.0, -1
1, 468, 7, 233.0, 276.0, -1
1, 469, 1, 233.0, 278.0, -1
1, 470, 7, 233.0, 278.0, -1
1, 471, 4, 233.0, 279.0, -1
1, 472, 7, 233.0, 280.0, -1
1, 473, 1, 233.0, 280.0, -1
1, 474, 4, 233.0, 280.0, -1
1, 475, 0, 234.0, 280.0, -1
1, 476, 2, 234.0, 281.0, -1
1, 477, 3, 234.0, 282.0, -1
1, 478, 5, 234.0, 288.0, -1
1, 479, 8, 235.0, 277.0, -1
1, 480, 8, 235.0, 278.0, -1
1, 481, 7, 235.0, 279.0, -1
1, 482, 6, 235.0, 279.0, -1
1, 483, 1, 235.0, 281.0, -1
1, 484, 1, 235.0, 281.0, -1
1, 485, 3, 235.0, 284.0, -1
1, 486, 8, 235.0, 285.0, -1
1, 487, 4, 236.0, 284.0, -1
1, 488, 4, 236.0, 285.0, -1
1, 489, 7, 236.0, 285.0, -1
1, 490, 4, 237.0, 283.0, -1
1, 491, 8, 237.0, 284.0, -1
1, 492, 4, 237.0, 285.0, -1
1, 493, 4, 237.0, 285.0, -1
1, 494, 6, 239.0, 287.0, -1
0, 495, 6, 240.0, 265.0, 302.0
0, 496, 8, 275.0, 299.0, 334.0
0, 497, 0, 275.0, 298.0, 338.0
0, 498, 2, 275.0, 299.0, 347.0
0, 499, 6, 276.0, 298.0, 334.0
0, 500, 7, 276.0, 301.0, 337.0
0, 501, 1, 276.0, 301.0, 340.0
0, 502, 5, 276.0, 301.0, 341.0
0, 503, 3, 276.0, 302.0, 341.0
0, 504, 4, 280.0, 303.0, 341.0
0, 505, 8, 281.0, 300.0, 330.0
0, 506, 0, 281.0, 301.0, 330.0
0, 507, 1, 281.0, 301.0, 332.0
0, 508, 0, 281.0, 303.0, 334.0
0, 509, 8, 281.0, 302.0, 334.0
0, 510, 6, 281.0, 302.0, 336.0
0, 511, 1, 281.0, 303.0, 338.0
0, 512, 2, 281.0, 301.0, 338.0
0, 513, 2, 281.0, 303.0, 339.0
0, 514, 7, 281.0, 306.0, 339.0
0, 515, 3, 281.0, 304.0, 341.0
0, 516, 4, 281.0, 305.0, 342.0
0, 517, 5, 281.0, 304.0, 343.0
1, 518, 0, 281.0, 323.0, -1
1, 519, 0, 281.0, 323.0, -1
1, 520, 0, 281.0, 324.0, -1
1, 521, 0, 281.0, 325.0, -1
1, 522, 8, 281.0, 325.0, -1
1, 523, 2, 281.0, 326.0, -1
1, 524, 8, 281.0, 326.0, -1
1, 525, 1, 281.0, 329.0, -1
1, 526, 1, 282.0, 326.0, -1
1, 527, 1, 282.0, 329.0, -1
1, 528, 2, 282.0, 332.0, -1
0, 529, 7, 284.0, 304.0, 329.0
0, 530, 6, 284.0, 303.0, 330.0
0, 531, 5, 284.0, 303.0, 332.0
0, 532, 3, 284.0, 302.0, 333.0
0, 533, 4, 284.0, 304.0, 340.0
1, 534, 6, 284.0, 328.0, -1
1, 535, 6, 284.0, 330.0, -1
1, 536, 3, 285.0, 329.0, -1
1, 537, 4, 285.0, 329.0, -1
1, 538, 7, 285.0, 330.0, -1
1, 539, 7, 285.0, 330.0, -1
1, 540, 8, 285.0, 330.0, -1
1, 541, 7, 285.0, 330.0, -1
1, 542, 3, 285.0, 331.0, -1
1, 543, 5, 285.0, 331.0, -1
1, 544, 3, 285.0, 332.0, -1
1, 545, 7, 286.0, 330.0, -1
1, 546, 8, 286.0, 332.0, -1
1, 547, 4, 286.0, 332.0, -1
1, 548, 4, 286.0, 334.0, -1
1, 549, 4, 286.0, 338.0, -1
1, 550, 5, 287.0, 340.0, -1
1, 551, 6, 288.0, 336.0, -1
1, 552, 5, 289.0, 341.0, -1
1, 553, 8, 297.0, 346.0, -1
1, 554, 7, 299.0, 345.0, -1
1, 555, 3, 301.0, 347.0, -1
0, 556, 6, 303.0, 319.0, 345.0
0, 557, 5, 304.0, 321.0, 350.0
0, 558, 2, 305.0, 322.0, 351.0
0, 559, 0, 306.0, 322.0, 345.0
0, 560, 4, 306.0, 323.0, 354.0
0, 561, 8, 307.0, 324.0, 349.0
0, 562, 7, 308.0, 325.0, 349.0
0, 563, 1, 310.0, 328.0, 351.0
0, 564, 3, 317.0, 334.0, 359.0
0, 565, 6, 319.0, 335.0, 358.0
0, 566, 6, 319.0, 336.0, 359.0
0, 567, 4, 321.0, 336.0, 356.0
0, 568, 0, 321.0, 335.0, 356.0
0, 569, 2, 321.0, 335.0, 357.0
0, 570, 8, 321.0, 336.0, 357.0
0, 571, 3, 321.0, 336.0, 359.0
0, 572, 7, 321.0, 337.0, 360.0
0, 573, 1, 321.0, 335.0, 361.0
0, 574, 0, 322.0, 336.0, 354.0
0, 575, 5, 322.0, 336.0, 356.0
0, 576, 5, 322.0, 337.0, 357.0
0, 577, 2, 326.0, 339.0, 362.0
0, 578, 8, 329.0, 342.0, 360.0
0, 579, 7, 329.0, 342.0, 361.0
0, 580, 4, 330.0, 342.0, 362.0
0, 581, 1, 330.0, 342.0, 363.0
0, 582, 6, 333.0, 345.0, 361.0
0, 583, 8, 333.0, 345.0, 361.0
0, 584, 3, 333.0, 345.0, 361.0
0, 585, 1, 333.0, 345.0, 361.0
0, 586, 7, 333.0, 345.0, 362.0
0, 587, 0, 333.0, 345.0, 363.0
0, 588, 5, 333.0, 346.0, 364.0
0, 589, 2, 333.0, 345.0, 365.0
0, 590, 4, 333.0, 345.0, 365.0
1, 591, 0, 333.0, 374.0, -1
1, 592, 0, 333.0, 374.0, -1
1, 593, 8, 333.0, 374.0, -1
1, 594, 0, 333.0, 376.0, -1
1, 595, 0, 333.0, 376.0, -1
1, 596, 7, 333.0, 376.0, -1
1, 597, 8, 333.0, 376.0, -1
1, 598, 1, 333.0, 377.0, -1
1, 599, 7, 333.0, 377.0, -1
1, 600, 1, 333.0, 377.0, -1
1, 601, 8, 333.0, 378.0, -1
1, 602, 6, 333.0, 378.0, -1
1, 603, 3, 333.0, 378.0, -1
1, 604, 1, 333.0, 378.0, -1
1, 605, 6, 333.0, 379.0, -1
1, 606, 3, 333.0, 379.0, -1
1, 607, 7, 333.0, 379.0, -1
1, 608, 6, 333.0, 382.0, -1
1, 609, 5, 333.0, 387.0, -1
1, 610, 3, 334.0, 377.0, -1
1, 611, 4, 334.0, 382.0, -1
1, 612, 6, 334.0, 383.0, -1
1, 613, 8, 335.0, 381.0, -1
1, 614, 0, 335.0, 382.0, -1
1, 615, 8, 335.0, 383.0, -1
0, 616, 6, 337.0, 349.0, 364.0
0, 617, 6, 342.0, 351.0, 366.0
0, 618, 2, 342.0, 351.0, 367.0
0, 619, 5, 342.0, 352.0, 367.0
0, 620, 3, 342.0, 352.0, 368.0
0, 621, 0, 342.0, 351.0, 368.0
0, 622, 2, 342.0, 351.0, 368.0
0, 623, 3, 342.0, 351.0, 369.0
0, 624, 5, 342.0, 353.0, 370.0
1, 625, 5, 342.0, 387.0, -1
0, 626, 7, 343.0, 353.0, 367.0
0, 627, 1, 343.0, 352.0, 367.0
1, 628, 5, 343.0, 399.0, -1
1, 629, 6, 345.0, 390.0, -1
0, 630, 7, 346.0, 355.0, 368.0
0, 631, 4, 346.0, 355.0, 369.0
0, 632, 1, 346.0, 355.0, 371.0
0, 633, 8, 347.0, 355.0, 368.0
0, 634, 0, 349.0, 357.0, 370.0
0, 635, 4, 349.0, 358.0, 372.0
0, 636, 8, 349.0, 358.0, 373.0
0, 637, 4, 349.0, 359.0, 373.0
1, 638, 4, 349.0, 393.0, -1
1, 639, 4, 349.0, 396.0, -1
0, 640, 2, 352.0, 361.0, 374.0
0, 641, 3, 353.0, 362.0, 373.0
0, 642, 5, 354.0, 363.0, 374.0
1, 643, 4, 354.0, 398.0, -1
0, 644, 1, 356.0, 362.0, 375.0
0, 645, 7, 356.0, 364.0, 377.0
0, 646, 0, 358.0, 366.0, 376.0
0, 647, 8, 359.0, 365.0, 377.0
0, 648, 6, 359.0, 366.0, 378.0
0, 649, 4, 360.0, 369.0, 378.0
0, 650, 2, 362.0, 368.0, 381.0
0, 651, 2, 362.0, 371.0, 381.0
1, 652, 7, 362.0, 410.0, -1
1, 653, 7, 362.0, 411.0, -1
0, 654, 0, 363.0, 370.0, 380.0
0, 655, 1, 363.0, 370.0, 381.0
0, 656, 1, 363.0, 369.0, 381.0
0, 657, 7, 363.0, 371.0, 381.0
0, 658, 7, 363.0, 370.0, 381.0
0, 659, 5, 363.0, 369.0, 381.0
0, 660, 6, 363.0, 370.0, 381.0
0, 661, 5, 363.0, 370.0, 381.0
0, 662, 3, 363.0, 371.0, 382.0
0, 663, 8, 363.0, 370.0, 382.0
0, 664, 3, 363.0, 370.0, 382.0
0, 665, 3, 363.0, 370.0, 383.0
0, 666, 4, 363.0, 370.0, 383.0
0, 667, 5, 365.0, 372.0, 382.0
0, 668, 8, 366.0, 373.0, 383.0
1, 669, 6, 366.0, 411.0, -1
0, 670, 6, 367.0, 374.0, 383.0
0, 671, 0, 367.0, 373.0, 383.0
0, 672, 6, 367.0, 374.0, 384.0
1, 673, 5, 367.0, 418.0, -1
1, 674, 2, 368.0, 411.0, -1
1, 675, 3, 368.0, 411.0, -1
1, 676, 2, 368.0, 411.0, -1
1, 677, 1, 368.0, 412.0, -1
1, 678, 2, 368.0, 413.0, -1
1, 679, 7, 368.0, 416.0, -1
0, 680, 4, 369.0, 375.0, 383.0
0, 681, 1, 369.0, 375.0, 384.0
0, 682, 7, 369.0, 376.0, 384.0
0, 683, 0, 369.0, 375.0, 384.0
0, 684, 2, 369.0, 375.0, 385.0
0, 685, 8, 369.0, 376.0, 386.0
1, 686, 3, 369.0, 414.0, -1
1, 687, 4, 369.0, 415.0, -1
1, 688, 0, 370.0, 415.0, -1
0, 689, 5, 372.0, 379.0, 387.0
0, 690, 3, 374.0, 381.0, 389.0
0, 691, 0, 376.0, 383.0, 389.0
0, 692, 4, 376.0, 382.0, 389.0
0, 693, 1, 376.0, 382.0, 389.0
0, 694, 2, 376.0, 383.0, 389.0
0, 695, 7, 377.0, 383.0, 390.0
0, 696, 8, 377.0, 384.0, 390.0
0, 697, 5, 379.0, 382.0, 390.0
0, 698, 3, 379.0, 382.0, 390.0
0, 699, 6, 379.0, 383.0, 390.0
0, 700, 4, 379.0, 382.0, 390.0
0, 701, 7, 379.0, 383.0, 391.0
0, 702, 1, 379.0, 382.0, 391.0
0, 703, 0, 379.0, 382.0, 391.0
0, 704, 2, 379.0, 385.0, 391.0
0, 705, 6, 379.0, 385.0, 391.0
0, 706, 8, 379.0, 382.0, 391.0
0, 707, 8, 379.0, 385.0, 391.0
0, 708, 6, 379.0, 386.0, 391.0
0, 709, 7, 379.0, 386.0, 392.0
1, 710, 0, 379.0, 422.0, -1
1, 711, 0, 379.0, 423.0, -1
1, 712, 8, 379.0, 423.0, -1
1, 713, 8, 379.0, 424.0, -1
1, 714, 7, 379.0, 427.0, -1
0, 715, 0, 380.0, 383.0, 390.0
1, 716, 0, 380.0, 426.0, -1
1, 717, 6, 381.0, 425.0, -1
1, 718, 8, 381.0, 426.0, -1
1, 719, 7, 381.0, 426.0, -1
1, 720, 7, 381.0, 427.0, -1
0, 721, 5, 382.0, 385.0, 392.0
0, 722, 3, 382.0, 385.0, 392.0
0, 723, 5, 382.0, 385.0, 392.0
0, 724, 3, 382.0, 385.0, 392.0
1, 725, 1, 382.0, 426.0, -1
1, 726, 1, 382.0, 426.0, -1
1, 727, 3, 382.0, 426.0, -1
1, 728, 8, 382.0, 427.0, -1
1, 729, 6, 382.0, 427.0, -1
0, 730, 0, 383.0, 386.0, 391.0
0, 731, 2, 383.0, 386.0, 391.0
0, 732, 4, 383.0, 386.0, 391.0
0, 733, 4, 383.0, 385.0, 392.0
0, 734, 1, 383.0, 386.0, 392.0
0, 735, 1, 383.0, 386.0, 392.0
0, 736, 1, 383.0, 386.0, 392.0
0, 737, 0, 384.0, 387.0, 391.0
1, 738, 4, 384.0, 428.0, -1
1, 739, 3, 384.0, 429.0, -1
1, 740, 1, 384.0, 429.0, -1
0, 741, 8, 385.0, 388.0, 391.0
0, 742, 3, 385.0, 387.0, 392.0
0, 743, 5, 385.0, 388.0, 392.0
0, 744, 0, 385.0, 387.0, 392.0
0, 745, 4, 385.0, 388.0, 393.0
0, 746, 8, 385.0, 388.0, 393.0
0, 747, 7, 385.0, 388.0, 394.0
0, 748, 2, 386.0, 388.0, 391.0
0, 749, 2, 386.0, 388.0, 392.0
0, 750, 6, 386.0, 389.0, 392.0
0, 751, 6, 386.0, 389.0, 392.0
0, 752, 5, 388.0, 390.0, 393.0
0, 753, 8, 389.0, 391.0, 394.0
0, 754, 1, 390.0, 392.0, 394.0
0, 755, 2, 390.0, 392.0, 394.0
0, 756, 4, 390.0, 392.0, 394.0
0, 757, 3, 390.0, 392.0, 394.0
0, 758, 0, 390.0, 392.0, 395.0
0, 759, 6, 390.0, 392.0, 395.0
0, 760, 5, 391.0, 393.0, 394.0
0, 761, 5, 391.0, 393.0, 394.0
0, 762, 7, 391.0, 394.0, 395.0
1, 763, 0, 392.0, 434.0, -1
1, 764, 3, 392.0, 434.0, -1
1, 765, 5, 392.0, 435.0, -1
1, 766, 3, 392.0, 435.0, -1
1, 767, 1, 392.0, 435.0, -1
1, 768, 6, 392.0, 435.0, -1
1, 769, 5, 392.0, 435.0, -1
1, 770, 5, 392.0, 436.0, -1
1, 771, 0, 392.0, 436.0, -1
1, 772, 0, 392.0, 436.0, -1
1, 773, 6, 392.0, 436.0, -1
1, 774, 5, 392.0, 436.0, -1
1, 775, 2, 392.0, 436.0, -1
1, 776, 2, 392.0, 436.0, -1
1, 777, 6, 392.0, 436.0, -1
1, 778, 0, 392.0, 436.0, -1
1, 779, 8, 392.0, 436.0, -1
1, 780, 1, 392.0, 437.0, -1
1, 781, 4, 392.0, 437.0, -1
1, 782, 4, 392.0, 437.0, -1
1, 783, 3, 392.0, 437.0, -1
1, 784, 1, 392.0, 437.0, -1
1, 785, 7, 392.0, 437.0, -1
1, 786, 3, 392.0, 437.0, -1
1, 787, 2, 392.0, 437.0, -1
1, 788, 1, 392.0, 437.0, -1
1, 789, 6, 392.0, 437.0, -1
1, 790, 2, 392.0, 438.0, -1
1, 791, 0, 392.0, 438.0, -1
1, 792, 7, 392.0, 438.0, -1
1, 793, 6, 392.0, 439.0, -1
1, 794, 4, 393.0, 437.0, -1
1, 795, 6, 393.0, 437.0, -1
1, 796, 8, 393.0, 438.0, -1
1, 797, 8, 393.0, 438.0, -1
1, 798, 4, 393.0, 439.0, -1
1, 799, 8, 393.0, 441.0, -1
2, 800, 8, 393.0, 438.0, -1
2, 801, 4, 393.0, 439.0, -1
2, 802, 5, 394.0, 440.0, -1
2, 803, 3, 395.0, 437.0, -1
2, 804, 6, 395.0, 439.0, -1
2, 805, 7, 395.0, 439.0, -1
2, 806, 0, 395.0, 443.0, -1
2, 807, 5, 395.0, 448.0, -1
2, 808, 5, 395.0, 451.0, -1
2, 809, 2, 396.0, 440.0, -1
2, 810, 7, 396.0, 442.0, -1
2, 811, 4, 396.0, 443.0, -1
2, 812, 8, 396.0, 444.0, -1
2, 813, 1, 396.0, 445.0, -1
2, 814, 4, 397.0, 443.0, -1
2, 815, 4, 399.0, 448.0, -1
2, 816, 5, 399.0, 451.0, -1
2, 817, 2, 401.0, 447.0, -1
2, 818, 7, 410.0, 456.0, -1
2, 819, 2, 411.0, 454.0, -1
2, 820, 3, 411.0, 457.0, -1
2, 821, 2, 411.0, 457.0, -1
2, 822, 6, 412.0, 459.0, -1
2, 823, 7, 412.0, 460.0, -1
2, 824, 1, 413.0, 458.0, -1
2, 825, 2, 413.0, 459.0, -1
2, 826, 3, 414.0, 458.0, -1
2, 827, 0, 415.0, 459.0, -1
2, 828, 4, 415.0, 462.0, -1
2, 829, 7, 416.0, 462.0, -1
2, 830, 5, 418.0, 471.0, -1
2, 831, 0, 422.0, 466.0, -1
2, 832, 0, 423.0, 467.0, -1
2, 833, 8, 423.0, 469.0, -1
2, 834, 6, 425.0, 469.0, -1
2, 835, 8, 425.0, 470.0, -1
2, 836, 0, 426.0, 470.0, -1
2, 837, 1, 426.0, 471.0, -1
2, 838, 3, 426.0, 472.0, -1
2, 839, 1, 426.0, 473.0, -1
2, 840, 8, 426.0, 474.0, -1
2, 841, 7, 427.0, 471.0, -1
2, 842, 7, 427.0, 472.0, -1
2, 843, 7, 427.0, 473.0, -1
2, 844, 8, 427.0, 474.0, -1
2, 845, 6, 428.0, 473.0, -1
2, 846, 4, 428.0, 475.0, -1
2, 847, 3, 429.0, 473.0, -1
2, 848, 1, 429.0, 475.0, -1
2, 849, 3, 434.0, 477.0, -1
2, 850, 0, 434.0, 477.0, -1
2, 851, 5, 435.0, 478.0, -1
2, 852, 3, 435.0, 478.0, -1
2, 853, 5, 435.0, 479.0, -1
2, 854, 1, 435.0, 479.0, -1
2, 855, 6, 435.0, 482.0, -1
2, 856, 0, 436.0, 478.0, -1
2, 857, 2, 436.0, 478.0, -1
2, 858, 5, 436.0, 479.0, -1
2, 859, 0, 436.0, 479.0, -1
2, 860, 6, 436.0, 481.0, -1
2, 861, 5, 436.0, 482.0, -1
2, 862, 4, 437.0, 480.0, -1
2, 863, 2, 437.0, 480.0, -1
2, 864, 6, 437.0, 481.0, -1
2, 865, 1, 437.0, 481.0, -1
2, 866, 4, 437.0, 481.0, -1
2, 867, 1, 437.0, 481.0, -1
2, 868, 3, 437.0, 481.0, -1
2, 869, 8, 437.0, 481.0, -1
2, 870, 4, 437.0, 481.0, -1
2, 871, 2, 437.0, 481.0, -1
2, 872, 3, 437.0, 481.0, -1
2, 873, 1, 437.0, 482.0, -1
2, 874, 7, 437.0, 482.0, -1
2, 875, 0, 437.0, 483.0, -1
2, 876, 3, 437.0, 483.0, -1
2, 877, 6, 437.0, 491.0, -1
2, 878, 0, 438.0, 481.0, -1
2, 879, 8, 438.0, 482.0, -1
2, 880, 2, 438.0, 482.0, -1
2, 881, 8, 438.0, 483.0, -1
2, 882, 6, 438.0, 484.0, -1
2, 883, 8, 438.0, 484.0, -1
2, 884, 4, 439.0, 484.0, -1
2, 885, 6, 439.0, 486.0, -1
2, 886, 6, 439.0, 489.0, -1
2, 887, 7, 439.0, 490.0, -1
2, 888, 2, 440.0, 485.0, -1
2, 889, 7, 440.0, 487.0, -1
2, 890, 4, 440.0, 487.0, -1
2, 891, 5, 440.0, 488.0, -1
2, 892, 8, 441.0, 486.0, -1
2, 893, 7, 442.0, 486.0, -1
2, 894, 0, 443.0, 487.0, -1
2, 895, 4, 443.0, 489.0, -1
2, 896, 4, 443.0, 489.0, -1
1, 897, 8, 444.0, 510.0, 625.0
1, 898, 1, 445.0, 498.0, 589.0
1, 899, 2, 447.0, 497.0, 586.0
1, 900, 5, 448.0, 491.0, 565.0
1, 901, 4, 448.0, 494.0, 578.0
1, 902, 3, 457.0, 493.0, 552.0
1, 903, 7, 457.0, 493.0, 556.0
1, 904, 0, 459.0, 493.0, 548.0
1, 905, 6, 460.0, 494.0, 547.0
1, 906, 0, 469.0, 496.0, 537.0
1, 907, 1, 469.0, 498.0, 546.0
1, 908, 2, 469.0, 500.0, 550.0
1, 909, 0, 469.0, 500.0, 553.0
1, 910, 7, 469.0, 501.0, 553.0
1, 911, 4, 469.0, 500.0, 555.0
1, 912, 3, 469.0, 501.0, 556.0
1, 913, 6, 469.0, 504.0, 557.0
1, 914, 5, 469.0, 504.0, 561.0
2, 915, 0, 470.0, 519.0, -1
1, 916, 7, 473.0, 499.0, 540.0
1, 917, 8, 473.0, 499.0, 540.0
1, 918, 3, 473.0, 500.0, 544.0
1, 919, 5, 473.0, 502.0, 545.0
1, 920, 6, 473.0, 504.0, 550.0
2, 921, 7, 474.0, 519.0, -1
2, 922, 3, 474.0, 519.0, -1
2, 923, 7, 474.0, 519.0, -1
2, 924, 7, 474.0, 521.0, -1
2, 925, 5, 474.0, 527.0, -1
1, 926, 8, 475.0, 503.0, 543.0
1, 927, 1, 475.0, 502.0, 545.0
1, 928, 4, 475.0, 502.0, 547.0
1, 929, 2, 475.0, 502.0, 550.0
2, 930, 1, 476.0, 521.0, -1
2, 931, 1, 476.0, 521.0, -1
2, 932, 8, 476.0, 522.0, -1
2, 933, 2, 476.0, 524.0, -1
2, 934, 8, 476.0, 524.0, -1
2, 935, 0, 478.0, 521.0, -1
2, 936, 3, 478.0, 522.0, -1
2, 937, 0, 479.0, 521.0, -1
2, 938, 5, 479.0, 521.0, -1
2, 939, 5, 479.0, 522.0, -1
2, 940, 3, 479.0, 522.0, -1
2, 941, 2, 479.0, 524.0, -1
2, 942, 5, 479.0, 524.0, -1
2, 943, 0, 480.0, 522.0, -1
2, 944, 1, 480.0, 523.0, -1
2, 945, 2, 481.0, 525.0, -1
2, 946, 4, 481.0, 527.0, -1
2, 947, 6, 482.0, 524.0, -1
2, 948, 1, 482.0, 525.0, -1
2, 949, 8, 482.0, 525.0, -1
2, 950, 1, 482.0, 525.0, -1
2, 951, 0, 482.0, 526.0, -1
2, 952, 8, 482.0, 527.0, -1
2, 953, 3, 482.0, 527.0, -1
2, 954, 6, 482.0, 528.0, -1
2, 955, 4, 482.0, 528.0, -1
2, 956, 3, 482.0, 529.0, -1
2, 957, 4, 482.0, 529.0, -1
2, 958, 2, 482.0, 529.0, -1
2, 959, 0, 483.0, 525.0, -1
2, 960, 6, 483.0, 528.0, -1
2, 961, 1, 483.0, 528.0, -1
2, 962, 2, 483.0, 530.0, -1
2, 963, 7, 483.0, 531.0, -1
2, 964, 3, 483.0, 532.0, -1
2, 965, 5, 483.0, 535.0, -1
2, 966, 8, 484.0, 529.0, -1
2, 967, 6, 485.0, 530.0, -1
2, 968, 4, 485.0, 533.0, -1
2, 969, 8, 485.0, 534.0, -1
2, 970, 2, 486.0, 532.0, -1
2, 971, 6, 486.0, 532.0, -1
2, 972, 0, 487.0, 531.0, -1
2, 973, 7, 487.0, 532.0, -1
2, 974, 8, 487.0, 536.0, -1
2, 975, 7, 488.0, 532.0, -1
2, 976, 4, 488.0, 534.0, -1
2, 977, 4, 489.0, 534.0, -1
2, 978, 5, 489.0, 541.0, -1
2, 979, 4, 490.0, 537.0, -1
2, 980, 6, 490.0, 539.0, -1
2, 981, 7, 490.0, 539.0, -1
2, 982, 6, 491.0, 538.0, -1
1, 983, 0, 519.0, 543.0, 581.0
1, 984, 7, 519.0, 545.0, 583.0
1, 985, 3, 519.0, 543.0, 587.0
1, 986, 1, 521.0, 545.0, 582.0
1, 987, 5, 521.0, 547.0, 586.0
1, 988, 8, 523.0, 546.0, 583.0
1, 989, 6, 524.0, 548.0, 583.0
1, 990, 2, 524.0, 549.0, 593.0
1, 991, 4, 527.0, 553.0, 594.0
1, 992, 1, 528.0, 549.0, 575.0
1, 993, 8, 528.0, 547.0, 577.0
1, 994, 6, 528.0, 549.0, 579.0
1, 995, 7, 528.0, 549.0, 580.0
1, 996, 2, 528.0, 550.0, 581.0
1, 997, 5, 528.0, 550.0, 582.0
1, 998, 3, 528.0, 548.0, 583.0
1, 999, 0, 528.0, 552.0, 583.0
1, 1000, 5, 528.0, 550.0, 584.0
1, 1001, 1, 528.0, 550.0, 587.0
1, 1002, 3, 528.0, 552.0, 587.0
1, 1003, 0, 528.0, 551.0, 587.0
1, 1004, 6, 528.0, 554.0, 588.0
1, 1005, 8, 528.0, 554.0, 589.0
1, 1006, 4, 528.0, 553.0, 590.0
1, 1007, 2, 528.0, 554.0, 591.0
1, 1008, 7, 529.0, 547.0, 573.0
1, 1009, 4, 529.0, 549.0, 579.0
2, 1010, 0, 529.0, 571.0, -1
2, 1011, 1, 529.0, 573.0, -1
2, 1012, 1, 529.0, 573.0, -1
2, 1013, 0, 529.0, 573.0, -1
2, 1014, 3, 529.0, 574.0, -1
2, 1015, 1, 529.0, 574.0, -1
2, 1016, 8, 529.0, 575.0, -1
2, 1017, 0, 529.0, 575.0, -1
2, 1018, 2, 529.0, 575.0, -1
2, 1019, 3, 529.0, 575.0, -1
2, 1020, 5, 529.0, 579.0, -1
2, 1021, 8, 530.0, 576.0, -1
2, 1022, 2, 531.0, 576.0, -1
2, 1023, 6, 531.0, 576.0, -1
2, 1024, 0, 532.0, 576.0, -1
2, 1025, 7, 532.0, 576.0, -1
2, 1026, 7, 532.0, 577.0, -1
2, 1027, 6, 532.0, 578.0, -1
2, 1028, 2, 532.0, 580.0, -1
2, 1029, 3, 532.0, 583.0, -1
2, 1030, 7, 533.0, 578.0, -1
2, 1031, 8, 534.0, 577.0, -1
2, 1032, 4, 534.0, 580.0, -1
2, 1033, 4, 535.0, 582.0, -1
2, 1034, 5, 535.0, 590.0, -1
2, 1035, 4, 536.0, 581.0, -1
2, 1036, 0, 537.0, 581.0, -1
2, 1037, 8, 537.0, 583.0, -1
2, 1038, 4, 537.0, 587.0, -1
2, 1039, 6, 539.0, 583.0, -1
2, 1040, 7, 540.0, 583.0, -1
2, 1041, 6, 540.0, 585.0, -1
2, 1042, 7, 540.0, 587.0, -1
2, 1043, 8, 541.0, 588.0, -1
2, 1044, 5, 541.0, 593.0, -1
2, 1045, 8, 543.0, 591.0, -1
1, 1046, 3, 544.0, 561.0, 590.0
2, 1047, 5, 546.0, 598.0, -1
2, 1048, 6, 547.0, 594.0, -1
2, 1049, 4, 548.0, 595.0, -1
1, 1050, 1, 550.0, 567.0, 594.0
1, 1051, 0, 552.0, 568.0, 593.0
1, 1052, 6, 554.0, 571.0, 596.0
1, 1053, 7, 554.0, 571.0, 598.0
1, 1054, 2, 554.0, 571.0, 598.0
1, 1055, 4, 555.0, 573.0, 597.0
1, 1056, 5, 561.0, 578.0, 606.0
1, 1057, 3, 561.0, 578.0, 606.0
1, 1058, 1, 567.0, 583.0, 606.0
1, 1059, 0, 568.0, 584.0, 604.0
1, 1060, 6, 571.0, 587.0, 608.0
1, 1061, 7, 571.0, 586.0, 609.0
1, 1062, 2, 571.0, 587.0, 611.0
1, 1063, 8, 575.0, 589.0, 611.0
1, 1064, 5, 578.0, 592.0, 613.0
1, 1065, 3, 578.0, 593.0, 613.0
1, 1066, 3, 578.0, 593.0, 614.0
1, 1067, 4, 578.0, 593.0, 616.0
1, 1068, 6, 579.0, 591.0, 609.0
1, 1069, 8, 579.0, 594.0, 611.0
1, 1070, 2, 579.0, 591.0, 612.0
1, 1071, 7, 579.0, 594.0, 613.0
1, 1072, 0, 579.0, 591.0, 613.0
1, 1073, 1, 579.0, 591.0, 613.0
1, 1074, 5, 579.0, 593.0, 614.0
1, 1075, 4, 579.0, 593.0, 615.0
1, 1076, 8, 582.0, 595.0, 610.0
1, 1077, 7, 582.0, 595.0, 611.0
1, 1078, 1, 582.0, 594.0, 611.0
1, 1079, 0, 582.0, 595.0, 611.0
1, 1080, 6, 582.0, 594.0, 611.0
1, 1081, 2, 582.0, 595.0, 613.0
1, 1082, 4, 582.0, 595.0, 614.0
1, 1083, 5, 582.0, 595.0, 615.0
1, 1084, 3, 582.0, 596.0, 616.0
2, 1085, 3, 583.0, 626.0, -1
2, 1086, 7, 583.0, 627.0, -1
2, 1087, 1, 583.0, 627.0, -1
2, 1088, 1, 583.0, 627.0, -1
2, 1089, 2, 583.0, 628.0, -1
2, 1090, 2, 583.0, 628.0, -1
2, 1091, 7, 583.0, 628.0, -1
2, 1092, 8, 583.0, 628.0, -1
2, 1093, 7, 583.0, 628.0, -1
2, 1094, 7, 583.0, 629.0, -1
2, 1095, 1, 583.0, 629.0, -1
2, 1096, 3, 583.0, 629.0, -1
2, 1097, 4, 583.0, 630.0, -1
2, 1098, 6, 583.0, 630.0, -1
2, 1099, 4, 583.0, 632.0, -1
2, 1100, 0, 583.0, 633.0, -1
2, 1101, 0, 583.0, 634.0, -1
2, 1102, 0, 583.0, 635.0, -1
2, 1103, 0, 583.0, 635.0, -1
2, 1104, 8, 584.0, 627.0, -1
2, 1105, 6, 584.0, 628.0, -1
2, 1106, 8, 584.0, 628.0, -1
2, 1107, 5, 584.0, 629.0, -1
2, 1108, 7, 584.0, 631.0, -1
2, 1109, 6, 584.0, 631.0, -1
2, 1110, 0, 584.0, 634.0, -1
2, 1111, 2, 586.0, 632.0, -1
2, 1112, 6, 586.0, 633.0, -1
2, 1113, 5, 586.0, 637.0, -1
1, 1114, 1, 587.0, 599.0, 615.0
2, 1115, 4, 587.0, 633.0, -1
2, 1116, 3, 588.0, 635.0, -1
2, 1117, 3, 588.0, 635.0, -1
1, 1118, 0, 589.0, 599.0, 615.0
2, 1119, 1, 589.0, 634.0, -1
2, 1120, 8, 589.0, 636.0, -1
2, 1121, 4, 590.0, 636.0, -1
2, 1122, 5, 590.0, 639.0, -1
2, 1123, 3, 591.0, 637.0, -1
1, 1124, 6, 592.0, 602.0, 618.0
1, 1125, 2, 592.0, 602.0, 620.0
1, 1126, 8, 594.0, 604.0, 620.0
1, 1127, 4, 595.0, 605.0, 619.0
1, 1128, 6, 595.0, 604.0, 619.0
1, 1129, 7, 595.0, 604.0, 619.0
1, 1130, 4, 595.0, 604.0, 620.0
1, 1131, 1, 595.0, 604.0, 621.0
1, 1132, 5, 596.0, 608.0, 624.0
1, 1133, 0, 599.0, 608.0, 629.0
1, 1134, 2, 602.0, 611.0, 625.0
1, 1135, 8, 604.0, 614.0, 627.0
1, 1136, 4, 605.0, 614.0, 627.0
1, 1137, 6, 605.0, 614.0, 628.0
1, 1138, 7, 605.0, 615.0, 629.0
1, 1139, 3, 606.0, 615.0, 628.0
1, 1140, 1, 607.0, 616.0, 628.0
1, 1141, 5, 608.0, 618.0, 630.0
1, 1142, 5, 608.0, 619.0, 631.0
1, 1143, 0, 608.0, 617.0, 633.0
1, 1144, 2, 611.0, 618.0, 632.0
1, 1145, 2, 611.0, 620.0, 632.0
1, 1146, 1, 612.0, 618.0, 631.0
1, 1147, 0, 612.0, 621.0, 637.0
1, 1148, 1, 614.0, 621.0, 633.0
1, 1149, 8, 614.0, 624.0, 633.0
1, 1150, 7, 614.0, 622.0, 633.0
1, 1151, 2, 614.0, 621.0, 633.0
1, 1152, 6, 614.0, 621.0, 634.0
1, 1153, 3, 614.0, 621.0, 634.0
1, 1154, 8, 614.0, 624.0, 634.0
1, 1155, 4, 614.0, 621.0, 634.0
1, 1156, 8, 614.0, 628.0, 637.0
1, 1157, 0, 614.0, 621.0, 637.0
2, 1158, 2, 614.0, 658.0, -1
1, 1159, 6, 615.0, 622.0, 633.0
2, 1160, 1, 615.0, 658.0, -1
2, 1161, 0, 615.0, 663.0, -1
1, 1162, 7, 616.0, 623.0, 634.0
1, 1163, 4, 616.0, 623.0, 634.0
1, 1164, 3, 616.0, 624.0, 635.0
2, 1165, 5, 616.0, 658.0, -1
2, 1166, 5, 616.0, 658.0, -1
1, 1167, 5, 617.0, 624.0, 634.0
1, 1168, 6, 617.0, 624.0, 634.0
1, 1169, 3, 617.0, 624.0, 635.0
1, 1170, 4, 617.0, 624.0, 635.0
1, 1171, 7, 617.0, 625.0, 636.0
2, 1172, 6, 618.0, 666.0, -1
2, 1173, 4, 619.0, 663.0, -1
2, 1174, 7, 619.0, 668.0, -1
2, 1175, 6, 619.0, 669.0, -1
2, 1176, 4, 620.0, 663.0, -1
2, 1177, 8, 620.0, 670.0, -1
1, 1178, 1, 621.0, 628.0, 638.0
1, 1179, 2, 621.0, 628.0, 639.0
1, 1180, 5, 624.0, 632.0, 641.0
1, 1181, 7, 627.0, 634.0, 643.0
1, 1182, 3, 627.0, 634.0, 644.0
1, 1183, 8, 628.0, 634.0, 642.0
1, 1184, 4, 628.0, 634.0, 644.0
1, 1185, 6, 628.0, 635.0, 644.0
1, 1186, 2, 629.0, 635.0, 643.0
1, 1187, 1, 629.0, 637.0, 645.0
1, 1188, 0, 630.0, 637.0, 644.0
1, 1189, 3, 633.0, 637.0, 645.0
1, 1190, 7, 633.0, 637.0, 645.0
1, 1191, 0, 633.0, 637.0, 645.0
1, 1192, 4, 633.0, 637.0, 645.0
1, 1193, 8, 633.0, 637.0, 645.0
1, 1194, 2, 633.0, 637.0, 645.0
1, 1195, 1, 633.0, 637.0, 646.0
1, 1196, 0, 633.0, 640.0, 646.0
1, 1197, 7, 633.0, 640.0, 646.0
1, 1198, 3, 633.0, 640.0, 646.0
1, 1199, 4, 633.0, 640.0, 646.0
1, 1200, 6, 633.0, 641.0, 646.0
1, 1201, 1, 633.0, 640.0, 646.0
1, 1202, 6, 633.0, 637.0, 646.0
1, 1203, 5, 633.0, 637.0, 646.0
1, 1204, 8, 633.0, 638.0, 647.0
1, 1205, 5, 633.0, 640.0, 647.0
1, 1206, 5, 633.0, 640.0, 648.0
1, 1207, 2, 633.0, 640.0, 648.0
2, 1208, 2, 633.0, 675.0, -1
2, 1209, 2, 633.0, 676.0, -1
2, 1210, 1, 633.0, 677.0, -1
2, 1211, 2, 633.0, 677.0, -1
2, 1212, 1, 633.0, 677.0, -1
2, 1213, 7, 633.0, 677.0, -1
2, 1214, 6, 633.0, 677.0, -1
2, 1215, 4, 633.0, 677.0, -1
2, 1216, 2, 633.0, 678.0, -1
2, 1217, 1, 633.0, 678.0, -1
2, 1218, 7, 633.0, 679.0, -1
2, 1219, 8, 633.0, 679.0, -1
2, 1220, 7, 633.0, 679.0, -1
2, 1221, 6, 633.0, 679.0, -1
2, 1222, 7, 633.0, 679.0, -1
2, 1223, 6, 633.0, 679.0, -1
2, 1224, 8, 633.0, 680.0, -1
2, 1225, 8, 633.0, 682.0, -1
2, 1226, 0, 634.0, 676.0, -1
2, 1227, 6, 634.0, 677.0, -1
2, 1228, 1, 634.0, 677.0, -1
2, 1229, 6, 634.0, 677.0, -1
2, 1230, 8, 634.0, 677.0, -1
2, 1231, 4, 634.0, 678.0, -1
2, 1232, 0, 634.0, 679.0, -1
2, 1233, 3, 634.0, 680.0, -1
2, 1234, 5, 634.0, 681.0, -1
1, 1235, 4, 635.0, 638.0, 645.0
1, 1236, 7, 635.0, 639.0, 646.0
1, 1237, 3, 635.0, 639.0, 646.0
2, 1238, 0, 635.0, 677.0, -1
2, 1239, 3, 635.0, 679.0, -1
2, 1240, 0, 635.0, 679.0, -1
2, 1241, 3, 635.0, 680.0, -1
2, 1242, 4, 635.0, 682.0, -1
2, 1243, 3, 635.0, 682.0, -1
1, 1244, 8, 636.0, 640.0, 647.0
2, 1245, 7, 636.0, 680.0, -1
2, 1246, 4, 636.0, 683.0, -1
2, 1247, 0, 637.0, 681.0, -1
2, 1248, 5, 637.0, 686.0, -1
1, 1249, 8, 638.0, 641.0, 648.0
1, 1250, 3, 640.0, 643.0, 649.0
1, 1251, 0, 640.0, 644.0, 650.0
1, 1252, 1, 641.0, 644.0, 649.0
1, 1253, 2, 641.0, 644.0, 649.0
1, 1254, 5, 641.0, 646.0, 652.0
1, 1255, 8, 643.0, 646.0, 651.0
1, 1256, 7, 643.0, 646.0, 651.0
1, 1257, 6, 644.0, 647.0, 652.0
1, 1258, 2, 644.0, 647.0, 652.0
1, 1259, 4, 644.0, 647.0, 652.0
1, 1260, 0, 645.0, 648.0, 652.0
1, 1261, 3, 645.0, 648.0, 653.0
1, 1262, 0, 646.0, 648.0, 652.0
1, 1263, 3, 646.0, 648.0, 652.0
1, 1264, 8, 646.0, 649.0, 652.0
1, 1265, 1, 646.0, 649.0, 653.0
1, 1266, 1, 646.0, 649.0, 653.0
1, 1267, 4, 647.0, 650.0, 651.0
1, 1268, 4, 647.0, 650.0, 651.0
1, 1269, 4, 647.0, 650.0, 651.0
1, 1270, 2, 647.0, 650.0, 652.0
1, 1271, 6, 647.0, 650.0, 652.0
1, 1272, 6, 647.0, 650.0, 653.0
1, 1273, 5, 647.0, 650.0, 653.0
1, 1274, 8, 647.0, 650.0, 653.0
1, 1275, 5, 647.0, 650.0, 653.0
1, 1276, 7, 647.0, 651.0, 653.0
1, 1277, 7, 647.0, 651.0, 653.0
1, 1278, 2, 648.0, 651.0, 652.0
1, 1279, 0, 649.0, 652.0, 652.0
2, 1280, 5, 649.0, 692.0, -1
2, 1281, 5, 649.0, 693.0, -1
2, 1282, 8, 649.0, 693.0, -1
2, 1283, 3, 649.0, 693.0, -1
2, 1284, 1, 649.0, 693.0, -1
2, 1285, 2, 649.0, 694.0, -1
2, 1286, 1, 649.0, 694.0, -1
2, 1287, 8, 649.0, 696.0, -1
2, 1288, 7, 649.0, 699.0, -1
2, 1289, 0, 650.0, 693.0, -1
2, 1290, 3, 650.0, 693.0, -1
2, 1291, 3, 651.0, 697.0, -1
2, 1292, 7, 651.0, 699.0, -1
2, 1293, 0, 652.0, 697.0, -1
2, 1294, 6, 652.0, 698.0, -1
2, 1295, 8, 652.0, 698.0, -1
2, 1296, 4, 652.0, 699.0, -1
2, 1297, 0, 652.0, 700.0, -1
2, 1298, 4, 652.0, 701.0, -1
2, 1299, 4, 652.0, 706.0, -1
3, 1300, 3, 654.0, 697.0, -1
3, 1301, 2, 654.0, 698.0, -1
3, 1302, 2, 654.0, 699.0, -1
3, 1303, 2, 654.0, 699.0, -1
3, 1304, 8, 654.0, 699.0, -1
3, 1305, 1, 654.0, 699.0, -1
3, 1306, 1, 654.0, 699.0, -1
3, 1307, 8, 654.0, 700.0, -1
3, 1308, 5, 654.0, 700.0, -1
3, 1309, 5, 654.0, 701.0, -1
3, 1310, 7, 654.0, 701.0, -1
3, 1311, 5, 654.0, 703.0, -1
3, 1312, 7, 654.0, 703.0, -1
3, 1313, 6, 654.0, 704.0, -1
3, 1314, 4, 654.0, 709.0, -1
3, 1315, 3, 655.0, 702.0, -1
3, 1316, 0, 655.0, 703.0, -1
3, 1317, 6, 655.0, 704.0, -1
3, 1318, 1, 658.0, 702.0, -1
3, 1319, 2, 658.0, 704.0, -1
3, 1320, 5, 658.0, 710.0, -1
3, 1321, 5, 658.0, 715.0, -1
3, 1322, 5, 660.0, 718.0, -1
3, 1323, 4, 663.0, 706.0, -1
3, 1324, 0, 663.0, 707.0, -1
3, 1325, 4, 663.0, 709.0, -1
3, 1326, 6, 666.0, 712.0, -1
3, 1327, 7, 668.0, 713.0, -1
3, 1328, 6, 669.0, 714.0, -1
3, 1329, 8, 670.0, 715.0, -1
3, 1330, 2, 675.0, 719.0, -1
3, 1331, 0, 676.0, 719.0, -1
3, 1332, 2, 676.0, 720.0, -1
3, 1333, 1, 678.0, 721.0, -1
3, 1334, 0, 678.0, 721.0, -1
3, 1335, 1, 678.0, 721.0, -1
3, 1336, 2, 678.0, 721.0, -1
3, 1337, 7, 678.0, 722.0, -1
3, 1338, 6, 678.0, 722.0, -1
3, 1339, 6, 678.0, 722.0, -1
3, 1340, 6, 678.0, 722.0, -1
3, 1341, 1, 678.0, 723.0, -1
3, 1342, 8, 678.0, 723.0, -1
3, 1343, 4, 679.0, 722.0, -1
3, 1344, 1, 679.0, 722.0, -1
3, 1345, 4, 679.0, 723.0, -1
3, 1346, 2, 679.0, 724.0, -1
3, 1347, 0, 680.0, 722.0, -1
3, 1348, 0, 680.0, 723.0, -1
3, 1349, 6, 680.0, 724.0, -1
3, 1350, 8, 680.0, 724.0, -1
3, 1351, 6, 680.0, 724.0, -1
3, 1352, 7, 680.0, 724.0, -1
3, 1353, 3, 680.0, 725.0, -1
3, 1354, 7, 680.0, 725.0, -1
3, 1355, 7, 680.0, 726.0, -1
3, 1356, 8, 681.0, 724.0, -1
3, 1357, 7, 681.0, 725.0, -1
3, 1358, 3, 681.0, 725.0, -1
3, 1359, 3, 681.0, 725.0, -1
3, 1360, 0, 682.0, 724.0, -1
3, 1361, 5, 682.0, 728.0, -1
3, 1362, 4, 683.0, 726.0, -1
3, 1363, 3, 683.0, 727.0, -1
3, 1364, 8, 683.0, 728.0, -1
3, 1365, 4, 684.0, 727.0, -1
3, 1366, 5, 687.0, 739.0, -1
3, 1367, 5, 693.0, 735.0, -1
3, 1368, 3, 694.0, 737.0, -1
3, 1369, 3, 694.0, 738.0, -1
3, 1370, 1, 694.0, 738.0, -1
3, 1371, 0, 694.0, 739.0, -1
3, 1372, 5, 694.0, 741.0, -1
3, 1373, 8, 694.0, 742.0, -1
3, 1374, 2, 695.0, 737.0, -1
3, 1375, 1, 695.0, 738.0, -1
3, 1376, 8, 697.0, 741.0, -1
3, 1377, 3, 698.0, 740.0, -1
3, 1378, 3, 698.0, 741.0, -1
3, 1379, 0, 698.0, 742.0, -1
3, 1380, 2, 699.0, 743.0, -1
3, 1381, 8, 699.0, 745.0, -1
3, 1382, 6, 699.0, 745.0, -1
3, 1383, 2, 700.0, 743.0, -1
3, 1384, 4, 700.0, 743.0, -1
3, 1385, 1, 700.0, 744.0, -1
3, 1386, 1, 700.0, 745.0, -1
3, 1387, 8, 700.0, 745.0, -1
3, 1388, 2, 700.0, 747.0, -1
3, 1389, 7, 700.0, 749.0, -1
3, 1390, 7, 700.0, 749.0, -1
3, 1391, 5, 701.0, 742.0, -1
3, 1392, 0, 701.0, 744.0, -1
3, 1393, 8, 701.0, 751.0, -1
3, 1394, 5, 702.0, 744.0, -1
3, 1395, 7, 702.0, 748.0, -1
3, 1396, 4, 702.0, 756.0, -1
3, 1397, 3, 703.0, 745.0, -1
3, 1398, 1, 703.0, 747.0, -1
3, 1399, 0, 704.0, 748.0, -1
3, 1400, 6, 704.0, 751.0, -1
3, 1401, 7, 704.0, 751.0, -1
3, 1402, 5, 704.0, 755.0, -1
3, 1403, 2, 705.0, 749.0, -1
3, 1404, 6, 705.0, 749.0, -1
3, 1405, 4, 707.0, 752.0, -1
3, 1406, 4, 707.0, 752.0, -1
3, 1407, 0, 708.0, 751.0, -1
3, 1408, 4, 709.0, 761.0, -1
3, 1409, 4, 710.0, 761.0, -1
2, 1410, 5, 711.0, 779.0, 902.0
2, 1411, 7, 713.0, 761.0, 848.0
2, 1412, 6, 713.0, 764.0, 854.0
2, 1413, 8, 716.0, 760.0, 838.0
2, 1414, 0, 719.0, 759.0, 824.0
2, 1415, 2, 720.0, 757.0, 821.0
2, 1416, 1, 722.0, 758.0, 816.0
2, 1417, 4, 723.0, 760.0, 819.0
2, 1418, 6, 726.0, 757.0, 802.0
2, 1419, 7, 726.0, 758.0, 803.0
2, 1420, 8, 726.0, 758.0, 804.0
2, 1421, 1, 726.0, 757.0, 809.0
2, 1422, 0, 726.0, 756.0, 813.0
2, 1423, 4, 726.0, 758.0, 814.0
2, 1424, 2, 726.0, 756.0, 816.0
2, 1425, 3, 726.0, 761.0, 816.0
2, 1426, 3, 726.0, 760.0, 826.0
2, 1427, 0, 727.0, 752.0, 790.0
2, 1428, 8, 727.0, 752.0, 792.0
2, 1429, 7, 727.0, 753.0, 794.0
2, 1430, 6, 727.0, 753.0, 795.0
2, 1431, 2, 727.0, 754.0, 796.0
2, 1432, 5, 727.0, 754.0, 798.0
2, 1433, 5, 727.0, 754.0, 799.0
2, 1434, 1, 727.0, 754.0, 799.0
2, 1435, 3, 727.0, 756.0, 801.0
2, 1436, 4, 727.0, 756.0, 802.0
3, 1437, 0, 727.0, 768.0, -1
3, 1438, 0, 727.0, 770.0, -1
3, 1439, 1, 727.0, 770.0, -1
3, 1440, 6, 727.0, 770.0, -1
3, 1441, 6, 727.0, 771.0, -1
3, 1442, 6, 727.0, 772.0, -1
3, 1443, 6, 727.0, 773.0, -1
3, 1444, 2, 727.0, 774.0, -1
3, 1445, 3, 727.0, 775.0, -1
3, 1446, 7, 727.0, 776.0, -1
3, 1447, 8, 727.0, 776.0, -1
3, 1448, 7, 727.0, 777.0, -1
3, 1449, 7, 727.0, 777.0, -1
3, 1450, 4, 728.0, 778.0, -1
3, 1451, 5, 728.0, 782.0, -1
3, 1452, 8, 729.0, 780.0, -1
3, 1453, 5, 736.0, 781.0, -1
3, 1454, 3, 737.0, 783.0, -1
3, 1455, 2, 738.0, 784.0, -1
3, 1456, 1, 738.0, 784.0, -1
3, 1457, 0, 739.0, 784.0, -1
3, 1458, 3, 739.0, 785.0, -1
3, 1459, 1, 739.0, 785.0, -1
3, 1460, 5, 740.0, 784.0, -1
3, 1461, 3, 741.0, 786.0, -1
3, 1462, 5, 742.0, 785.0, -1
3, 1463, 8, 742.0, 787.0, -1
3, 1464, 3, 742.0, 789.0, -1
3, 1465, 8, 742.0, 789.0, -1
3, 1466, 0, 743.0, 788.0, -1
3, 1467, 5, 743.0, 788.0, -1
3, 1468, 4, 744.0, 789.0, -1
3, 1469, 2, 744.0, 789.0, -1
3, 1470, 1, 744.0, 790.0, -1
3, 1471, 2, 744.0, 791.0, -1
3, 1472, 0, 745.0, 792.0, -1
3, 1473, 8, 745.0, 793.0, -1
3, 1474, 5, 745.0, 801.0, -1
3, 1475, 8, 746.0, 789.0, -1
3, 1476, 3, 746.0, 791.0, -1
3, 1477, 1, 746.0, 792.0, -1
3, 1478, 6, 746.0, 793.0, -1
3, 1479, 1, 748.0, 793.0, -1
3, 1480, 2, 748.0, 795.0, -1
3, 1481, 7, 749.0, 792.0, -1
3, 1482, 0, 749.0, 792.0, -1
3, 1483, 7, 749.0, 796.0, -1
3, 1484, 7, 750.0, 794.0, -1
3, 1485, 2, 750.0, 796.0, -1
3, 1486, 6, 750.0, 800.0, -1
3, 1487, 8, 751.0, 796.0, -1
3, 1488, 0, 752.0, 795.0, -1
3, 1489, 6, 752.0, 797.0, -1
3, 1490, 4, 752.0, 797.0, -1
3, 1491, 4, 752.0, 797.0, -1
3, 1492, 7, 752.0, 797.0, -1
2, 1493, 5, 755.0, 785.0, 828.0
3, 1494, 4, 756.0, 811.0, -1
2, 1495, 4, 762.0, 788.0, 830.0
2, 1496, 0, 768.0, 790.0, 827.0
2, 1497, 1, 771.0, 794.0, 832.0
2, 1498, 6, 771.0, 795.0, 832.0
2, 1499, 2, 775.0, 798.0, 839.0
2, 1500, 7, 776.0, 800.0, 835.0
2, 1501, 8, 776.0, 799.0, 835.0
2, 1502, 3, 776.0, 799.0, 838.0
2, 1503, 7, 781.0, 804.0, 837.0
2, 1504, 8, 781.0, 805.0, 838.0
2, 1505, 3, 783.0, 806.0, 843.0
2, 1506, 6, 784.0, 806.0, 840.0
2, 1507, 2, 784.0, 808.0, 844.0
2, 1508, 7, 785.0, 806.0, 837.0
2, 1509, 0, 785.0, 807.0, 838.0
2, 1510, 0, 785.0, 806.0, 840.0
2, 1511, 5, 785.0, 806.0, 840.0
2, 1512, 1, 785.0, 808.0, 844.0
2, 1513, 4, 785.0, 809.0, 845.0
2, 1514, 1, 786.0, 805.0, 835.0
2, 1515, 5, 786.0, 806.0, 839.0
2, 1516, 5, 786.0, 807.0, 841.0
2, 1517, 4, 786.0, 807.0, 841.0
3, 1518, 5, 786.0, 832.0, -1
3, 1519, 0, 788.0, 835.0, -1
3, 1520, 5, 789.0, 843.0, -1
2, 1521, 6, 790.0, 807.0, 833.0
2, 1522, 8, 790.0, 807.0, 833.0
2, 1523, 3, 790.0, 807.0, 837.0
2, 1524, 4, 790.0, 810.0, 839.0
2, 1525, 2, 790.0, 809.0, 840.0
3, 1526, 6, 790.0, 835.0, -1
3, 1527, 1, 790.0, 835.0, -1
3, 1528, 8, 790.0, 835.0, -1
3, 1529, 8, 790.0, 837.0, -1
3, 1530, 3, 790.0, 837.0, -1
3, 1531, 3, 790.0, 841.0, -1
3, 1532, 0, 790.0, 841.0, -1
3, 1533, 2, 791.0, 837.0, -1
3, 1534, 3, 791.0, 840.0, -1
2, 1535, 0, 792.0, 809.0, 834.0
3, 1536, 1, 792.0, 838.0, -1
3, 1537, 8, 792.0, 840.0, -1
3, 1538, 0, 792.0, 841.0, -1
3, 1539, 7, 792.0, 841.0, -1
3, 1540, 1, 793.0, 838.0, -1
3, 1541, 6, 793.0, 840.0, -1
3, 1542, 8, 793.0, 842.0, -1
3, 1543, 7, 794.0, 838.0, -1
3, 1544, 2, 795.0, 842.0, -1
3, 1545, 7, 795.0, 843.0, -1
2, 1546, 6, 796.0, 813.0, 839.0
3, 1547, 0, 796.0, 840.0, -1
3, 1548, 2, 796.0, 842.0, -1
3, 1549, 8, 797.0, 841.0, -1
3, 1550, 4, 797.0, 841.0, -1
3, 1551, 6, 797.0, 842.0, -1
3, 1552, 2, 797.0, 843.0, -1
3, 1553, 4, 797.0, 843.0, -1
3, 1554, 7, 797.0, 845.0, -1
3, 1555, 7, 797.0, 848.0, -1
3, 1556, 5, 798.0, 845.0, -1
3, 1557, 5, 799.0, 852.0, -1
3, 1558, 6, 800.0, 845.0, -1
3, 1559, 5, 801.0, 852.0, -1
2, 1560, 3, 802.0, 819.0, 847.0
3, 1561, 6, 802.0, 847.0, -1
3, 1562, 4, 803.0, 847.0, -1
2, 1563, 8, 805.0, 821.0, 844.0
2, 1564, 7, 805.0, 822.0, 845.0
2, 1565, 1, 806.0, 822.0, 849.0
2, 1566, 4, 812.0, 828.0, 855.0
2, 1567, 0, 814.0, 829.0, 851.0
2, 1568, 2, 816.0, 833.0, 857.0
2, 1569, 3, 820.0, 835.0, 860.0
2, 1570, 1, 823.0, 837.0, 860.0
2, 1571, 4, 829.0, 844.0, 868.0
2, 1572, 5, 829.0, 845.0, 869.0
2, 1573, 0, 830.0, 844.0, 865.0
2, 1574, 8, 833.0, 847.0, 866.0
2, 1575, 6, 833.0, 849.0, 868.0
2, 1576, 2, 834.0, 849.0, 871.0
2, 1577, 7, 835.0, 849.0, 868.0
2, 1578, 3, 835.0, 849.0, 870.0
2, 1579, 7, 837.0, 849.0, 869.0
2, 1580, 1, 837.0, 851.0, 870.0
2, 1581, 3, 837.0, 849.0, 870.0
2, 1582, 1, 837.0, 852.0, 871.0
2, 1583, 0, 838.0, 850.0, 868.0
2, 1584, 8, 838.0, 850.0, 868.0
2, 1585, 6, 838.0, 850.0, 869.0
2, 1586, 3, 838.0, 850.0, 870.0
2, 1587, 5, 838.0, 850.0, 870.0
2, 1588, 4, 838.0, 851.0, 871.0
2, 1589, 2, 838.0, 850.0, 873.0
3, 1590, 3, 838.0, 886.0, -1
3, 1591, 0, 839.0, 881.0, -1
3, 1592, 1, 839.0, 882.0, -1
3, 1593, 8, 839.0, 882.0, -1
3, 1594, 4, 839.0, 882.0, -1
3, 1595, 1, 839.0, 883.0, -1
3, 1596, 6, 839.0, 883.0, -1
3, 1597, 1, 839.0, 884.0, -1
3, 1598, 7, 839.0, 884.0, -1
3, 1599, 8, 839.0, 884.0, -1
3, 1600, 8, 839.0, 884.0, -1
3, 1601, 0, 839.0, 886.0, -1
2, 1602, 5, 840.0, 850.0, 867.0
2, 1603, 6, 840.0, 853.0, 868.0
2, 1604, 4, 840.0, 851.0, 868.0
2, 1605, 8, 840.0, 853.0, 868.0
2, 1606, 0, 840.0, 850.0, 868.0
2, 1607, 1, 840.0, 853.0, 869.0
2, 1608, 7, 840.0, 852.0, 869.0
2, 1609, 2, 840.0, 852.0, 870.0
3, 1610, 0, 840.0, 882.0, -1
3, 1611, 0, 840.0, 883.0, -1
3, 1612, 8, 840.0, 884.0, -1
3, 1613, 2, 840.0, 884.0, -1
3, 1614, 5, 840.0, 884.0, -1
3, 1615, 6, 840.0, 885.0, -1
3, 1616, 3, 840.0, 886.0, -1
3, 1617, 6, 840.0, 888.0, -1
3, 1618, 7, 841.0, 885.0, -1
3, 1619, 0, 841.0, 885.0, -1
3, 1620, 0, 841.0, 885.0, -1
3, 1621, 8, 841.0, 886.0, -1
3, 1622, 5, 841.0, 887.0, -1
3, 1623, 3, 841.0, 887.0, -1
3, 1624, 4, 841.0, 887.0, -1
3, 1625, 4, 841.0, 891.0, -1
3, 1626, 6, 842.0, 886.0, -1
3, 1627, 8, 842.0, 886.0, -1
3, 1628, 2, 842.0, 887.0, -1
3, 1629, 2, 842.0, 889.0, -1
3, 1630, 2, 843.0, 887.0, -1
3, 1631, 7, 843.0, 890.0, -1
3, 1632, 5, 843.0, 901.0, -1
3, 1633, 3, 844.0, 890.0, -1
3, 1634, 1, 844.0, 891.0, -1
3, 1635, 2, 844.0, 893.0, -1
3, 1636, 4, 844.0, 893.0, -1
3, 1637, 8, 844.0, 894.0, -1
3, 1638, 7, 845.0, 890.0, -1
3, 1639, 7, 845.0, 893.0, -1
2, 1640, 5, 846.0, 858.0, 875.0
2, 1641, 4, 846.0, 857.0, 875.0
3, 1642, 6, 846.0, 892.0, -1
3, 1643, 6, 847.0, 890.0, -1
3, 1644, 4, 847.0, 898.0, -1
3, 1645, 3, 848.0, 891.0, -1
3, 1646, 7, 848.0, 897.0, -1
3, 1647, 7, 848.0, 897.0, -1
3, 1648, 1, 849.0, 894.0, -1
2, 1649, 0, 851.0, 860.0, 876.0
2, 1650, 6, 854.0, 864.0, 879.0
2, 1651, 4, 858.0, 868.0, 882.0
2, 1652, 2, 858.0, 867.0, 883.0
2, 1653, 5, 859.0, 871.0, 887.0
2, 1654, 1, 860.0, 869.0, 885.0
2, 1655, 3, 861.0, 870.0, 884.0
2, 1656, 0, 865.0, 874.0, 887.0
2, 1657, 8, 866.0, 875.0, 888.0
2, 1658, 6, 868.0, 877.0, 890.0
2, 1659, 4, 868.0, 878.0, 891.0
2, 1660, 7, 869.0, 878.0, 891.0
2, 1661, 3, 870.0, 879.0, 891.0
2, 1662, 1, 870.0, 879.0, 892.0
2, 1663, 0, 871.0, 878.0, 890.0
2, 1664, 8, 871.0, 878.0, 890.0
2, 1665, 3, 871.0, 878.0, 891.0
2, 1666, 6, 871.0, 879.0, 891.0
2, 1667, 7, 871.0, 879.0, 891.0
2, 1668, 4, 871.0, 878.0, 891.0
2, 1669, 3, 871.0, 881.0, 892.0
2, 1670, 5, 871.0, 879.0, 892.0
2, 1671, 5, 871.0, 879.0, 892.0
2, 1672, 1, 871.0, 879.0, 892.0
2, 1673, 5, 871.0, 879.0, 892.0
2, 1674, 2, 871.0, 881.0, 892.0
2, 1675, 2, 871.0, 880.0, 892.0
3, 1676, 5, 872.0, 916.0, -1
2, 1677, 0, 873.0, 880.0, 890.0
2, 1678, 1, 873.0, 880.0, 891.0
2, 1679, 8, 873.0, 880.0, 892.0
2, 1680, 7, 873.0, 881.0, 892.0
2, 1681, 6, 873.0, 880.0, 892.0
2, 1682, 4, 873.0, 880.0, 893.0
2, 1683, 2, 873.0, 880.0, 893.0
3, 1684, 4, 876.0, 928.0, -1
3, 1685, 5, 876.0, 929.0, -1
2, 1686, 0, 879.0, 886.0, 896.0
2, 1687, 6, 881.0, 888.0, 899.0
2, 1688, 1, 882.0, 889.0, 900.0
2, 1689, 4, 883.0, 890.0, 900.0
2, 1690, 8, 883.0, 890.0, 900.0
2, 1691, 2, 883.0, 890.0, 900.0
2, 1692, 7, 884.0, 891.0, 900.0
2, 1693, 3, 884.0, 891.0, 901.0
2, 1694, 5, 885.0, 892.0, 902.0
2, 1695, 0, 886.0, 893.0, 902.0
2, 1696, 0, 886.0, 893.0, 902.0
2, 1697, 8, 887.0, 894.0, 901.0
2, 1698, 1, 887.0, 893.0, 901.0
2, 1699, 6, 887.0, 894.0, 901.0
2, 1700, 4, 887.0, 894.0, 902.0
2, 1701, 3, 887.0, 893.0, 902.0
2, 1702, 2, 887.0, 894.0, 902.0
2, 1703, 7, 887.0, 894.0, 902.0
2, 1704, 5, 887.0, 894.0, 903.0
2, 1705, 6, 889.0, 896.0, 902.0
2, 1706, 6, 889.0, 896.0, 902.0
2, 1707, 1, 889.0, 896.0, 902.0
2, 1708, 1, 889.0, 895.0, 903.0
3, 1709, 6, 889.0, 934.0, -1
2, 1710, 4, 890.0, 896.0, 902.0
2, 1711, 8, 890.0, 897.0, 902.0
2, 1712, 8, 890.0, 897.0, 903.0
2, 1713, 2, 890.0, 897.0, 903.0
3, 1714, 6, 890.0, 937.0, -1
2, 1715, 0, 891.0, 894.0, 901.0
2, 1716, 5, 891.0, 894.0, 903.0
2, 1717, 2, 891.0, 894.0, 903.0
2, 1718, 7, 891.0, 895.0, 903.0
2, 1719, 3, 891.0, 895.0, 903.0
2, 1720, 7, 891.0, 898.0, 903.0
2, 1721, 4, 891.0, 895.0, 903.0
2, 1722, 3, 891.0, 898.0, 904.0
3, 1723, 8, 891.0, 934.0, -1
3, 1724, 6, 891.0, 935.0, -1
3, 1725, 8, 891.0, 936.0, -1
3, 1726, 8, 891.0, 938.0, -1
3, 1727, 8, 891.0, 938.0, -1
2, 1728, 5, 892.0, 896.0, 904.0
3, 1729, 1, 892.0, 935.0, -1
3, 1730, 4, 892.0, 935.0, -1
3, 1731, 4, 892.0, 935.0, -1
3, 1732, 5, 892.0, 936.0, -1
3, 1733, 1, 892.0, 936.0, -1
3, 1734, 3, 892.0, 936.0, -1
3, 1735, 3, 892.0, 936.0, -1
3, 1736, 3, 892.0, 936.0, -1
3, 1737, 3, 892.0, 936.0, -1
3, 1738, 3, 892.0, 937.0, -1
3, 1739, 7, 892.0, 937.0, -1
3, 1740, 2, 892.0, 937.0, -1
3, 1741, 6, 892.0, 938.0, -1
3, 1742, 0, 892.0, 939.0, -1
3, 1743, 0, 892.0, 939.0, -1
3, 1744, 0, 892.0, 939.0, -1
3, 1745, 0, 892.0, 940.0, -1
3, 1746, 0, 892.0, 941.0, -1
3, 1747, 7, 892.0, 942.0, -1
3, 1748, 0, 892.0, 942.0, -1
3, 1749, 2, 893.0, 935.0, -1
3, 1750, 4, 893.0, 936.0, -1
3, 1751, 1, 893.0, 936.0, -1
3, 1752, 1, 893.0, 936.0, -1
3, 1753, 2, 893.0, 937.0, -1
3, 1754, 6, 893.0, 937.0, -1
3, 1755, 7, 893.0, 938.0, -1
3, 1756, 6, 893.0, 938.0, -1
3, 1757, 8, 893.0, 942.0, -1
3, 1758, 5, 893.0, 946.0, -1
3, 1759, 2, 894.0, 937.0, -1
3, 1760, 2, 894.0, 938.0, -1
3, 1761, 8, 894.0, 939.0, -1
3, 1762, 7, 894.0, 939.0, -1
3, 1763, 4, 894.0, 942.0, -1
2, 1764, 1, 896.0, 900.0, 907.0
2, 1765, 0, 897.0, 901.0, 908.0
2, 1766, 4, 898.0, 902.0, 909.0
2, 1767, 7, 899.0, 903.0, 909.0
2, 1768, 1, 900.0, 903.0, 909.0
2, 1769, 6, 900.0, 904.0, 910.0
2, 1770, 3, 901.0, 904.0, 909.0
2, 1771, 5, 901.0, 904.0, 910.0
2, 1772, 2, 901.0, 904.0, 910.0
2, 1773, 8, 901.0, 904.0, 910.0
2, 1774, 7, 902.0, 905.0, 909.0
2, 1775, 1, 902.0, 905.0, 909.0
2, 1776, 8, 902.0, 905.0, 909.0
2, 1777, 6, 902.0, 905.0, 909.0
2, 1778, 2, 902.0, 905.0, 909.0
2, 1779, 5, 902.0, 905.0, 910.0
2, 1780, 4, 902.0, 905.0, 910.0
2, 1781, 0, 902.0, 905.0, 910.0
2, 1782, 0, 902.0, 905.0, 910.0
2, 1783, 4, 902.0, 905.0, 910.0
2, 1784, 3, 902.0, 906.0, 911.0
2, 1785, 7, 903.0, 906.0, 909.0
2, 1786, 7, 903.0, 907.0, 909.0
2, 1787, 1, 903.0, 906.0, 909.0
2, 1788, 6, 903.0, 907.0, 909.0
2, 1789, 8, 903.0, 907.0, 910.0
3, 1790, 1, 903.0, 949.0, -1
3, 1791, 6, 903.0, 950.0, -1
4, 1792, 8, 903.0, 950.0, -1
4, 1793, 7, 903.0, 951.0, -1
2, 1794, 3, 904.0, 907.0, 909.0
2, 1795, 5, 904.0, 907.0, 909.0
2, 1796, 2, 904.0, 907.0, 909.0
4, 1797, 7, 904.0, 951.0, -1
2, 1798, 0, 905.0, 908.0, 909.0
2, 1799, 4, 905.0, 908.0, 909.0
2, 1800, 5, 905.0, 908.0, 909.0
2, 1801, 5, 905.0, 908.0, 910.0
2, 1802, 2, 905.0, 908.0, 910.0
4, 1803, 5, 905.0, 948.0, -1
4, 1804, 3, 907.0, 951.0, -1
4, 1805, 1, 907.0, 952.0, -1
4, 1806, 4, 907.0, 953.0, -1
4, 1807, 0, 908.0, 952.0, -1
4, 1808, 3, 909.0, 952.0, -1
4, 1809, 4, 909.0, 953.0, -1
4, 1810, 1, 909.0, 953.0, -1
4, 1811, 8, 909.0, 953.0, -1
4, 1812, 7, 909.0, 954.0, -1
4, 1813, 6, 909.0, 954.0, -1
4, 1814, 3, 910.0, 953.0, -1
4, 1815, 7, 910.0, 953.0, -1
4, 1816, 2, 910.0, 954.0, -1
4, 1817, 1, 910.0, 954.0, -1
4, 1818, 2, 910.0, 955.0, -1
4, 1819, 2, 910.0, 955.0, -1
4, 1820, 5, 910.0, 955.0, -1
4, 1821, 5, 910.0, 955.0, -1
4, 1822, 1, 910.0, 956.0, -1
4, 1823, 2, 910.0, 956.0, -1
4, 1824, 6, 910.0, 956.0, -1
4, 1825, 8, 910.0, 956.0, -1
4, 1826, 0, 910.0, 957.0, -1
4, 1827, 4, 910.0, 957.0, -1
4, 1828, 7, 910.0, 957.0, -1
4, 1829, 6, 910.0, 958.0, -1
4, 1830, 7, 910.0, 958.0, -1
4, 1831, 5, 910.0, 959.0, -1
4, 1832, 8, 910.0, 960.0, -1
4, 1833, 5, 910.0, 962.0, -1
4, 1834, 5, 910.0, 962.0, -1
4, 1835, 4, 910.0, 963.0, -1
4, 1836, 3, 911.0, 954.0, -1
4, 1837, 4, 911.0, 961.0, -1
4, 1838, 0, 911.0, 961.0, -1
4, 1839, 0, 911.0, 964.0, -1
4, 1840, 5, 916.0, 967.0, -1
4, 1841, 1, 918.0, 965.0, -1
4, 1842, 4, 929.0, 977.0, -1
4, 1843, 5, 929.0, 980.0, -1
4, 1844, 8, 934.0, 980.0, -1
4, 1845, 6, 934.0, 982.0, -1
4, 1846, 1, 935.0, 981.0, -1
4, 1847, 6, 935.0, 982.0, -1
4, 1848, 4, 936.0, 979.0, -1
4, 1849, 4, 936.0, 980.0, -1
4, 1850, 1, 936.0, 980.0, -1
4, 1851, 1, 936.0, 980.0, -1
4, 1852, 4, 936.0, 980.0, -1
4, 1853, 1, 936.0, 981.0, -1
4, 1854, 2, 936.0, 982.0, -1
4, 1855, 8, 936.0, 983.0, -1
4, 1856, 5, 936.0, 985.0, -1
4, 1857, 2, 937.0, 980.0, -1
4, 1858, 3, 937.0, 981.0, -1
4, 1859, 3, 937.0, 982.0, -1
4, 1860, 3, 937.0, 982.0, -1
4, 1861, 2, 937.0, 983.0, -1
4, 1862, 6, 937.0, 983.0, -1
4, 1863, 2, 937.0, 983.0, -1
4, 1864, 7, 937.0, 984.0, -1
4, 1865, 3, 937.0, 984.0, -1
4, 1866, 6, 937.0, 984.0, -1
4, 1867, 3, 937.0, 984.0, -1
4, 1868, 8, 938.0, 981.0, -1
4, 1869, 7, 938.0, 982.0, -1
4, 1870, 2, 938.0, 984.0, -1
4, 1871, 8, 938.0, 986.0, -1
4, 1872, 0, 939.0, 980.0, -1
4, 1873, 0, 939.0, 982.0, -1
4, 1874, 0, 939.0, 982.0, -1
4, 1875, 6, 939.0, 984.0, -1
4, 1876, 6, 939.0, 985.0, -1
4, 1877, 8, 939.0, 988.0, -1
4, 1878, 7, 940.0, 985.0, -1
4, 1879, 0, 940.0, 985.0, -1
4, 1880, 0, 941.0, 985.0, -1
4, 1881, 0, 942.0, 984.0, -1
4, 1882, 7, 942.0, 987.0, -1
4, 1883, 4, 942.0, 987.0, -1
4, 1884, 8, 942.0, 988.0, -1
4, 1885, 5, 947.0, 992.0, -1
4, 1886, 5, 948.0, 1000.0, -1
4, 1887, 1, 949.0, 993.0, -1
4, 1888, 8, 950.0, 996.0, -1
4, 1889, 6, 950.0, 997.0, -1
4, 1890, 7, 951.0, 998.0, -1
4, 1891, 3, 952.0, 996.0, -1
4, 1892, 3, 952.0, 997.0, -1
4, 1893, 7, 952.0, 998.0, -1
4, 1894, 1, 952.0, 998.0, -1
4, 1895, 0, 952.0, 999.0, -1
4, 1896, 4, 953.0, 998.0, -1
4, 1897, 4, 953.0, 999.0, -1
3, 1898, 8, 954.0, 999.0, 1072.0
3, 1899, 7, 954.0, 1002.0, 1089.0
3, 1900, 1, 954.0, 1006.0, 1096.0
3, 1901, 3, 954.0, 1018.0, 1132.0
3, 1902, 6, 955.0, 991.0, 1057.0
3, 1903, 2, 955.0, 996.0, 1070.0
3, 1904, 5, 956.0, 992.0, 1056.0
3, 1905, 4, 958.0, 992.0, 1045.0
3, 1906, 0, 958.0, 992.0, 1045.0
3, 1907, 1, 962.0, 990.0, 1037.0
3, 1908, 8, 962.0, 994.0, 1039.0
3, 1909, 7, 962.0, 993.0, 1039.0
3, 1910, 0, 962.0, 992.0, 1043.0
3, 1911, 5, 962.0, 993.0, 1044.0
3, 1912, 6, 962.0, 994.0, 1048.0
3, 1913, 4, 962.0, 995.0, 1048.0
3, 1914, 2, 962.0, 994.0, 1050.0
4, 1915, 5, 964.0, 1009.0, -1
4, 1916, 2, 964.0, 1012.0, -1
4, 1917, 7, 964.0, 1013.0, -1
4, 1918, 5, 964.0, 1020.0, -1
3, 1919, 6, 965.0, 991.0, 1032.0
3, 1920, 7, 965.0, 992.0, 1033.0
3, 1921, 8, 965.0, 993.0, 1033.0
3, 1922, 0, 965.0, 993.0, 1035.0
3, 1923, 5, 965.0, 994.0, 1036.0
3, 1924, 2, 965.0, 990.0, 1036.0
3, 1925, 4, 965.0, 996.0, 1037.0
3, 1926, 1, 965.0, 991.0, 1041.0
3, 1927, 3, 965.0, 993.0, 1042.0
4, 1928, 1, 966.0, 1014.0, -1
4, 1929, 5, 967.0, 1022.0, -1
4, 1930, 4, 977.0, 1024.0, -1
4, 1931, 4, 980.0, 1024.0, -1
4, 1932, 4, 980.0, 1024.0, -1
4, 1933, 4, 980.0, 1025.0, -1
4, 1934, 1, 980.0, 1026.0, -1
4, 1935, 1, 980.0, 1026.0, -1
4, 1936, 2, 980.0, 1027.0, -1
4, 1937, 5, 980.0, 1028.0, -1
4, 1938, 8, 980.0, 1029.0, -1
3, 1939, 3, 981.0, 1007.0, 1054.0
4, 1940, 0, 981.0, 1024.0, -1
4, 1941, 1, 981.0, 1026.0, -1
4, 1942, 8, 981.0, 1026.0, -1
4, 1943, 1, 981.0, 1027.0, -1
4, 1944, 0, 982.0, 1025.0, -1
4, 1945, 0, 982.0, 1025.0, -1
4, 1946, 2, 982.0, 1029.0, -1
4, 1947, 6, 982.0, 1029.0, -1
4, 1948, 6, 983.0, 1027.0, -1
4, 1949, 8, 983.0, 1027.0, -1
4, 1950, 7, 983.0, 1028.0, -1
4, 1951, 6, 983.0, 1028.0, -1
4, 1952, 2, 983.0, 1028.0, -1
4, 1953, 2, 983.0, 1032.0, -1
4, 1954, 0, 984.0, 1026.0, -1
4, 1955, 3, 984.0, 1027.0, -1
4, 1956, 3, 984.0, 1029.0, -1
4, 1957, 7, 984.0, 1029.0, -1
4, 1958, 6, 984.0, 1030.0, -1
4, 1959, 3, 984.0, 1031.0, -1
4, 1960, 3, 984.0, 1031.0, -1
4, 1961, 2, 984.0, 1032.0, -1
4, 1962, 6, 984.0, 1033.0, -1
4, 1963, 0, 985.0, 1028.0, -1
4, 1964, 0, 985.0, 1029.0, -1
4, 1965, 6, 985.0, 1030.0, -1
4, 1966, 7, 985.0, 1031.0, -1
4, 1967, 5, 985.0, 1038.0, -1
4, 1968, 8, 986.0, 1032.0, -1
4, 1969, 4, 987.0, 1033.0, -1
4, 1970, 7, 987.0, 1036.0, -1
4, 1971, 8, 988.0, 1033.0, -1
4, 1972, 8, 988.0, 1038.0, -1
4, 1973, 5, 992.0, 1038.0, -1
3, 1974, 6, 998.0, 1023.0, 1062.0
3, 1975, 4, 998.0, 1022.0, 1063.0
3, 1976, 0, 1000.0, 1023.0, 1059.0
3, 1977, 8, 1000.0, 1023.0, 1062.0
3, 1978, 5, 1001.0, 1027.0, 1067.0
3, 1979, 7, 1003.0, 1026.0, 1064.0
3, 1980, 1, 1006.0, 1028.0, 1074.0
3, 1981, 2, 1013.0, 1037.0, 1075.0
3, 1982, 3, 1019.0, 1044.0, 1083.0
3, 1983, 3, 1019.0, 1044.0, 1086.0
3, 1984, 4, 1023.0, 1046.0, 1082.0
3, 1985, 0, 1025.0, 1047.0, 1079.0
3, 1986, 8, 1027.0, 1049.0, 1082.0
3, 1987, 6, 1027.0, 1049.0, 1083.0
3, 1988, 7, 1027.0, 1049.0, 1083.0
3, 1989, 5, 1028.0, 1050.0, 1086.0
3, 1990, 5, 1028.0, 1052.0, 1087.0
3, 1991, 1, 1029.0, 1048.0, 1076.0
3, 1992, 1, 1029.0, 1050.0, 1077.0
3, 1993, 8, 1029.0, 1048.0, 1079.0
3, 1994, 1, 1029.0, 1049.0, 1080.0
3, 1995, 4, 1029.0, 1048.0, 1080.0
3, 1996, 2, 1029.0, 1048.0, 1081.0
3, 1997, 6, 1029.0, 1050.0, 1081.0
3, 1998, 7, 1029.0, 1050.0, 1082.0
3, 1999, 0, 1029.0, 1049.0, 1082.0
4, 2000, 1, 1029.0, 1074.0, -1
4, 2001, 1, 1029.0, 1075.0, -1
4, 2002, 1, 1029.0, 1076.0, -1
3, 2003, 0, 1030.0, 1047.0, 1072.0
3, 2004, 6, 1030.0, 1047.0, 1072.0
3, 2005, 7, 1030.0, 1048.0, 1072.0
3, 2006, 4, 1030.0, 1047.0, 1074.0
3, 2007, 8, 1030.0, 1048.0, 1074.0
3, 2008, 3, 1030.0, 1047.0, 1075.0
3, 2009, 5, 1030.0, 1048.0, 1078.0
3, 2010, 2, 1030.0, 1047.0, 1079.0
4, 2011, 0, 1030.0, 1070.0, -1
4, 2012, 0, 1030.0, 1072.0, -1
4, 2013, 0, 1030.0, 1072.0, -1
4, 2014, 4, 1030.0, 1074.0, -1
4, 2015, 4, 1030.0, 1074.0, -1
4, 2016, 7, 1030.0, 1074.0, -1
4, 2017, 6, 1030.0, 1074.0, -1
4, 2018, 6, 1030.0, 1076.0, -1
4, 2019, 2, 1030.0, 1076.0, -1
4, 2020, 3, 1030.0, 1078.0, -1
4, 2021, 5, 1030.0, 1083.0, -1
4, 2022, 7, 1032.0, 1078.0, -1
4, 2023, 3, 1032.0, 1078.0, -1
4, 2024, 3, 1032.0, 1079.0, -1
4, 2025, 6, 1033.0, 1075.0, -1
4, 2026, 8, 1033.0, 1077.0, -1
4, 2027, 8, 1033.0, 1078.0, -1
4, 2028, 2, 1033.0, 1080.0, -1
4, 2029, 2, 1033.0, 1081.0, -1
4, 2030, 7, 1034.0, 1078.0, -1
4, 2031, 6, 1034.0, 1083.0, -1
4, 2032, 4, 1034.0, 1083.0, -1
4, 2033, 8, 1035.0, 1081.0, -1
4, 2034, 0, 1036.0, 1083.0, -1
4, 2035, 2, 1036.0, 1083.0, -1
4, 2036, 5, 1036.0, 1086.0, -1
4, 2037, 7, 1037.0, 1082.0, -1
4, 2038, 1, 1037.0, 1085.0, -1
4, 2039, 4, 1038.0, 1085.0, -1
4, 2040, 5, 1039.0, 1088.0, -1
4, 2041, 8, 1039.0, 1088.0, -1
4, 2042, 5, 1039.0, 1089.0, -1
4, 2043, 8, 1040.0, 1087.0, -1
4, 2044, 7, 1040.0, 1088.0, -1
4, 2045, 1, 1041.0, 1086.0, -1
4, 2046, 3, 1042.0, 1088.0, -1
4, 2047, 0, 1044.0, 1089.0, -1
4, 2048, 5, 1045.0, 1100.0, -1
4, 2049, 0, 1046.0, 1091.0, -1
4, 2050, 4, 1046.0, 1094.0, -1
3, 2051, 4, 1049.0, 1066.0, 1090.0
3, 2052, 2, 1051.0, 1067.0, 1091.0
3, 2053, 6, 1051.0, 1067.0, 1092.0
3, 2054, 3, 1055.0, 1071.0, 1096.0
3, 2055, 5, 1057.0, 1073.0, 1096.0
3, 2056, 0, 1060.0, 1073.0, 1095.0
3, 2057, 8, 1062.0, 1075.0, 1099.0
3, 2058, 7, 1065.0, 1080.0, 1101.0
3, 2059, 4, 1066.0, 1080.0, 1104.0
3, 2060, 6, 1068.0, 1083.0, 1103.0
3, 2061, 2, 1071.0, 1085.0, 1109.0
3, 2062, 0, 1074.0, 1089.0, 1107.0
3, 2063, 1, 1074.0, 1088.0, 1109.0
3, 2064, 5, 1074.0, 1089.0, 1110.0
3, 2065, 8, 1076.0, 1089.0, 1108.0
3, 2066, 8, 1076.0, 1089.0, 1108.0
3, 2067, 3, 1076.0, 1090.0, 1110.0
3, 2068, 1, 1078.0, 1090.0, 1110.0
3, 2069, 3, 1078.0, 1090.0, 1111.0
3, 2070, 0, 1079.0, 1092.0, 1105.0
3, 2071, 6, 1079.0, 1091.0, 1105.0
3, 2072, 3, 1079.0, 1091.0, 1107.0
3, 2073, 8, 1079.0, 1092.0, 1107.0
3, 2074, 7, 1079.0, 1091.0, 1107.0
3, 2075, 1, 1079.0, 1091.0, 1109.0
3, 2076, 0, 1079.0, 1091.0, 1109.0
3, 2077, 2, 1079.0, 1091.0, 1109.0
3, 2078, 2, 1079.0, 1091.0, 1110.0
3, 2079, 4, 1079.0, 1090.0, 1110.0
3, 2080, 6, 1079.0, 1092.0, 1110.0
3, 2081, 5, 1079.0, 1091.0, 1112.0
4, 2082, 0, 1079.0, 1121.0, -1
4, 2083, 8, 1079.0, 1122.0, -1
4, 2084, 1, 1079.0, 1122.0, -1
4, 2085, 6, 1079.0, 1122.0, -1
4, 2086, 6, 1079.0, 1123.0, -1
4, 2087, 1, 1079.0, 1124.0, -1
4, 2088, 1, 1079.0, 1124.0, -1
4, 2089, 6, 1079.0, 1125.0, -1
4, 2090, 0, 1080.0, 1122.0, -1
4, 2091, 8, 1080.0, 1124.0, -1
4, 2092, 2, 1080.0, 1124.0, -1
4, 2093, 1, 1080.0, 1125.0, -1
4, 2094, 2, 1080.0, 1127.0, -1
4, 2095, 3, 1080.0, 1127.0, -1
3, 2096, 4, 1081.0, 1091.0, 1108.0
3, 2097, 7, 1081.0, 1091.0, 1108.0
3, 2098, 7, 1081.0, 1094.0, 1108.0
3, 2099, 4, 1081.0, 1091.0, 1108.0
4, 2100, 4, 1081.0, 1123.0, -1
4, 2101, 7, 1081.0, 1125.0, -1
4, 2102, 2, 1081.0, 1126.0, -1
4, 2103, 7, 1082.0, 1125.0, -1
4, 2104, 2, 1082.0, 1126.0, -1
4, 2105, 8, 1082.0, 1129.0, -1
4, 2106, 6, 1082.0, 1130.0, -1
3, 2107, 5, 1083.0, 1095.0, 1110.0
4, 2108, 8, 1083.0, 1126.0, -1
4, 2109, 0, 1083.0, 1127.0, -1
4, 2110, 6, 1083.0, 1128.0, -1
4, 2111, 7, 1083.0, 1129.0, -1
4, 2112, 4, 1083.0, 1130.0, -1
3, 2113, 6, 1084.0, 1093.0, 1109.0
4, 2114, 2, 1084.0, 1126.0, -1
4, 2115, 7, 1084.0, 1130.0, -1
4, 2116, 3, 1084.0, 1130.0, -1
4, 2117, 0, 1084.0, 1132.0, -1
4, 2118, 4, 1084.0, 1134.0, -1
4, 2119, 4, 1085.0, 1132.0, -1
4, 2120, 1, 1086.0, 1129.0, -1
4, 2121, 5, 1086.0, 1129.0, -1
4, 2122, 3, 1086.0, 1132.0, -1
4, 2123, 5, 1087.0, 1128.0, -1
4, 2124, 1, 1087.0, 1131.0, -1
4, 2125, 8, 1088.0, 1132.0, -1
4, 2126, 5, 1088.0, 1139.0, -1
4, 2127, 5, 1088.0, 1142.0, -1
4, 2128, 8, 1089.0, 1133.0, -1
4, 2129, 3, 1089.0, 1134.0, -1
4, 2130, 7, 1089.0, 1135.0, -1
3, 2131, 0, 1090.0, 1098.0, 1112.0
3, 2132, 5, 1090.0, 1102.0, 1118.0
4, 2133, 7, 1090.0, 1135.0, -1
4, 2134, 0, 1091.0, 1134.0, -1
4, 2135, 4, 1091.0, 1140.0, -1
3, 2136, 2, 1092.0, 1101.0, 1116.0
3, 2137, 6, 1094.0, 1104.0, 1118.0
3, 2138, 4, 1094.0, 1105.0, 1119.0
3, 2139, 3, 1097.0, 1106.0, 1120.0
3, 2140, 1, 1097.0, 1106.0, 1121.0
3, 2141, 0, 1099.0, 1108.0, 1120.0
3, 2142, 8, 1099.0, 1108.0, 1120.0
3, 2143, 7, 1102.0, 1111.0, 1124.0
3, 2144, 5, 1102.0, 1111.0, 1124.0
3, 2145, 6, 1104.0, 1113.0, 1126.0
3, 2146, 4, 1105.0, 1114.0, 1125.0
3, 2147, 0, 1108.0, 1117.0, 1126.0
3, 2148, 8, 1108.0, 1117.0, 1127.0
3, 2149, 3, 1108.0, 1115.0, 1128.0
3, 2150, 2, 1109.0, 1119.0, 1129.0
3, 2151, 0, 1110.0, 1117.0, 1129.0
3, 2152, 8, 1110.0, 1117.0, 1129.0
3, 2153, 1, 1110.0, 1117.0, 1129.0
3, 2154, 1, 1110.0, 1117.0, 1129.0
3, 2155, 2, 1110.0, 1119.0, 1130.0
3, 2156, 0, 1111.0, 1118.0, 1129.0
3, 2157, 8, 1111.0, 1119.0, 1130.0
3, 2158, 6, 1111.0, 1118.0, 1130.0
3, 2159, 7, 1111.0, 1119.0, 1130.0
3, 2160, 2, 1111.0, 1118.0, 1130.0
3, 2161, 4, 1111.0, 1120.0, 1130.0
3, 2162, 3, 1111.0, 1117.0, 1131.0
3, 2163, 1, 1111.0, 1118.0, 1131.0
3, 2164, 5, 1111.0, 1119.0, 1131.0
3, 2165, 5, 1111.0, 1118.0, 1131.0
3, 2166, 5, 1111.0, 1119.0, 1131.0
4, 2167, 4, 1111.0, 1155.0, -1
4, 2168, 6, 1111.0, 1161.0, -1
3, 2169, 4, 1112.0, 1119.0, 1128.0
3, 2170, 3, 1112.0, 1119.0, 1129.0
3, 2171, 6, 1112.0, 1119.0, 1129.0
3, 2172, 7, 1112.0, 1120.0, 1130.0
3, 2173, 7, 1112.0, 1119.0, 1131.0
4, 2174, 0, 1112.0, 1156.0, -1
4, 2175, 5, 1112.0, 1168.0, -1
4, 2176, 2, 1116.0, 1159.0, -1
4, 2177, 5, 1119.0, 1170.0, -1
3, 2178, 6, 1120.0, 1127.0, 1137.0
3, 2179, 0, 1121.0, 1127.0, 1136.0
3, 2180, 8, 1121.0, 1127.0, 1136.0
3, 2181, 3, 1121.0, 1127.0, 1136.0
3, 2182, 4, 1121.0, 1128.0, 1138.0
3, 2183, 1, 1122.0, 1128.0, 1137.0
3, 2184, 7, 1124.0, 1131.0, 1139.0
3, 2185, 2, 1125.0, 1132.0, 1139.0
3, 2186, 5, 1125.0, 1132.0, 1141.0
3, 2187, 2, 1126.0, 1133.0, 1141.0
3, 2188, 0, 1128.0, 1134.0, 1140.0
3, 2189, 0, 1128.0, 1135.0, 1140.0
3, 2190, 3, 1128.0, 1135.0, 1141.0
3, 2191, 8, 1128.0, 1134.0, 1141.0
3, 2192, 8, 1128.0, 1135.0, 1141.0
3, 2193, 3, 1128.0, 1135.0, 1142.0
3, 2194, 6, 1128.0, 1135.0, 1142.0
3, 2195, 6, 1128.0, 1135.0, 1142.0
3, 2196, 8, 1129.0, 1133.0, 1140.0
3, 2197, 0, 1129.0, 1133.0, 1141.0
3, 2198, 3, 1129.0, 1133.0, 1141.0
3, 2199, 5, 1129.0, 1132.0, 1141.0
3, 2200, 1, 1129.0, 1133.0, 1142.0
3, 2201, 7, 1129.0, 1133.0, 1142.0
3, 2202, 4, 1129.0, 1136.0, 1142.0
3, 2203, 4, 1129.0, 1136.0, 1142.0
3, 2204, 4, 1129.0, 1133.0, 1142.0
3, 2205, 1, 1129.0, 1133.0, 1142.0
3, 2206, 1, 1129.0, 1134.0, 1142.0
4, 2207, 0, 1129.0, 1168.0, -1
4, 2208, 1, 1129.0, 1171.0, -1
3, 2209, 6, 1130.0, 1133.0, 1141.0
3, 2210, 5, 1130.0, 1133.0, 1141.0
3, 2211, 7, 1130.0, 1134.0, 1141.0
3, 2212, 2, 1130.0, 1133.0, 1141.0
4, 2213, 2, 1130.0, 1170.0, -1
4, 2214, 0, 1130.0, 1172.0, -1
4, 2215, 1, 1130.0, 1173.0, -1
4, 2216, 0, 1130.0, 1173.0, -1
4, 2217, 1, 1130.0, 1173.0, -1
4, 2218, 6, 1130.0, 1173.0, -1
4, 2219, 2, 1130.0, 1174.0, -1
4, 2220, 1, 1130.0, 1174.0, -1
4, 2221, 8, 1130.0, 1175.0, -1
4, 2222, 2, 1130.0, 1175.0, -1
4, 2223, 8, 1130.0, 1175.0, -1
4, 2224, 6, 1130.0, 1175.0, -1
4, 2225, 6, 1130.0, 1176.0, -1
4, 2226, 7, 1130.0, 1176.0, -1
4, 2227, 8, 1130.0, 1177.0, -1
4, 2228, 7, 1130.0, 1178.0, -1
3, 2229, 7, 1131.0, 1134.0, 1141.0
4, 2230, 2, 1131.0, 1172.0, -1
4, 2231, 7, 1131.0, 1173.0, -1
4, 2232, 2, 1131.0, 1174.0, -1
4, 2233, 3, 1131.0, 1175.0, -1
4, 2234, 7, 1131.0, 1175.0, -1
4, 2235, 6, 1131.0, 1175.0, -1
4, 2236, 6, 1131.0, 1176.0, -1
4, 2237, 4, 1131.0, 1177.0, -1
4, 2238, 8, 1131.0, 1178.0, -1
4, 2239, 4, 1131.0, 1181.0, -1
4, 2240, 1, 1132.0, 1174.0, -1
4, 2241, 1, 1132.0, 1176.0, -1
4, 2242, 5, 1132.0, 1176.0, -1
4, 2243, 3, 1132.0, 1176.0, -1
4, 2244, 5, 1132.0, 1176.0, -1
4, 2245, 5, 1132.0, 1181.0, -1
4, 2246, 4, 1133.0, 1175.0, -1
4, 2247, 0, 1133.0, 1176.0, -1
4, 2248, 3, 1133.0, 1177.0, -1
4, 2249, 8, 1133.0, 1177.0, -1
4, 2250, 3, 1133.0, 1179.0, -1
3, 2251, 0, 1135.0, 1138.0, 1144.0
3, 2252, 3, 1135.0, 1138.0, 1144.0
3, 2253, 8, 1135.0, 1139.0, 1145.0
3, 2254, 7, 1135.0, 1139.0, 1145.0
3, 2255, 4, 1136.0, 1140.0, 1145.0
3, 2256, 6, 1137.0, 1140.0, 1146.0
3, 2257, 3, 1138.0, 1141.0, 1146.0
3, 2258, 1, 1138.0, 1141.0, 1146.0
3, 2259, 8, 1139.0, 1142.0, 1146.0
3, 2260, 0, 1139.0, 1142.0, 1146.0
3, 2261, 7, 1139.0, 1142.0, 1147.0
3, 2262, 5, 1139.0, 1142.0, 1147.0
3, 2263, 4, 1140.0, 1143.0, 1147.0
3, 2264, 2, 1140.0, 1142.0, 1147.0
3, 2265, 3, 1141.0, 1143.0, 1147.0
3, 2266, 6, 1141.0, 1144.0, 1148.0
3, 2267, 8, 1142.0, 1145.0, 1147.0
3, 2268, 5, 1142.0, 1144.0, 1148.0
3, 2269, 8, 1142.0, 1145.0, 1148.0
3, 2270, 1, 1142.0, 1145.0, 1148.0
3, 2271, 5, 1142.0, 1145.0, 1148.0
3, 2272, 0, 1142.0, 1145.0, 1148.0
3, 2273, 4, 1143.0, 1146.0, 1147.0
3, 2274, 7, 1143.0, 1146.0, 1147.0
3, 2275, 6, 1143.0, 1146.0, 1147.0
3, 2276, 3, 1143.0, 1145.0, 1148.0
3, 2277, 7, 1143.0, 1146.0, 1148.0
3, 2278, 8, 1143.0, 1146.0, 1148.0
3, 2279, 0, 1143.0, 1146.0, 1148.0
3, 2280, 1, 1143.0, 1146.0, 1148.0
4, 2281, 5, 1145.0, 1186.0, -1
4, 2282, 6, 1145.0, 1186.0, -1
4, 2283, 5, 1145.0, 1187.0, -1
4, 2284, 3, 1145.0, 1188.0, -1
4, 2285, 4, 1145.0, 1188.0, -1
4, 2286, 2, 1145.0, 1188.0, -1
4, 2287, 1, 1145.0, 1189.0, -1
4, 2288, 0, 1145.0, 1189.0, -1
4, 2289, 4, 1145.0, 1189.0, -1
4, 2290, 7, 1145.0, 1189.0, -1
4, 2291, 2, 1145.0, 1189.0, -1
4, 2292, 7, 1145.0, 1190.0, -1
4, 2293, 0, 1145.0, 1190.0, -1
4, 2294, 3, 1145.0, 1190.0, -1
4, 2295, 4, 1145.0, 1191.0, -1
4, 2296, 7, 1146.0, 1189.0, -1
4, 2297, 8, 1146.0, 1189.0, -1
4, 2298, 4, 1146.0, 1190.0, -1
4, 2299, 3, 1147.0, 1191.0, -1
4, 2300, 0, 1194.0, 1222.0, 1262.0
4, 2301, 7, 1194.0, 1221.0, 1263.0
4, 2302, 8, 1194.0, 1219.0, 1263.0
4, 2303, 5, 1194.0, 1220.0, 1264.0
4, 2304, 4, 1194.0, 1221.0, 1265.0
4, 2305, 0, 1194.0, 1221.0, 1266.0
4, 2306, 1, 1194.0, 1226.0, 1268.0
4, 2307, 6, 1194.0, 1224.0, 1269.0
4, 2308, 3, 1194.0, 1221.0, 1269.0
4, 2309, 2, 1194.0, 1221.0, 1272.0
4, 2310, 2, 1194.0, 1224.0, 1273.0
4, 2311, 8, 1194.0, 1224.0, 1274.0
4, 2312, 5, 1194.0, 1224.0, 1274.0
4, 2313, 4, 1194.0, 1224.0, 1276.0
4, 2314, 3, 1194.0, 1225.0, 1276.0
4, 2315, 1, 1194.0, 1225.0, 1276.0
4, 2316, 6, 1194.0, 1225.0, 1277.0
4, 2317, 7, 1194.0, 1226.0, 1277.0
4, 2318, 6, 1194.0, 1227.0, 1279.0
4, 2319, 8, 1194.0, 1226.0, 1281.0
4, 2320, 1, 1194.0, 1230.0, 1285.0
4, 2321, 7, 1194.0, 1234.0, 1298.0
4, 2322, 4, 1194.0, 1233.0, 1300.0
4, 2323, 3, 1194.0, 1242.0, 1324.0
4, 2324, 2, 1194.0, 1243.0, 1334.0
4, 2325, 5, 1194.0, 1249.0, 1339.0
4, 2326, 0, 1194.0, 1256.0, 1362.0
4, 2327, 8, 1219.0, 1245.0, 1284.0
4, 2328, 5, 1220.0, 1246.0, 1289.0
4, 2329, 0, 1221.0, 1245.0, 1282.0
4, 2330, 7, 1221.0, 1246.0, 1284.0
4, 2331, 2, 1221.0, 1244.0, 1287.0
4, 2332, 4, 1221.0, 1247.0, 1289.0
4, 2333, 0, 1222.0, 1247.0, 1283.0
4, 2334, 3, 1222.0, 1247.0, 1291.0
4, 2335, 5, 1224.0, 1249.0, 1284.0
4, 2336, 4, 1224.0, 1248.0, 1285.0
4, 2337, 6, 1225.0, 1248.0, 1280.0
4, 2338, 6, 1225.0, 1248.0, 1283.0
4, 2339, 8, 1225.0, 1249.0, 1285.0
4, 2340, 2, 1225.0, 1250.0, 1287.0
4, 2341, 3, 1225.0, 1249.0, 1288.0
4, 2342, 7, 1226.0, 1248.0, 1281.0
4, 2343, 1, 1226.0, 1248.0, 1281.0
4, 2344, 1, 1226.0, 1250.0, 1283.0
4, 2345, 6, 1227.0, 1247.0, 1278.0
4, 2346, 8, 1227.0, 1248.0, 1278.0
4, 2347, 1, 1230.0, 1250.0, 1285.0
4, 2348, 4, 1233.0, 1252.0, 1287.0
4, 2349, 7, 1234.0, 1254.0, 1284.0
4, 2350, 3, 1242.0, 1261.0, 1296.0
4, 2351, 2, 1243.0, 1263.0, 1293.0
4, 2352, 8, 1245.0, 1262.0, 1290.0
4, 2353, 7, 1246.0, 1264.0, 1290.0
4, 2354, 2, 1246.0, 1266.0, 1297.0
4, 2355, 4, 1247.0, 1264.0, 1292.0
4, 2356, 3, 1247.0, 1265.0, 1296.0
4, 2357, 8, 1248.0, 1265.0, 1288.0
4, 2358, 1, 1248.0, 1265.0, 1290.0
4, 2359, 6, 1248.0, 1265.0, 1290.0
4, 2360, 7, 1248.0, 1265.0, 1291.0
4, 2361, 4, 1248.0, 1266.0, 1291.0
4, 2362, 6, 1248.0, 1266.0, 1293.0
4, 2363, 8, 1249.0, 1264.0, 1287.0
4, 2364, 6, 1249.0, 1266.0, 1289.0
4, 2365, 3, 1249.0, 1265.0, 1291.0
4, 2366, 5, 1249.0, 1266.0, 1292.0
4, 2367, 5, 1249.0, 1267.0, 1294.0
4, 2368, 5, 1249.0, 1269.0, 1295.0
4, 2369, 1, 1250.0, 1265.0, 1287.0
4, 2370, 2, 1250.0, 1265.0, 1289.0
4, 2371, 1, 1250.0, 1266.0, 1289.0
4, 2372, 4, 1253.0, 1269.0, 1290.0
4, 2373, 7, 1254.0, 1269.0, 1286.0
4, 2374, 0, 1256.0, 1271.0, 1288.0
4, 2375, 0, 1256.0, 1269.0, 1288.0
4, 2376, 0, 1256.0, 1271.0, 1289.0
4, 2377, 3, 1261.0, 1274.0, 1294.0
4, 2378, 8, 1262.0, 1274.0, 1293.0
4, 2379, 7, 1264.0, 1276.0, 1294.0
4, 2380, 8, 1264.0, 1277.0, 1294.0
4, 2381, 2, 1264.0, 1275.0, 1296.0
4, 2382, 4, 1264.0, 1277.0, 1297.0
4, 2383, 1, 1266.0, 1278.0, 1294.0
4, 2384, 6, 1266.0, 1278.0, 1296.0
4, 2385, 2, 1266.0, 1279.0, 1300.0
4, 2386, 1, 1268.0, 1280.0, 1297.0
4, 2387, 7, 1269.0, 1281.0, 1296.0
4, 2388, 3, 1269.0, 1282.0, 1297.0
4, 2389, 6, 1269.0, 1281.0, 1298.0
4, 2390, 5, 1269.0, 1280.0, 1298.0
4, 2391, 4, 1269.0, 1283.0, 1298.0
4, 2392, 5, 1269.0, 1284.0, 1302.0
4, 2393, 5, 1270.0, 1283.0, 1300.0
4, 2394, 0, 1272.0, 1281.0, 1296.0
4, 2395, 0, 1272.0, 1282.0, 1296.0
4, 2396, 0, 1272.0, 1281.0, 1297.0
4, 2397, 3, 1277.0, 1286.0, 1302.0
4, 2398, 8, 1278.0, 1287.0, 1303.0
4, 2399, 6, 1279.0, 1288.0, 1301.0
4, 2400, 1, 1279.0, 1288.0, 1302.0
4, 2401, 2, 1279.0, 1288.0, 1303.0
4, 2402, 8, 1279.0, 1288.0, 1303.0
4, 2403, 4, 1279.0, 1288.0, 1303.0
4, 2404, 7, 1279.0, 1288.0, 1304.0
4, 2405, 2, 1280.0, 1289.0, 1302.0
4, 2406, 6, 1282.0, 1291.0, 1303.0
4, 2407, 0, 1282.0, 1291.0, 1303.0
4, 2408, 1, 1282.0, 1290.0, 1303.0
4, 2409, 6, 1282.0, 1292.0, 1303.0
4, 2410, 7, 1282.0, 1291.0, 1303.0
4, 2411, 0, 1283.0, 1292.0, 1301.0
4, 2412, 5, 1285.0, 1294.0, 1304.0
4, 2413, 5, 1285.0, 1292.0, 1306.0
4, 2414, 4, 1286.0, 1295.0, 1306.0
4, 2415, 8, 1289.0, 1298.0, 1309.0
4, 2416, 3, 1289.0, 1295.0, 1309.0
4, 2417, 2, 1290.0, 1296.0, 1310.0
4, 2418, 2, 1290.0, 1297.0, 1310.0
4, 2419, 1, 1291.0, 1298.0, 1310.0
4, 2420, 1, 1291.0, 1297.0, 1310.0
4, 2421, 0, 1292.0, 1299.0, 1308.0
4, 2422, 5, 1292.0, 1299.0, 1309.0
4, 2423, 4, 1292.0, 1299.0, 1309.0
4, 2424, 0, 1292.0, 1298.0, 1309.0
4, 2425, 6, 1292.0, 1299.0, 1310.0
4, 2426, 2, 1292.0, 1299.0, 1310.0
4, 2427, 6, 1292.0, 1299.0, 1310.0
4, 2428, 1, 1292.0, 1299.0, 1310.0
4, 2429, 8, 1292.0, 1301.0, 1311.0
4, 2430, 8, 1292.0, 1299.0, 1311.0
4, 2431, 7, 1292.0, 1300.0, 1311.0
4, 2432, 4, 1292.0, 1299.0, 1311.0
4, 2433, 3, 1292.0, 1299.0, 1311.0
4, 2434, 3, 1292.0, 1298.0, 1311.0
4, 2435, 7, 1292.0, 1300.0, 1311.0
4, 2436, 7, 1292.0, 1300.0, 1312.0
4, 2437, 6, 1293.0, 1300.0, 1308.0
4, 2438, 0, 1293.0, 1300.0, 1308.0
4, 2439, 5, 1293.0, 1300.0, 1310.0
4, 2440, 5, 1295.0, 1303.0, 1312.0
4, 2441, 3, 1296.0, 1302.0, 1311.0
4, 2442, 4, 1296.0, 1303.0, 1311.0
4, 2443, 2, 1297.0, 1303.0, 1312.0
4, 2444, 1, 1298.0, 1304.0, 1312.0
4, 2445, 2, 1298.0, 1304.0, 1313.0
4, 2446, 0, 1299.0, 1305.0, 1311.0
4, 2447, 1, 1299.0, 1305.0, 1312.0
4, 2448, 3, 1299.0, 1305.0, 1312.0
4, 2449, 8, 1299.0, 1306.0, 1313.0
4, 2450, 0, 1300.0, 1306.0, 1311.0
4, 2451, 3, 1300.0, 1303.0, 1312.0
4, 2452, 8, 1300.0, 1306.0, 1312.0
4, 2453, 6, 1300.0, 1307.0, 1312.0
4, 2454, 6, 1300.0, 1304.0, 1312.0
4, 2455, 4, 1300.0, 1306.0, 1312.0
4, 2456, 4, 1300.0, 1306.0, 1313.0
4, 2457, 1, 1300.0, 1306.0, 1313.0
4, 2458, 5, 1300.0, 1307.0, 1313.0
4, 2459, 2, 1300.0, 1306.0, 1313.0
4, 2460, 0, 1301.0, 1304.0, 1311.0
4, 2461, 6, 1301.0, 1304.0, 1312.0
4, 2462, 7, 1301.0, 1305.0, 1312.0
4, 2463, 7, 1301.0, 1304.0, 1312.0
4, 2464, 5, 1301.0, 1305.0, 1313.0
4, 2465, 7, 1301.0, 1304.0, 1313.0
4, 2466, 8, 1302.0, 1306.0, 1312.0
4, 2467, 3, 1303.0, 1306.0, 1313.0
4, 2468, 0, 1304.0, 1306.0, 1312.0
4, 2469, 2, 1304.0, 1306.0, 1313.0
4, 2470, 4, 1304.0, 1306.0, 1313.0
4, 2471, 6, 1304.0, 1307.0, 1313.0
4, 2472, 3, 1304.0, 1307.0, 1314.0
4, 2473, 5, 1304.0, 1307.0, 1314.0
4, 2474, 6, 1305.0, 1308.0, 1313.0
4, 2475, 2, 1305.0, 1308.0, 1313.0
4, 2476, 7, 1305.0, 1308.0, 1313.0
4, 2477, 7, 1305.0, 1308.0, 1314.0
4, 2478, 1, 1306.0, 1308.0, 1313.0
4, 2479, 5, 1306.0, 1308.0, 1313.0
4, 2480, 7, 1306.0, 1309.0, 1314.0
4, 2481, 1, 1307.0, 1309.0, 1312.0
4, 2482, 4, 1307.0, 1310.0, 1313.0
4, 2483, 4, 1307.0, 1309.0, 1313.0
4, 2484, 4, 1307.0, 1310.0, 1313.0
4, 2485, 8, 1307.0, 1310.0, 1313.0
4, 2486, 2, 1307.0, 1310.0, 1313.0
4, 2487, 8, 1307.0, 1310.0, 1313.0
4, 2488, 0, 1307.0, 1309.0, 1313.0
4, 2489, 8, 1307.0, 1310.0, 1313.0
4, 2490, 0, 1307.0, 1310.0, 1314.0
4, 2491, 5, 1308.0, 1310.0, 1313.0
4, 2492, 6, 1309.0, 1312.0, 1314.0
4, 2493, 4, 1310.0, 1312.0, 1313.0
4, 2494, 1, 1310.0, 1312.0, 1314.0
4, 2495, 1, 1310.0, 1312.0, 1314.0
4, 2496, 4, 1310.0, 1312.0, 1314.0
4, 2497, 3, 1310.0, 1312.0, 1314.0
4, 2498, 7, 1310.0, 1313.0, 1315.0
4, 2499, 0, 1311.0, 1313.0, 1314.0
