0, 0, 5, 12.0, 40.0, -1
0, 1, 5, 12.0, 41.0, -1
0, 2, 5, 12.0, 42.0, -1
0, 3, 8, 12.0, 42.0, -1
0, 4, 5, 12.0, 42.0, -1
0, 5, 8, 12.0, 43.0, -1
0, 6, 8, 12.0, 43.0, -1
0, 7, 5, 12.0, 43.0, -1
0, 8, 5, 12.0, 44.0, -1
0, 9, 8, 12.0, 44.0, -1
0, 10, 8, 12.0, 44.0, -1
0, 11, 5, 12.0, 44.0, -1
0, 12, 5, 12.0, 44.0, -1
0, 13, 5, 12.0, 44.0, -1
0, 14, 8, 12.0, 45.0, -1
0, 15, 8, 12.0, 45.0, -1
0, 16, 5, 12.0, 46.0, -1
0, 17, 8, 12.0, 46.0, -1
0, 18, 8, 12.0, 47.0, -1
0, 19, 6, 12.0, 51.0, -1
0, 20, 6, 12.0, 51.0, -1
0, 21, 6, 12.0, 51.0, -1
0, 22, 6, 12.0, 52.0, -1
0, 23, 6, 12.0, 52.0, -1
0, 24, 6, 12.0, 52.0, -1
0, 25, 6, 12.0, 53.0, -1
0, 26, 6, 12.0, 53.0, -1
0, 27, 6, 12.0, 54.0, -1
0, 28, 6, 12.0, 54.0, -1
0, 29, 2, 13.0, 43.0, -1
0, 30, 3, 13.0, 45.0, -1
0, 31, 3, 13.0, 46.0, -1
0, 32, 2, 13.0, 46.0, -1
0, 33, 2, 13.0, 46.0, -1
0, 34, 2, 13.0, 46.0, -1
0, 35, 3, 13.0, 47.0, -1
0, 36, 2, 13.0, 47.0, -1
0, 37, 2, 13.0, 47.0, -1
0, 38, 2, 13.0, 47.0, -1
0, 39, 2, 13.0, 47.0, -1
0, 40, 3, 13.0, 47.0, -1
0, 41, 3, 13.0, 48.0, -1
0, 42, 3, 13.0, 49.0, -1
0, 43, 2, 13.0, 49.0, -1
0, 44, 3, 13.0, 49.0, -1
0, 45, 3, 13.0, 49.0, -1
0, 46, 2, 13.0, 49.0, -1
0, 47, 3, 13.0, 49.0, -1
0, 48, 3, 13.0, 50.0, -1
0, 49, 0, 14.0, 47.0, -1
0, 50, 0, 14.0, 48.0, -1
0, 51, 1, 14.0, 48.0, -1
0, 52, 0, 14.0, 48.0, -1
0, 53, 0, 14.0, 48.0, -1
0, 54, 0, 14.0, 48.0, -1
0, 55, 1, 14.0, 49.0, -1
0, 56, 0, 14.0, 49.0, -1
0, 57, 0, 14.0, 49.0, -1
0, 58, 1, 14.0, 49.0, -1
0, 59, 0, 14.0, 49.0, -1
0, 60, 0, 14.0, 49.0, -1
0, 61, 0, 14.0, 49.0, -1
0, 62, 1, 14.0, 49.0, -1
0, 63, 1, 14.0, 49.0, -1
0, 64, 1, 14.0, 49.0, -1
0, 65, 1, 14.0, 50.0, -1
0, 66, 1, 14.0, 50.0, -1
0, 67, 1, 14.0, 50.0, -1
0, 68, 1, 14.0, 52.0, -1
0, 69, 4, 15.0, 45.0, -1
0, 70, 4, 15.0, 45.0, -1
0, 71, 4, 15.0, 46.0, -1
0, 72, 4, 15.0, 46.0, -1
0, 73, 4, 15.0, 47.0, -1
0, 74, 4, 15.0, 47.0, -1
0, 75, 4, 15.0, 47.0, -1
0, 76, 4, 15.0, 47.0, -1
0, 77, 4, 15.0, 48.0, -1
0, 78, 4, 15.0, 48.0, -1
0, 79, 7, 15.0, 51.0, -1
0, 80, 7, 15.0, 51.0, -1
0, 81, 7, 15.0, 51.0, -1
0, 82, 7, 15.0, 52.0, -1
0, 83, 7, 15.0, 52.0, -1
0, 84, 7, 15.0, 52.0, -1
0, 85, 7, 15.0, 52.0, -1
0, 86, 7, 15.0, 52.0, -1
0, 87, 7, 15.0, 53.0, -1
0, 88, 7, 15.0, 53.0, -1
0, 89, 5, 41.0, 75.0, -1
0, 90, 5, 41.0, 78.0, -1
0, 91, 2, 43.0, 71.0, -1
0, 92, 5, 43.0, 78.0, -1
0, 93, 5, 43.0, 78.0, -1
0, 94, 8, 43.0, 81.0, -1
0, 95, 8, 43.0, 82.0, -1
0, 96, 5, 44.0, 80.0, -1
0, 97, 5, 44.0, 80.0, -1
0, 98, 5, 44.0, 80.0, -1
0, 99, 8, 44.0, 82.0, -1
0, 100, 8, 44.0, 82.0, -1
0, 101, 8, 44.0, 84.0, -1
0, 102, 3, 45.0, 73.0, -1
0, 103, 5, 45.0, 77.0, -1
0, 104, 4, 45.0, 79.0, -1
0, 105, 5, 45.0, 81.0, -1
0, 106, 8, 45.0, 84.0, -1
0, 107, 8, 45.0, 84.0, -1
0, 108, 3, 46.0, 75.0, -1
0, 109, 2, 46.0, 78.0, -1
0, 110, 4, 46.0, 78.0, -1
0, 111, 4, 46.0, 79.0, -1
0, 112, 2, 46.0, 79.0, -1
0, 113, 4, 46.0, 80.0, -1
0, 114, 5, 46.0, 81.0, -1
0, 115, 8, 46.0, 85.0, -1
0, 116, 3, 47.0, 76.0, -1
0, 117, 2, 47.0, 77.0, -1
0, 118, 2, 47.0, 78.0, -1
0, 119, 2, 47.0, 78.0, -1
0, 120, 3, 47.0, 79.0, -1
0, 121, 2, 47.0, 81.0, -1
0, 122, 4, 47.0, 82.0, -1
0, 123, 2, 47.0, 82.0, -1
0, 124, 4, 47.0, 82.0, -1
0, 125, 8, 47.0, 86.0, -1
0, 126, 0, 48.0, 77.0, -1
0, 127, 0, 48.0, 78.0, -1
0, 128, 0, 48.0, 78.0, -1
0, 129, 3, 48.0, 79.0, -1
0, 130, 4, 48.0, 83.0, -1
0, 131, 1, 48.0, 83.0, -1
0, 132, 4, 48.0, 83.0, -1
0, 133, 4, 48.0, 84.0, -1
0, 134, 0, 49.0, 76.0, -1
0, 135, 0, 49.0, 77.0, -1
0, 136, 0, 49.0, 77.0, -1
0, 137, 0, 49.0, 77.0, -1
0, 138, 0, 49.0, 78.0, -1
0, 139, 0, 49.0, 78.0, -1
0, 140, 0, 49.0, 78.0, -1
0, 141, 3, 49.0, 79.0, -1
0, 142, 3, 49.0, 79.0, -1
0, 143, 3, 49.0, 79.0, -1
0, 144, 3, 49.0, 80.0, -1
0, 145, 2, 49.0, 81.0, -1
0, 146, 2, 49.0, 82.0, -1
0, 147, 4, 49.0, 82.0, -1
0, 148, 1, 49.0, 85.0, -1
0, 149, 1, 49.0, 85.0, -1
0, 150, 1, 49.0, 87.0, -1
0, 151, 1, 49.0, 87.0, -1
0, 152, 1, 50.0, 83.0, -1
0, 153, 1, 50.0, 86.0, -1
0, 154, 1, 50.0, 87.0, -1
0, 155, 3, 51.0, 81.0, -1
0, 156, 1, 51.0, 86.0, -1
0, 157, 7, 51.0, 90.0, -1
0, 158, 7, 51.0, 90.0, -1
0, 159, 7, 51.0, 92.0, -1
0, 160, 6, 51.0, 92.0, -1
0, 161, 6, 51.0, 94.0, -1
0, 162, 1, 52.0, 89.0, -1
0, 163, 7, 52.0, 90.0, -1
0, 164, 7, 52.0, 91.0, -1
0, 165, 7, 52.0, 92.0, -1
0, 166, 6, 52.0, 94.0, -1
0, 167, 6, 52.0, 94.0, -1
0, 168, 6, 52.0, 94.0, -1
0, 169, 6, 52.0, 94.0, -1
0, 170, 7, 53.0, 91.0, -1
0, 171, 7, 53.0, 91.0, -1
0, 172, 7, 53.0, 91.0, -1
0, 173, 7, 53.0, 94.0, -1
0, 174, 6, 53.0, 95.0, -1
0, 175, 6, 53.0, 96.0, -1
0, 176, 6, 54.0, 93.0, -1
0, 177, 6, 54.0, 94.0, -1
0, 178, 2, 71.0, 93.0, -1
0, 179, 3, 73.0, 102.0, -1
0, 180, 5, 75.0, 100.0, -1
0, 181, 3, 75.0, 103.0, -1
0, 182, 0, 76.0, 103.0, -1
0, 183, 3, 76.0, 105.0, -1
0, 184, 0, 77.0, 103.0, -1
0, 185, 0, 77.0, 105.0, -1
0, 186, 0, 77.0, 105.0, -1
0, 187, 0, 77.0, 105.0, -1
0, 188, 5, 77.0, 108.0, -1
0, 189, 0, 78.0, 106.0, -1
0, 190, 2, 78.0, 107.0, -1
0, 191, 2, 78.0, 109.0, -1
0, 192, 5, 78.0, 113.0, -1
0, 193, 5, 78.0, 113.0, -1
0, 194, 0, 79.0, 105.0, -1
0, 195, 0, 79.0, 106.0, -1
0, 196, 0, 79.0, 107.0, -1
0, 197, 0, 79.0, 107.0, -1
0, 198, 2, 79.0, 108.0, -1
0, 199, 3, 79.0, 108.0, -1
0, 200, 3, 79.0, 108.0, -1
0, 201, 4, 79.0, 109.0, -1
0, 202, 2, 79.0, 109.0, -1
0, 203, 4, 79.0, 110.0, -1
0, 204, 3, 79.0, 110.0, -1
0, 205, 3, 79.0, 110.0, -1
0, 206, 3, 79.0, 111.0, -1
0, 207, 4, 79.0, 111.0, -1
0, 208, 5, 79.0, 113.0, -1
0, 209, 2, 80.0, 110.0, -1
0, 210, 3, 80.0, 111.0, -1
0, 211, 4, 80.0, 112.0, -1
0, 212, 2, 81.0, 110.0, -1
0, 213, 2, 81.0, 112.0, -1
0, 214, 5, 81.0, 112.0, -1
0, 215, 5, 81.0, 112.0, -1
0, 216, 5, 81.0, 113.0, -1
0, 217, 3, 81.0, 113.0, -1
0, 218, 5, 81.0, 113.0, -1
0, 219, 8, 81.0, 114.0, -1
0, 220, 2, 82.0, 109.0, -1
0, 221, 2, 82.0, 111.0, -1
0, 222, 4, 82.0, 113.0, -1
0, 223, 4, 82.0, 114.0, -1
0, 224, 5, 82.0, 114.0, -1
0, 225, 4, 82.0, 115.0, -1
0, 226, 8, 82.0, 116.0, -1
0, 227, 8, 82.0, 117.0, -1
0, 228, 8, 82.0, 117.0, -1
0, 229, 1, 83.0, 115.0, -1
0, 230, 4, 83.0, 116.0, -1
0, 231, 4, 84.0, 114.0, -1
0, 232, 4, 84.0, 115.0, -1
0, 233, 1, 84.0, 116.0, -1
0, 234, 8, 84.0, 118.0, -1
0, 235, 1, 85.0, 117.0, -1
0, 236, 8, 85.0, 118.0, -1
0, 237, 8, 85.0, 119.0, -1
0, 238, 8, 85.0, 120.0, -1
0, 239, 1, 86.0, 117.0, -1
0, 240, 1, 86.0, 118.0, -1
0, 241, 1, 87.0, 116.0, -1
0, 242, 8, 87.0, 120.0, -1
0, 243, 1, 88.0, 118.0, -1
0, 244, 1, 88.0, 118.0, -1
0, 245, 1, 88.0, 119.0, -1
0, 246, 1, 90.0, 120.0, -1
0, 247, 7, 91.0, 126.0, -1
0, 248, 7, 91.0, 128.0, -1
0, 249, 7, 91.0, 129.0, -1
0, 250, 7, 92.0, 129.0, -1
0, 251, 7, 92.0, 130.0, -1
0, 252, 7, 92.0, 130.0, -1
0, 253, 7, 92.0, 130.0, -1
0, 254, 7, 93.0, 128.0, -1
0, 255, 7, 93.0, 130.0, -1
0, 256, 6, 93.0, 130.0, -1
0, 257, 2, 94.0, 117.0, -1
0, 258, 6, 94.0, 130.0, -1
0, 259, 6, 95.0, 131.0, -1
0, 260, 6, 95.0, 131.0, -1
0, 261, 6, 95.0, 131.0, -1
0, 262, 6, 95.0, 131.0, -1
0, 263, 6, 95.0, 132.0, -1
0, 264, 7, 95.0, 132.0, -1
0, 265, 6, 95.0, 132.0, -1
0, 266, 6, 96.0, 133.0, -1
0, 267, 6, 97.0, 134.0, -1
0, 268, 5, 101.0, 123.0, -1
0, 269, 3, 103.0, 127.0, -1
0, 270, 3, 104.0, 129.0, -1
0, 271, 0, 104.0, 130.0, -1
0, 272, 0, 104.0, 130.0, -1
0, 273, 0, 106.0, 132.0, -1
0, 274, 0, 106.0, 132.0, -1
0, 275, 0, 106.0, 133.0, -1
0, 276, 0, 106.0, 133.0, -1
0, 277, 3, 106.0, 135.0, -1
0, 278, 0, 107.0, 135.0, -1
0, 279, 0, 107.0, 135.0, -1
0, 280, 0, 108.0, 135.0, -1
0, 281, 2, 108.0, 136.0, -1
0, 282, 0, 108.0, 136.0, -1
0, 283, 2, 108.0, 136.0, -1
0, 284, 2, 109.0, 136.0, -1
0, 285, 5, 109.0, 137.0, -1
0, 286, 3, 109.0, 139.0, -1
0, 287, 3, 109.0, 139.0, -1
0, 288, 4, 110.0, 138.0, -1
0, 289, 2, 110.0, 139.0, -1
0, 290, 2, 110.0, 140.0, -1
0, 291, 4, 111.0, 138.0, -1
0, 292, 3, 111.0, 139.0, -1
0, 293, 3, 111.0, 141.0, -1
0, 294, 2, 111.0, 141.0, -1
0, 295, 2, 111.0, 141.0, -1
0, 296, 4, 112.0, 138.0, -1
0, 297, 4, 112.0, 139.0, -1
0, 298, 3, 112.0, 141.0, -1
0, 299, 3, 112.0, 141.0, -1
0, 300, 2, 112.0, 142.0, -1
0, 301, 2, 113.0, 141.0, -1
0, 302, 5, 113.0, 141.0, -1
0, 303, 5, 113.0, 142.0, -1
0, 304, 5, 113.0, 143.0, -1
0, 305, 3, 113.0, 143.0, -1
0, 306, 4, 114.0, 141.0, -1
0, 307, 5, 114.0, 142.0, -1
0, 308, 5, 114.0, 142.0, -1
0, 309, 8, 114.0, 143.0, -1
0, 310, 5, 114.0, 144.0, -1
0, 311, 5, 114.0, 144.0, -1
0, 312, 4, 115.0, 143.0, -1
0, 313, 5, 115.0, 143.0, -1
0, 314, 4, 115.0, 144.0, -1
0, 315, 4, 116.0, 144.0, -1
0, 316, 4, 116.0, 145.0, -1
0, 317, 1, 116.0, 149.0, -1
0, 318, 4, 117.0, 144.0, -1
0, 319, 8, 117.0, 147.0, -1
0, 320, 8, 117.0, 149.0, -1
0, 321, 1, 117.0, 150.0, -1
0, 322, 1, 117.0, 151.0, -1
0, 323, 2, 118.0, 144.0, -1
0, 324, 1, 118.0, 152.0, -1
0, 325, 1, 118.0, 152.0, -1
0, 326, 8, 118.0, 152.0, -1
0, 327, 1, 118.0, 152.0, -1
0, 328, 1, 118.0, 152.0, -1
0, 329, 1, 119.0, 151.0, -1
0, 330, 8, 119.0, 152.0, -1
0, 331, 8, 119.0, 153.0, -1
0, 332, 8, 119.0, 153.0, -1
0, 333, 1, 120.0, 152.0, -1
0, 334, 1, 121.0, 153.0, -1
0, 335, 8, 121.0, 155.0, -1
0, 336, 8, 121.0, 156.0, -1
0, 337, 5, 124.0, 147.0, -1
0, 338, 3, 127.0, 149.0, -1
0, 339, 7, 127.0, 160.0, -1
0, 340, 7, 129.0, 162.0, -1
0, 341, 7, 129.0, 163.0, -1
0, 342, 7, 129.0, 164.0, -1
0, 343, 3, 130.0, 151.0, -1
0, 344, 7, 130.0, 164.0, -1
0, 345, 7, 130.0, 165.0, -1
0, 346, 7, 130.0, 165.0, -1
0, 347, 7, 130.0, 166.0, -1
0, 348, 0, 131.0, 156.0, -1
0, 349, 0, 131.0, 157.0, -1
0, 350, 6, 131.0, 163.0, -1
0, 351, 6, 131.0, 164.0, -1
0, 352, 6, 131.0, 164.0, -1
0, 353, 7, 131.0, 165.0, -1
0, 354, 6, 132.0, 163.0, -1
0, 355, 6, 132.0, 166.0, -1
0, 356, 6, 132.0, 166.0, -1
0, 357, 6, 132.0, 166.0, -1
0, 358, 0, 133.0, 159.0, -1
0, 359, 0, 133.0, 160.0, -1
0, 360, 6, 133.0, 167.0, -1
0, 361, 7, 133.0, 167.0, -1
0, 362, 0, 134.0, 161.0, -1
0, 363, 0, 134.0, 162.0, -1
0, 364, 6, 134.0, 169.0, -1
0, 365, 0, 135.0, 162.0, -1
0, 366, 0, 135.0, 163.0, -1
0, 367, 6, 135.0, 170.0, -1
0, 368, 2, 136.0, 162.0, -1
0, 369, 3, 136.0, 163.0, -1
0, 370, 0, 136.0, 164.0, -1
0, 371, 5, 137.0, 162.0, -1
0, 372, 2, 137.0, 162.0, -1
0, 373, 0, 137.0, 163.0, -1
0, 374, 2, 137.0, 164.0, -1
0, 375, 4, 139.0, 163.0, -1
0, 376, 4, 139.0, 166.0, -1
0, 377, 4, 139.0, 168.0, -1
0, 378, 2, 139.0, 170.0, -1
0, 379, 4, 140.0, 166.0, -1
0, 380, 3, 140.0, 169.0, -1
0, 381, 3, 140.0, 169.0, -1
0, 382, 3, 140.0, 172.0, -1
0, 383, 2, 141.0, 170.0, -1
0, 384, 4, 141.0, 171.0, -1
0, 385, 3, 141.0, 171.0, -1
0, 386, 2, 141.0, 171.0, -1
0, 387, 3, 141.0, 171.0, -1
0, 388, 2, 142.0, 170.0, -1
0, 389, 3, 142.0, 171.0, -1
0, 390, 5, 142.0, 172.0, -1
0, 391, 5, 142.0, 173.0, -1
0, 392, 2, 142.0, 173.0, -1
0, 393, 2, 143.0, 172.0, -1
0, 394, 5, 143.0, 174.0, -1
0, 395, 5, 143.0, 174.0, -1
0, 396, 5, 143.0, 175.0, -1
0, 397, 8, 143.0, 175.0, -1
0, 398, 2, 144.0, 172.0, -1
0, 399, 3, 144.0, 173.0, -1
0, 400, 4, 144.0, 174.0, -1
0, 401, 4, 144.0, 174.0, -1
0, 402, 5, 144.0, 174.0, -1
0, 403, 4, 144.0, 174.0, -1
0, 404, 5, 144.0, 175.0, -1
0, 405, 4, 145.0, 174.0, -1
0, 406, 4, 145.0, 174.0, -1
0, 407, 5, 145.0, 175.0, -1
0, 408, 5, 147.0, 176.0, -1
0, 409, 8, 148.0, 180.0, -1
0, 410, 8, 149.0, 181.0, -1
0, 411, 3, 150.0, 178.0, -1
0, 412, 1, 150.0, 182.0, -1
0, 413, 1, 150.0, 182.0, -1
0, 414, 3, 151.0, 178.0, -1
0, 415, 1, 152.0, 182.0, -1
0, 416, 1, 152.0, 184.0, -1
0, 417, 1, 152.0, 184.0, -1
0, 418, 1, 152.0, 184.0, -1
0, 419, 1, 152.0, 184.0, -1
0, 420, 8, 152.0, 185.0, -1
0, 421, 1, 152.0, 186.0, -1
0, 422, 8, 153.0, 185.0, -1
0, 423, 1, 153.0, 186.0, -1
0, 424, 1, 153.0, 187.0, -1
0, 425, 8, 154.0, 187.0, -1
0, 426, 8, 154.0, 188.0, -1
0, 427, 8, 156.0, 189.0, -1
0, 428, 0, 157.0, 182.0, -1
0, 429, 0, 157.0, 182.0, -1
0, 430, 8, 157.0, 192.0, -1
0, 431, 0, 160.0, 186.0, -1
0, 432, 0, 160.0, 187.0, -1
0, 433, 0, 161.0, 187.0, -1
0, 434, 7, 161.0, 197.0, -1
0, 435, 5, 162.0, 185.0, -1
0, 436, 2, 162.0, 185.0, -1
0, 437, 0, 162.0, 187.0, -1
0, 438, 0, 162.0, 190.0, -1
0, 439, 7, 162.0, 199.0, -1
0, 440, 3, 163.0, 187.0, -1
0, 441, 2, 163.0, 188.0, -1
0, 442, 0, 163.0, 190.0, -1
0, 443, 0, 163.0, 190.0, -1
0, 444, 4, 164.0, 187.0, -1
0, 445, 2, 164.0, 189.0, -1
0, 446, 7, 164.0, 196.0, -1
0, 447, 7, 164.0, 197.0, -1
0, 448, 6, 164.0, 200.0, -1
0, 449, 7, 164.0, 200.0, -1
0, 450, 6, 164.0, 201.0, -1
0, 451, 6, 164.0, 201.0, -1
0, 452, 0, 165.0, 190.0, -1
0, 453, 7, 165.0, 201.0, -1
0, 454, 7, 165.0, 201.0, -1
0, 455, 6, 165.0, 201.0, -1
0, 456, 4, 166.0, 191.0, -1
0, 457, 4, 166.0, 192.0, -1
0, 458, 6, 166.0, 201.0, -1
0, 459, 6, 166.0, 202.0, -1
0, 460, 7, 166.0, 203.0, -1
0, 461, 7, 166.0, 203.0, -1
0, 462, 7, 167.0, 203.0, -1
0, 463, 6, 167.0, 203.0, -1
0, 464, 6, 167.0, 204.0, -1
0, 465, 3, 169.0, 197.0, -1
0, 466, 3, 169.0, 197.0, -1
0, 467, 4, 169.0, 198.0, -1
0, 468, 6, 169.0, 205.0, -1
0, 469, 2, 170.0, 198.0, -1
0, 470, 2, 170.0, 200.0, -1
0, 471, 2, 170.0, 200.0, -1
0, 472, 6, 170.0, 206.0, -1
0, 473, 4, 171.0, 200.0, -1
0, 474, 3, 171.0, 201.0, -1
0, 475, 2, 171.0, 201.0, -1
0, 476, 3, 172.0, 199.0, -1
0, 477, 3, 172.0, 201.0, -1
0, 478, 2, 172.0, 201.0, -1
0, 479, 3, 172.0, 201.0, -1
0, 480, 5, 173.0, 202.0, -1
0, 481, 2, 173.0, 203.0, -1
0, 482, 5, 173.0, 204.0, -1
0, 483, 2, 173.0, 204.0, -1
0, 484, 4, 174.0, 203.0, -1
0, 485, 4, 174.0, 204.0, -1
0, 486, 3, 174.0, 204.0, -1
0, 487, 4, 174.0, 205.0, -1
0, 488, 4, 174.0, 205.0, -1
0, 489, 5, 174.0, 205.0, -1
0, 490, 5, 174.0, 205.0, -1
0, 491, 5, 174.0, 206.0, -1
0, 492, 4, 175.0, 205.0, -1
0, 493, 5, 175.0, 206.0, -1
0, 494, 5, 175.0, 206.0, -1
0, 495, 5, 175.0, 206.0, -1
0, 496, 8, 175.0, 208.0, -1
0, 497, 5, 176.0, 204.0, -1
0, 498, 3, 178.0, 206.0, -1
0, 499, 3, 179.0, 209.0, -1
0, 500, 8, 180.0, 213.0, -1
0, 501, 0, 182.0, 205.0, -1
0, 502, 0, 182.0, 208.0, -1
0, 503, 1, 182.0, 213.0, -1
0, 504, 1, 182.0, 214.0, -1
0, 505, 8, 182.0, 215.0, -1
0, 506, 1, 183.0, 216.0, -1
0, 507, 1, 184.0, 215.0, -1
0, 508, 1, 184.0, 217.0, -1
0, 509, 2, 185.0, 208.0, -1
0, 510, 5, 185.0, 209.0, -1
0, 511, 8, 185.0, 216.0, -1
0, 512, 1, 185.0, 217.0, -1
0, 513, 1, 185.0, 217.0, -1
0, 514, 8, 185.0, 218.0, -1
0, 515, 0, 186.0, 212.0, -1
0, 516, 1, 186.0, 219.0, -1
0, 517, 1, 186.0, 221.0, -1
0, 518, 4, 187.0, 210.0, -1
0, 519, 3, 187.0, 211.0, -1
0, 520, 0, 187.0, 212.0, -1
0, 521, 8, 187.0, 221.0, -1
0, 522, 1, 187.0, 223.0, -1
0, 523, 2, 188.0, 212.0, -1
0, 524, 0, 188.0, 216.0, -1
0, 525, 0, 188.0, 216.0, -1
0, 526, 2, 189.0, 213.0, -1
0, 527, 8, 189.0, 221.0, -1
0, 528, 0, 190.0, 218.0, -1
0, 529, 8, 190.0, 223.0, -1
0, 530, 4, 191.0, 215.0, -1
0, 531, 0, 191.0, 217.0, -1
0, 532, 0, 191.0, 218.0, -1
0, 533, 0, 191.0, 219.0, -1
0, 534, 4, 192.0, 216.0, -1
0, 535, 8, 192.0, 226.0, -1
0, 536, 7, 196.0, 230.0, -1
0, 537, 3, 197.0, 223.0, -1
0, 538, 7, 197.0, 231.0, -1
0, 539, 7, 197.0, 233.0, -1
0, 540, 4, 198.0, 223.0, -1
0, 541, 3, 198.0, 224.0, -1
0, 542, 2, 199.0, 227.0, -1
0, 543, 3, 199.0, 230.0, -1
0, 544, 7, 199.0, 233.0, -1
0, 545, 2, 200.0, 225.0, -1
0, 546, 2, 200.0, 228.0, -1
0, 547, 4, 200.0, 229.0, -1
0, 548, 7, 200.0, 234.0, -1
0, 549, 6, 200.0, 238.0, -1
0, 550, 2, 201.0, 227.0, -1
0, 551, 2, 201.0, 229.0, -1
0, 552, 3, 201.0, 231.0, -1
0, 553, 3, 201.0, 231.0, -1
0, 554, 7, 201.0, 236.0, -1
0, 555, 7, 201.0, 237.0, -1
0, 556, 6, 201.0, 238.0, -1
0, 557, 6, 201.0, 238.0, -1
0, 558, 6, 201.0, 238.0, -1
0, 559, 6, 201.0, 239.0, -1
0, 560, 3, 202.0, 232.0, -1
0, 561, 6, 202.0, 239.0, -1
0, 562, 5, 203.0, 231.0, -1
0, 563, 2, 203.0, 233.0, -1
0, 564, 4, 203.0, 234.0, -1
0, 565, 7, 203.0, 239.0, -1
0, 566, 7, 203.0, 241.0, -1
0, 567, 7, 203.0, 241.0, -1
0, 568, 5, 204.0, 233.0, -1
0, 569, 4, 204.0, 234.0, -1
0, 570, 6, 204.0, 240.0, -1
0, 571, 6, 204.0, 241.0, -1
0, 572, 0, 205.0, 229.0, -1
0, 573, 3, 205.0, 233.0, -1
0, 574, 4, 205.0, 234.0, -1
0, 575, 2, 205.0, 234.0, -1
0, 576, 4, 205.0, 234.0, -1
0, 577, 4, 205.0, 234.0, -1
0, 578, 5, 205.0, 235.0, -1
0, 579, 5, 205.0, 236.0, -1
0, 580, 5, 205.0, 237.0, -1
0, 581, 3, 206.0, 234.0, -1
0, 582, 5, 206.0, 236.0, -1
0, 583, 5, 206.0, 236.0, -1
0, 584, 5, 206.0, 237.0, -1
0, 585, 5, 206.0, 237.0, -1
0, 586, 6, 206.0, 241.0, -1
0, 587, 6, 207.0, 241.0, -1
0, 588, 0, 208.0, 234.0, -1
0, 589, 8, 208.0, 240.0, -1
0, 590, 2, 209.0, 235.0, -1
0, 591, 3, 209.0, 236.0, -1
0, 592, 5, 209.0, 238.0, -1
0, 593, 4, 210.0, 236.0, -1
0, 594, 2, 212.0, 237.0, -1
0, 595, 3, 212.0, 238.0, -1
0, 596, 0, 212.0, 239.0, -1
0, 597, 0, 212.0, 241.0, -1
0, 598, 2, 213.0, 237.0, -1
0, 599, 1, 213.0, 243.0, -1
0, 600, 8, 213.0, 248.0, -1
0, 601, 1, 214.0, 244.0, -1
0, 602, 4, 215.0, 238.0, -1
0, 603, 1, 215.0, 247.0, -1
0, 604, 8, 216.0, 245.0, -1
0, 605, 4, 217.0, 239.0, -1
0, 606, 0, 217.0, 243.0, -1
0, 607, 0, 217.0, 243.0, -1
0, 608, 1, 217.0, 246.0, -1
0, 609, 8, 217.0, 249.0, -1
0, 610, 0, 218.0, 243.0, -1
0, 611, 1, 218.0, 249.0, -1
0, 612, 1, 218.0, 249.0, -1
0, 613, 1, 218.0, 249.0, -1
0, 614, 0, 219.0, 244.0, -1
0, 615, 0, 219.0, 245.0, -1
0, 616, 8, 219.0, 252.0, -1
0, 617, 0, 220.0, 245.0, -1
0, 618, 1, 220.0, 251.0, -1
0, 619, 1, 222.0, 254.0, -1
0, 620, 8, 222.0, 255.0, -1
0, 621, 8, 222.0, 255.0, -1
0, 622, 4, 224.0, 246.0, -1
0, 623, 3, 224.0, 248.0, -1
0, 624, 1, 224.0, 255.0, -1
0, 625, 8, 224.0, 256.0, -1
0, 626, 3, 225.0, 249.0, -1
0, 627, 2, 226.0, 250.0, -1
0, 628, 8, 227.0, 259.0, -1
0, 629, 2, 228.0, 252.0, -1
0, 630, 2, 228.0, 252.0, -1
0, 631, 2, 229.0, 252.0, -1
0, 632, 0, 230.0, 252.0, -1
0, 633, 4, 230.0, 252.0, -1
0, 634, 2, 230.0, 253.0, -1
0, 635, 3, 231.0, 257.0, -1
0, 636, 7, 231.0, 267.0, -1
0, 637, 5, 232.0, 257.0, -1
0, 638, 3, 232.0, 259.0, -1
0, 639, 3, 232.0, 259.0, -1
0, 640, 7, 232.0, 267.0, -1
0, 641, 3, 233.0, 261.0, -1
0, 642, 7, 233.0, 265.0, -1
0, 643, 2, 234.0, 256.0, -1
0, 644, 4, 234.0, 259.0, -1
0, 645, 5, 234.0, 261.0, -1
0, 646, 3, 234.0, 262.0, -1
0, 647, 7, 234.0, 268.0, -1
0, 648, 0, 235.0, 256.0, -1
0, 649, 2, 235.0, 257.0, -1
0, 650, 4, 235.0, 263.0, -1
0, 651, 4, 235.0, 263.0, -1
0, 652, 3, 235.0, 264.0, -1
0, 653, 4, 235.0, 264.0, -1
0, 654, 4, 235.0, 265.0, -1
0, 655, 7, 235.0, 269.0, -1
0, 656, 2, 236.0, 257.0, -1
0, 657, 5, 236.0, 263.0, -1
0, 658, 4, 236.0, 264.0, -1
0, 659, 2, 237.0, 254.0, -1
0, 660, 2, 237.0, 254.0, -1
0, 661, 3, 237.0, 263.0, -1
0, 662, 5, 237.0, 267.0, -1
0, 663, 5, 237.0, 267.0, -1
0, 664, 5, 237.0, 268.0, -1
0, 665, 5, 237.0, 268.0, -1
0, 666, 5, 237.0, 269.0, -1
0, 667, 7, 237.0, 272.0, -1
0, 668, 5, 238.0, 269.0, -1
0, 669, 5, 238.0, 269.0, -1
0, 670, 7, 238.0, 271.0, -1
0, 671, 3, 239.0, 263.0, -1
0, 672, 4, 239.0, 269.0, -1
0, 673, 6, 239.0, 274.0, -1
0, 674, 6, 239.0, 276.0, -1
0, 675, 6, 239.0, 276.0, -1
0, 676, 6, 239.0, 277.0, -1
0, 677, 0, 240.0, 263.0, -1
0, 678, 4, 240.0, 269.0, -1
0, 679, 7, 240.0, 273.0, -1
0, 680, 6, 240.0, 276.0, -1
0, 681, 6, 240.0, 278.0, -1
0, 682, 8, 241.0, 277.0, -1
0, 683, 6, 241.0, 278.0, -1
0, 684, 6, 241.0, 280.0, -1
0, 685, 0, 242.0, 268.0, -1
0, 686, 7, 242.0, 275.0, -1
0, 687, 7, 242.0, 277.0, -1
0, 688, 6, 242.0, 280.0, -1
0, 689, 6, 242.0, 280.0, -1
0, 690, 0, 244.0, 269.0, -1
0, 691, 0, 244.0, 269.0, -1
0, 692, 0, 244.0, 269.0, -1
0, 693, 0, 244.0, 269.0, -1
0, 694, 1, 244.0, 274.0, -1
0, 695, 1, 245.0, 276.0, -1
0, 696, 0, 246.0, 270.0, -1
0, 697, 0, 246.0, 271.0, -1
0, 698, 8, 246.0, 280.0, -1
0, 699, 4, 247.0, 274.0, -1
0, 700, 1, 247.0, 275.0, -1
0, 701, 3, 248.0, 270.0, -1
0, 702, 1, 248.0, 278.0, -1
0, 703, 8, 248.0, 283.0, -1
0, 704, 3, 250.0, 272.0, -1
0, 705, 1, 250.0, 279.0, -1
0, 706, 1, 250.0, 279.0, -1
0, 707, 1, 250.0, 281.0, -1
0, 708, 8, 250.0, 283.0, -1
0, 709, 2, 251.0, 265.0, -1
0, 710, 1, 251.0, 281.0, -1
0, 711, 0, 253.0, 276.0, -1
0, 712, 4, 253.0, 279.0, -1
0, 713, 2, 253.0, 282.0, -1
0, 714, 2, 253.0, 282.0, -1
0, 715, 2, 253.0, 283.0, -1
0, 716, 8, 253.0, 285.0, -1
0, 717, 2, 254.0, 284.0, -1
0, 718, 2, 254.0, 284.0, -1
0, 719, 2, 255.0, 284.0, -1
0, 720, 1, 255.0, 284.0, -1
0, 721, 8, 255.0, 287.0, -1
0, 722, 1, 256.0, 285.0, -1
0, 723, 8, 256.0, 289.0, -1
0, 724, 0, 257.0, 278.0, -1
0, 725, 2, 257.0, 285.0, -1
0, 726, 2, 257.0, 285.0, -1
0, 727, 8, 257.0, 289.0, -1
0, 728, 5, 258.0, 278.0, -1
0, 729, 3, 258.0, 284.0, -1
0, 730, 2, 258.0, 288.0, -1
0, 731, 3, 259.0, 281.0, -1
0, 732, 8, 259.0, 292.0, -1
0, 733, 3, 260.0, 285.0, -1
0, 734, 4, 260.0, 287.0, -1
0, 735, 5, 261.0, 283.0, -1
0, 736, 3, 261.0, 289.0, -1
0, 737, 0, 263.0, 284.0, -1
0, 738, 3, 263.0, 290.0, -1
0, 739, 3, 264.0, 290.0, -1
0, 740, 4, 264.0, 291.0, -1
0, 741, 3, 264.0, 291.0, -1
0, 742, 4, 264.0, 291.0, -1
0, 743, 5, 264.0, 293.0, -1
0, 744, 3, 265.0, 291.0, -1
0, 745, 4, 265.0, 294.0, -1
0, 746, 4, 265.0, 294.0, -1
0, 747, 2, 266.0, 291.0, -1
0, 748, 4, 266.0, 293.0, -1
0, 749, 7, 266.0, 299.0, -1
0, 750, 0, 268.0, 289.0, -1
0, 751, 5, 268.0, 295.0, -1
0, 752, 5, 268.0, 299.0, -1
0, 753, 7, 268.0, 303.0, -1
0, 754, 7, 268.0, 303.0, -1
0, 755, 0, 269.0, 290.0, -1
0, 756, 5, 269.0, 297.0, -1
0, 757, 5, 269.0, 298.0, -1
0, 758, 5, 269.0, 300.0, -1
0, 759, 7, 269.0, 302.0, -1
0, 760, 0, 270.0, 289.0, -1
0, 761, 0, 270.0, 289.0, -1
0, 762, 0, 270.0, 290.0, -1
0, 763, 0, 270.0, 291.0, -1
0, 764, 4, 270.0, 295.0, -1
0, 765, 4, 270.0, 299.0, -1
0, 766, 5, 270.0, 300.0, -1
0, 767, 5, 270.0, 300.0, -1
0, 768, 7, 270.0, 304.0, -1
0, 769, 0, 271.0, 293.0, -1
0, 770, 3, 271.0, 295.0, -1
0, 771, 7, 272.0, 305.0, -1
0, 772, 7, 272.0, 307.0, -1
0, 773, 3, 273.0, 299.0, -1
0, 774, 4, 274.0, 300.0, -1
0, 775, 1, 274.0, 301.0, -1
0, 776, 6, 274.0, 307.0, -1
0, 777, 7, 274.0, 307.0, -1
0, 778, 1, 276.0, 304.0, -1
0, 779, 1, 276.0, 304.0, -1
0, 780, 7, 276.0, 308.0, -1
0, 781, 6, 276.0, 311.0, -1
0, 782, 0, 277.0, 300.0, -1
0, 783, 8, 277.0, 309.0, -1
0, 784, 6, 277.0, 310.0, -1
0, 785, 6, 277.0, 311.0, -1
0, 786, 6, 277.0, 312.0, -1
0, 787, 0, 278.0, 303.0, -1
0, 788, 7, 278.0, 311.0, -1
0, 789, 4, 279.0, 304.0, -1
0, 790, 5, 279.0, 306.0, -1
0, 791, 1, 279.0, 306.0, -1
0, 792, 1, 279.0, 307.0, -1
0, 793, 1, 279.0, 308.0, -1
0, 794, 6, 279.0, 313.0, -1
0, 795, 6, 279.0, 314.0, -1
0, 796, 8, 280.0, 312.0, -1
0, 797, 6, 280.0, 315.0, -1
0, 798, 6, 280.0, 316.0, -1
0, 799, 1, 281.0, 309.0, -1
0, 800, 1, 281.0, 310.0, -1
0, 801, 6, 281.0, 316.0, -1
0, 802, 3, 282.0, 305.0, -1
0, 803, 2, 282.0, 308.0, -1
0, 804, 5, 283.0, 308.0, -1
0, 805, 2, 283.0, 313.0, -1
0, 806, 2, 284.0, 313.0, -1
0, 807, 2, 284.0, 314.0, -1
0, 808, 2, 284.0, 314.0, -1
0, 809, 8, 284.0, 316.0, -1
0, 810, 8, 284.0, 316.0, -1
0, 811, 0, 285.0, 309.0, -1
0, 812, 3, 285.0, 310.0, -1
0, 813, 1, 285.0, 312.0, -1
0, 814, 2, 285.0, 313.0, -1
0, 815, 1, 285.0, 314.0, -1
0, 816, 3, 286.0, 309.0, -1
0, 817, 2, 286.0, 315.0, -1
0, 818, 2, 286.0, 316.0, -1
0, 819, 8, 286.0, 316.0, -1
0, 820, 4, 287.0, 313.0, -1
0, 821, 8, 287.0, 319.0, -1
0, 822, 2, 288.0, 318.0, -1
0, 823, 3, 289.0, 313.0, -1
0, 824, 0, 290.0, 315.0, -1
0, 825, 0, 290.0, 316.0, -1
0, 826, 0, 290.0, 316.0, -1
0, 827, 0, 290.0, 316.0, -1
0, 828, 8, 290.0, 322.0, -1
0, 829, 8, 290.0, 322.0, -1
0, 830, 3, 291.0, 314.0, -1
0, 831, 3, 291.0, 316.0, -1
0, 832, 0, 291.0, 317.0, -1
0, 833, 3, 292.0, 311.0, -1
0, 834, 3, 292.0, 314.0, -1
0, 835, 2, 292.0, 318.0, -1
0, 836, 0, 292.0, 319.0, -1
0, 837, 4, 292.0, 320.0, -1
0, 838, 4, 292.0, 321.0, -1
0, 839, 5, 293.0, 316.0, -1
0, 840, 8, 293.0, 324.0, -1
0, 841, 0, 294.0, 319.0, -1
0, 842, 4, 294.0, 321.0, -1
0, 843, 4, 294.0, 322.0, -1
0, 844, 4, 294.0, 323.0, -1
0, 845, 3, 295.0, 315.0, -1
0, 846, 4, 296.0, 320.0, -1
0, 847, 5, 296.0, 322.0, -1
0, 848, 5, 298.0, 325.0, -1
0, 849, 5, 298.0, 326.0, -1
0, 850, 3, 299.0, 316.0, -1
0, 851, 5, 299.0, 324.0, -1
0, 852, 5, 300.0, 325.0, -1
0, 853, 4, 300.0, 326.0, -1
0, 854, 4, 300.0, 326.0, -1
0, 855, 5, 300.0, 326.0, -1
0, 856, 7, 300.0, 332.0, -1
0, 857, 0, 301.0, 324.0, -1
0, 858, 5, 301.0, 327.0, -1
0, 859, 1, 302.0, 325.0, -1
0, 860, 7, 302.0, 334.0, -1
0, 861, 0, 303.0, 326.0, -1
0, 862, 1, 304.0, 329.0, -1
0, 863, 7, 304.0, 337.0, -1
0, 864, 7, 304.0, 338.0, -1
0, 865, 4, 305.0, 327.0, -1
0, 866, 1, 305.0, 332.0, -1
0, 867, 7, 305.0, 337.0, -1
0, 868, 3, 306.0, 322.0, -1
0, 869, 5, 306.0, 330.0, -1
0, 870, 7, 306.0, 339.0, -1
0, 871, 1, 307.0, 333.0, -1
0, 872, 6, 307.0, 339.0, -1
0, 873, 7, 307.0, 340.0, -1
0, 874, 1, 308.0, 334.0, -1
0, 875, 7, 308.0, 341.0, -1
0, 876, 5, 309.0, 330.0, -1
0, 877, 0, 309.0, 330.0, -1
0, 878, 1, 309.0, 333.0, -1
0, 879, 2, 309.0, 333.0, -1
0, 880, 8, 309.0, 340.0, -1
0, 881, 7, 309.0, 341.0, -1
0, 882, 3, 310.0, 326.0, -1
0, 883, 3, 310.0, 329.0, -1
0, 884, 1, 310.0, 335.0, -1
0, 885, 3, 311.0, 334.0, -1
0, 886, 1, 311.0, 336.0, -1
0, 887, 7, 311.0, 341.0, -1
0, 888, 6, 311.0, 344.0, -1
0, 889, 6, 311.0, 345.0, -1
0, 890, 6, 312.0, 343.0, -1
0, 891, 6, 312.0, 344.0, -1
0, 892, 1, 313.0, 336.0, -1
0, 893, 2, 313.0, 340.0, -1
0, 894, 2, 313.0, 340.0, -1
0, 895, 8, 313.0, 344.0, -1
0, 896, 6, 313.0, 345.0, -1
0, 897, 1, 314.0, 337.0, -1
0, 898, 4, 314.0, 337.0, -1
0, 899, 3, 314.0, 339.0, -1
0, 900, 2, 314.0, 340.0, -1
0, 901, 2, 314.0, 341.0, -1
0, 902, 2, 314.0, 342.0, -1
0, 903, 6, 314.0, 346.0, -1
0, 904, 0, 315.0, 336.0, -1
0, 905, 3, 315.0, 339.0, -1
0, 906, 3, 315.0, 340.0, -1
0, 907, 3, 315.0, 342.0, -1
0, 908, 6, 315.0, 346.0, -1
0, 909, 0, 316.0, 338.0, -1
0, 910, 0, 316.0, 339.0, -1
0, 911, 3, 316.0, 340.0, -1
0, 912, 3, 316.0, 341.0, -1
0, 913, 2, 316.0, 343.0, -1
0, 914, 2, 316.0, 343.0, -1
0, 915, 8, 316.0, 345.0, -1
0, 916, 8, 316.0, 347.0, -1
0, 917, 6, 316.0, 348.0, -1
0, 918, 5, 317.0, 337.0, -1
0, 919, 0, 317.0, 339.0, -1
0, 920, 0, 317.0, 340.0, -1
0, 921, 6, 317.0, 347.0, -1
0, 922, 8, 317.0, 347.0, -1
0, 923, 2, 318.0, 343.0, -1
0, 924, 2, 318.0, 344.0, -1
0, 925, 0, 319.0, 341.0, -1
0, 926, 0, 319.0, 342.0, -1
0, 927, 8, 319.0, 349.0, -1
0, 928, 4, 320.0, 344.0, -1
0, 929, 4, 321.0, 345.0, -1
0, 930, 4, 321.0, 345.0, -1
0, 931, 4, 321.0, 345.0, -1
0, 932, 4, 322.0, 342.0, -1
0, 933, 5, 322.0, 344.0, -1
0, 934, 8, 322.0, 350.0, -1
0, 935, 8, 322.0, 350.0, -1
0, 936, 4, 323.0, 342.0, -1
0, 937, 3, 323.0, 346.0, -1
0, 938, 0, 324.0, 346.0, -1
0, 939, 8, 324.0, 350.0, -1
0, 940, 5, 325.0, 344.0, -1
0, 941, 5, 325.0, 346.0, -1
0, 942, 5, 325.0, 346.0, -1
0, 943, 5, 326.0, 345.0, -1
0, 944, 0, 326.0, 346.0, -1
0, 945, 4, 326.0, 347.0, -1
0, 946, 1, 326.0, 347.0, -1
0, 947, 3, 326.0, 347.0, -1
0, 948, 5, 327.0, 345.0, -1
0, 949, 5, 327.0, 345.0, -1
0, 950, 4, 327.0, 348.0, -1
0, 951, 4, 328.0, 347.0, -1
0, 952, 3, 329.0, 347.0, -1
0, 953, 1, 329.0, 348.0, -1
0, 954, 5, 330.0, 342.0, -1
0, 955, 0, 330.0, 348.0, -1
0, 956, 5, 331.0, 348.0, -1
0, 957, 7, 332.0, 347.0, -1
0, 958, 1, 332.0, 348.0, -1
0, 959, 1, 333.0, 349.0, -1
0, 960, 2, 334.0, 347.0, -1
0, 961, 7, 334.0, 348.0, -1
0, 962, 1, 334.0, 350.0, -1
0, 963, 1, 334.0, 350.0, -1
0, 964, 3, 335.0, 348.0, -1
0, 965, 2, 345.0, 350.0, 439.0
0, 966, 2, 345.0, 350.0, 435.0
0, 967, 2, 345.0, 350.0, 434.0
0, 968, 2, 345.0, 350.0, 431.0
0, 969, 0, 345.0, 350.0, 437.0
0, 970, 6, 345.0, 350.0, 451.0
0, 971, 1, 345.0, 350.0, 443.0
0, 972, 6, 345.0, 350.0, 449.0
0, 973, 1, 345.0, 350.0, 444.0
0, 974, 2, 345.0, 350.0, 431.0
0, 975, 6, 345.0, 350.0, 454.0
0, 976, 1, 345.0, 350.0, 444.0
0, 977, 1, 345.0, 350.0, 441.0
0, 978, 6, 345.0, 350.0, 455.0
0, 979, 5, 345.0, 350.0, 429.0
0, 980, 3, 345.0, 350.0, 427.0
0, 981, 2, 345.0, 350.0, 430.0
0, 982, 0, 345.0, 350.0, 435.0
0, 983, 3, 345.0, 350.0, 431.0
0, 984, 3, 345.0, 350.0, 430.0
0, 985, 3, 345.0, 350.0, 435.0
0, 986, 3, 345.0, 350.0, 432.0
0, 987, 3, 345.0, 350.0, 429.0
0, 988, 4, 345.0, 350.0, 427.0
0, 989, 2, 345.0, 350.0, 427.0
0, 990, 0, 345.0, 350.0, 434.0
0, 991, 0, 345.0, 350.0, 430.0
0, 992, 5, 345.0, 350.0, 435.0
0, 993, 4, 345.0, 350.0, 430.0
0, 994, 0, 345.0, 350.0, 434.0
0, 995, 4, 345.0, 350.0, 432.0
0, 996, 4, 345.0, 350.0, 435.0
0, 997, 4, 345.0, 350.0, 437.0
0, 998, 2, 345.0, 350.0, 432.0
0, 999, 4, 345.0, 350.0, 433.0
0, 1000, 4, 345.0, 350.0, 429.0
0, 1001, 5, 345.0, 350.0, 434.0
0, 1002, 5, 345.0, 350.0, 433.0
0, 1003, 0, 345.0, 350.0, 438.0
0, 1004, 0, 345.0, 350.0, 435.0
0, 1005, 2, 345.0, 350.0, 428.0
0, 1006, 5, 345.0, 350.0, 433.0
0, 1007, 6, 345.0, 350.0, 453.0
0, 1008, 8, 345.0, 350.0, 447.0
0, 1009, 6, 345.0, 351.0, 455.0
0, 1010, 7, 345.0, 351.0, 455.0
0, 1011, 7, 345.0, 351.0, 447.0
0, 1012, 7, 345.0, 351.0, 456.0
0, 1013, 7, 345.0, 351.0, 458.0
0, 1014, 7, 345.0, 351.0, 459.0
0, 1015, 8, 345.0, 351.0, 449.0
0, 1016, 7, 345.0, 351.0, 458.0
0, 1017, 7, 345.0, 351.0, 459.0
0, 1018, 7, 345.0, 351.0, 457.0
0, 1019, 5, 345.0, 358.0, 433.0
0, 1020, 5, 346.0, 350.0, 432.0
0, 1021, 0, 346.0, 350.0, 435.0
0, 1022, 0, 346.0, 350.0, 434.0
0, 1023, 6, 346.0, 350.0, 454.0
0, 1024, 8, 346.0, 351.0, 451.0
0, 1025, 5, 346.0, 359.0, 434.0
0, 1026, 3, 346.0, 360.0, 438.0
0, 1027, 4, 347.0, 350.0, 435.0
0, 1028, 5, 347.0, 350.0, 436.0
0, 1029, 2, 347.0, 350.0, 438.0
0, 1030, 1, 347.0, 351.0, 448.0
0, 1031, 4, 347.0, 351.0, 434.0
0, 1032, 6, 347.0, 351.0, 458.0
0, 1033, 8, 347.0, 351.0, 455.0
0, 1034, 7, 347.0, 351.0, 457.0
0, 1035, 8, 347.0, 351.0, 452.0
0, 1036, 6, 347.0, 352.0, 458.0
0, 1037, 3, 348.0, 351.0, 435.0
0, 1038, 4, 348.0, 351.0, 436.0
0, 1039, 3, 348.0, 351.0, 435.0
0, 1040, 5, 348.0, 351.0, 434.0
0, 1041, 1, 348.0, 351.0, 447.0
0, 1042, 7, 348.0, 352.0, 462.0
0, 1043, 3, 349.0, 352.0, 436.0
0, 1044, 1, 349.0, 352.0, 448.0
0, 1045, 0, 349.0, 352.0, 438.0
0, 1046, 8, 349.0, 352.0, 450.0
0, 1047, 1, 349.0, 352.0, 447.0
0, 1048, 6, 349.0, 352.0, 461.0
0, 1049, 1, 350.0, 353.0, 449.0
0, 1050, 1, 350.0, 353.0, 450.0
0, 1051, 8, 350.0, 354.0, 459.0
0, 1052, 8, 350.0, 354.0, 456.0
0, 1053, 8, 350.0, 354.0, 456.0
0, 1054, 3, 428.0, 431.0, 504.0
0, 1055, 2, 428.0, 431.0, 502.0
0, 1056, 4, 428.0, 431.0, 507.0
0, 1057, 2, 429.0, 432.0, 504.0
0, 1058, 3, 430.0, 432.0, 509.0
0, 1059, 4, 430.0, 433.0, 508.0
0, 1060, 5, 430.0, 433.0, 500.0
0, 1061, 3, 431.0, 433.0, 509.0
0, 1062, 4, 431.0, 433.0, 519.0
0, 1063, 2, 431.0, 433.0, 508.0
0, 1064, 0, 431.0, 434.0, 505.0
1, 1065, 4, 531.0, 545.0, -1
1, 1066, 4, 531.0, 545.0, -1
1, 1067, 4, 531.0, 545.0, -1
1, 1068, 4, 531.0, 546.0, -1
1, 1069, 4, 531.0, 546.0, -1
1, 1070, 4, 531.0, 546.0, -1
1, 1071, 4, 531.0, 546.0, -1
1, 1072, 4, 531.0, 546.0, -1
1, 1073, 6, 531.0, 546.0, -1
1, 1074, 1, 531.0, 547.0, -1
1, 1075, 6, 531.0, 547.0, -1
1, 1076, 5, 531.0, 547.0, -1
1, 1077, 8, 531.0, 547.0, -1
1, 1078, 6, 531.0, 547.0, -1
1, 1079, 8, 531.0, 547.0, -1
1, 1080, 5, 531.0, 547.0, -1
1, 1081, 1, 531.0, 547.0, -1
1, 1082, 7, 531.0, 547.0, -1
1, 1083, 4, 531.0, 547.0, -1
1, 1084, 2, 531.0, 547.0, -1
1, 1085, 8, 531.0, 547.0, -1
1, 1086, 3, 531.0, 547.0, -1
1, 1087, 8, 531.0, 547.0, -1
1, 1088, 1, 531.0, 547.0, -1
1, 1089, 8, 531.0, 547.0, -1
1, 1090, 1, 531.0, 547.0, -1
1, 1091, 6, 531.0, 547.0, -1
1, 1092, 6, 531.0, 547.0, -1
1, 1093, 1, 531.0, 547.0, -1
1, 1094, 1, 531.0, 547.0, -1
1, 1095, 2, 531.0, 547.0, -1
1, 1096, 6, 531.0, 547.0, -1
1, 1097, 1, 531.0, 547.0, -1
1, 1098, 5, 531.0, 547.0, -1
1, 1099, 8, 531.0, 547.0, -1
1, 1100, 0, 531.0, 547.0, -1
1, 1101, 8, 531.0, 547.0, -1
1, 1102, 2, 531.0, 547.0, -1
1, 1103, 6, 531.0, 547.0, -1
1, 1104, 6, 531.0, 547.0, -1
1, 1105, 7, 531.0, 547.0, -1
1, 1106, 7, 531.0, 547.0, -1
1, 1107, 7, 531.0, 547.0, -1
1, 1108, 0, 531.0, 547.0, -1
1, 1109, 0, 531.0, 547.0, -1
1, 1110, 7, 531.0, 547.0, -1
1, 1111, 5, 531.0, 547.0, -1
1, 1112, 2, 531.0, 547.0, -1
1, 1113, 0, 531.0, 547.0, -1
1, 1114, 2, 531.0, 547.0, -1
1, 1115, 7, 531.0, 547.0, -1
1, 1116, 8, 531.0, 547.0, -1
1, 1117, 0, 531.0, 547.0, -1
1, 1118, 3, 531.0, 547.0, -1
1, 1119, 7, 531.0, 547.0, -1
1, 1120, 3, 531.0, 547.0, -1
1, 1121, 7, 531.0, 547.0, -1
1, 1122, 2, 531.0, 547.0, -1
1, 1123, 1, 531.0, 547.0, -1
1, 1124, 3, 531.0, 547.0, -1
1, 1125, 1, 531.0, 548.0, -1
1, 1126, 8, 531.0, 548.0, -1
1, 1127, 5, 531.0, 548.0, -1
1, 1128, 3, 531.0, 548.0, -1
1, 1129, 0, 531.0, 548.0, -1
1, 1130, 6, 531.0, 548.0, -1
1, 1131, 1, 531.0, 548.0, -1
1, 1132, 3, 531.0, 548.0, -1
1, 1133, 7, 531.0, 548.0, -1
1, 1134, 8, 531.0, 548.0, -1
1, 1135, 3, 531.0, 548.0, -1
1, 1136, 7, 531.0, 548.0, -1
1, 1137, 5, 531.0, 548.0, -1
1, 1138, 5, 531.0, 548.0, -1
1, 1139, 5, 531.0, 548.0, -1
1, 1140, 2, 531.0, 548.0, -1
1, 1141, 2, 531.0, 548.0, -1
1, 1142, 2, 531.0, 548.0, -1
1, 1143, 3, 531.0, 548.0, -1
1, 1144, 6, 531.0, 548.0, -1
1, 1145, 0, 531.0, 548.0, -1
1, 1146, 2, 531.0, 548.0, -1
1, 1147, 0, 531.0, 548.0, -1
1, 1148, 3, 531.0, 548.0, -1
1, 1149, 0, 531.0, 548.0, -1
1, 1150, 3, 531.0, 548.0, -1
1, 1151, 5, 531.0, 548.0, -1
1, 1152, 0, 531.0, 548.0, -1
1, 1153, 5, 531.0, 549.0, -1
1, 1154, 4, 545.0, 559.0, -1
1, 1155, 4, 545.0, 560.0, -1
1, 1156, 4, 545.0, 561.0, -1
1, 1157, 6, 546.0, 561.0, -1
1, 1158, 4, 546.0, 561.0, -1
1, 1159, 4, 547.0, 560.0, -1
1, 1160, 4, 547.0, 560.0, -1
1, 1161, 4, 547.0, 560.0, -1
1, 1162, 4, 547.0, 561.0, -1
1, 1163, 0, 548.0, 561.0, -1
1, 1164, 0, 548.0, 561.0, -1
1, 1165, 0, 548.0, 561.0, -1
1, 1166, 6, 548.0, 561.0, -1
1, 1167, 6, 548.0, 561.0, -1
1, 1168, 7, 548.0, 561.0, -1
1, 1169, 0, 548.0, 561.0, -1
1, 1170, 6, 548.0, 561.0, -1
1, 1171, 6, 548.0, 561.0, -1
1, 1172, 5, 548.0, 561.0, -1
1, 1173, 6, 548.0, 561.0, -1
1, 1174, 6, 548.0, 561.0, -1
1, 1175, 6, 548.0, 561.0, -1
1, 1176, 8, 548.0, 562.0, -1
1, 1177, 7, 548.0, 562.0, -1
1, 1178, 8, 548.0, 562.0, -1
1, 1179, 7, 548.0, 562.0, -1
1, 1180, 1, 548.0, 562.0, -1
1, 1181, 2, 548.0, 562.0, -1
1, 1182, 1, 548.0, 562.0, -1
1, 1183, 7, 548.0, 562.0, -1
1, 1184, 8, 548.0, 562.0, -1
1, 1185, 1, 548.0, 562.0, -1
1, 1186, 1, 548.0, 562.0, -1
1, 1187, 8, 548.0, 562.0, -1
1, 1188, 2, 548.0, 562.0, -1
1, 1189, 5, 548.0, 562.0, -1
1, 1190, 7, 548.0, 562.0, -1
1, 1191, 4, 548.0, 562.0, -1
1, 1192, 5, 548.0, 562.0, -1
1, 1193, 7, 548.0, 562.0, -1
1, 1194, 8, 548.0, 562.0, -1
1, 1195, 1, 548.0, 562.0, -1
1, 1196, 2, 548.0, 562.0, -1
1, 1197, 0, 548.0, 562.0, -1
1, 1198, 3, 548.0, 562.0, -1
1, 1199, 7, 548.0, 562.0, -1
1, 1200, 1, 548.0, 562.0, -1
1, 1201, 8, 548.0, 562.0, -1
1, 1202, 8, 548.0, 562.0, -1
1, 1203, 3, 548.0, 562.0, -1
1, 1204, 7, 548.0, 562.0, -1
1, 1205, 8, 548.0, 562.0, -1
1, 1206, 2, 548.0, 562.0, -1
1, 1207, 5, 548.0, 562.0, -1
1, 1208, 2, 548.0, 562.0, -1
1, 1209, 3, 548.0, 562.0, -1
1, 1210, 1, 548.0, 562.0, -1
1, 1211, 2, 548.0, 562.0, -1
1, 1212, 1, 548.0, 563.0, -1
1, 1213, 3, 548.0, 563.0, -1
1, 1214, 0, 549.0, 562.0, -1
1, 1215, 0, 549.0, 562.0, -1
1, 1216, 8, 549.0, 562.0, -1
1, 1217, 8, 549.0, 562.0, -1
1, 1218, 0, 549.0, 562.0, -1
1, 1219, 5, 549.0, 563.0, -1
1, 1220, 3, 549.0, 563.0, -1
1, 1221, 1, 549.0, 563.0, -1
1, 1222, 5, 549.0, 563.0, -1
1, 1223, 0, 549.0, 563.0, -1
1, 1224, 2, 549.0, 563.0, -1
1, 1225, 6, 549.0, 563.0, -1
1, 1226, 2, 549.0, 563.0, -1
1, 1227, 3, 549.0, 563.0, -1
1, 1228, 0, 549.0, 563.0, -1
1, 1229, 2, 549.0, 563.0, -1
1, 1230, 1, 549.0, 563.0, -1
1, 1231, 2, 549.0, 563.0, -1
1, 1232, 5, 549.0, 563.0, -1
1, 1233, 7, 549.0, 563.0, -1
1, 1234, 7, 549.0, 563.0, -1
1, 1235, 3, 549.0, 563.0, -1
1, 1236, 6, 549.0, 563.0, -1
1, 1237, 3, 549.0, 563.0, -1
1, 1238, 5, 549.0, 563.0, -1
1, 1239, 3, 549.0, 563.0, -1
1, 1240, 3, 549.0, 563.0, -1
1, 1241, 5, 549.0, 564.0, -1
1, 1242, 5, 550.0, 565.0, -1
1, 1243, 4, 560.0, 573.0, -1
1, 1244, 4, 561.0, 574.0, -1
1, 1245, 4, 561.0, 575.0, -1
1, 1246, 4, 561.0, 575.0, -1
1, 1247, 4, 561.0, 575.0, -1
1, 1248, 0, 562.0, 575.0, -1
1, 1249, 4, 562.0, 575.0, -1
1, 1250, 4, 562.0, 575.0, -1
1, 1251, 6, 562.0, 575.0, -1
1, 1252, 0, 562.0, 575.0, -1
1, 1253, 0, 562.0, 575.0, -1
1, 1254, 4, 562.0, 575.0, -1
1, 1255, 8, 562.0, 576.0, -1
1, 1256, 6, 562.0, 576.0, -1
1, 1257, 7, 562.0, 576.0, -1
1, 1258, 6, 562.0, 576.0, -1
1, 1259, 6, 562.0, 576.0, -1
1, 1260, 6, 562.0, 576.0, -1
1, 1261, 7, 562.0, 576.0, -1
1, 1262, 5, 562.0, 576.0, -1
1, 1263, 6, 562.0, 576.0, -1
1, 1264, 6, 562.0, 576.0, -1
1, 1265, 0, 562.0, 576.0, -1
1, 1266, 6, 562.0, 576.0, -1
1, 1267, 8, 562.0, 576.0, -1
1, 1268, 0, 563.0, 576.0, -1
1, 1269, 4, 563.0, 576.0, -1
1, 1270, 5, 563.0, 576.0, -1
1, 1271, 0, 563.0, 576.0, -1
1, 1272, 0, 563.0, 576.0, -1
1, 1273, 1, 563.0, 576.0, -1
1, 1274, 0, 563.0, 576.0, -1
1, 1275, 8, 563.0, 576.0, -1
1, 1276, 7, 563.0, 576.0, -1
1, 1277, 1, 563.0, 576.0, -1
1, 1278, 1, 563.0, 576.0, -1
1, 1279, 7, 563.0, 576.0, -1
1, 1280, 7, 563.0, 577.0, -1
1, 1281, 2, 563.0, 577.0, -1
1, 1282, 1, 563.0, 577.0, -1
1, 1283, 5, 563.0, 577.0, -1
1, 1284, 8, 563.0, 577.0, -1
1, 1285, 8, 563.0, 577.0, -1
1, 1286, 1, 563.0, 577.0, -1
1, 1287, 8, 563.0, 577.0, -1
1, 1288, 2, 563.0, 577.0, -1
1, 1289, 7, 563.0, 577.0, -1
1, 1290, 8, 563.0, 577.0, -1
1, 1291, 8, 563.0, 577.0, -1
1, 1292, 7, 563.0, 577.0, -1
1, 1293, 3, 563.0, 577.0, -1
1, 1294, 5, 563.0, 577.0, -1
1, 1295, 3, 563.0, 577.0, -1
1, 1296, 2, 563.0, 577.0, -1
1, 1297, 1, 563.0, 577.0, -1
1, 1298, 5, 563.0, 577.0, -1
1, 1299, 8, 563.0, 577.0, -1
1, 1300, 2, 563.0, 577.0, -1
1, 1301, 8, 563.0, 577.0, -1
1, 1302, 2, 563.0, 577.0, -1
1, 1303, 3, 563.0, 577.0, -1
1, 1304, 3, 563.0, 577.0, -1
1, 1305, 7, 563.0, 577.0, -1
1, 1306, 1, 563.0, 577.0, -1
1, 1307, 2, 563.0, 578.0, -1
1, 1308, 5, 564.0, 577.0, -1
1, 1309, 2, 564.0, 577.0, -1
1, 1310, 0, 564.0, 577.0, -1
1, 1311, 6, 564.0, 577.0, -1
1, 1312, 3, 564.0, 577.0, -1
1, 1313, 6, 564.0, 577.0, -1
1, 1314, 2, 564.0, 578.0, -1
1, 1315, 5, 564.0, 578.0, -1
1, 1316, 2, 564.0, 578.0, -1
1, 1317, 1, 564.0, 578.0, -1
1, 1318, 3, 564.0, 578.0, -1
1, 1319, 3, 564.0, 578.0, -1
1, 1320, 0, 564.0, 578.0, -1
1, 1321, 1, 564.0, 578.0, -1
1, 1322, 7, 564.0, 578.0, -1
1, 1323, 3, 564.0, 578.0, -1
1, 1324, 3, 564.0, 578.0, -1
1, 1325, 5, 564.0, 578.0, -1
1, 1326, 2, 564.0, 578.0, -1
1, 1327, 7, 564.0, 578.0, -1
1, 1328, 1, 564.0, 578.0, -1
1, 1329, 3, 564.0, 579.0, -1
1, 1330, 5, 565.0, 578.0, -1
1, 1331, 5, 566.0, 580.0, -1
1, 1332, 4, 574.0, 588.0, -1
1, 1333, 4, 575.0, 588.0, -1
1, 1334, 4, 575.0, 589.0, -1
1, 1335, 0, 576.0, 588.0, -1
1, 1336, 7, 576.0, 589.0, -1
1, 1337, 0, 576.0, 589.0, -1
1, 1338, 0, 576.0, 589.0, -1
1, 1339, 4, 576.0, 589.0, -1
1, 1340, 4, 576.0, 590.0, -1
1, 1341, 4, 576.0, 590.0, -1
1, 1342, 8, 576.0, 590.0, -1
1, 1343, 6, 576.0, 590.0, -1
1, 1344, 4, 576.0, 590.0, -1
1, 1345, 4, 576.0, 590.0, -1
1, 1346, 6, 576.0, 590.0, -1
1, 1347, 6, 576.0, 590.0, -1
1, 1348, 6, 576.0, 590.0, -1
1, 1349, 4, 577.0, 590.0, -1
1, 1350, 0, 577.0, 590.0, -1
1, 1351, 0, 577.0, 590.0, -1
1, 1352, 6, 577.0, 590.0, -1
1, 1353, 0, 577.0, 590.0, -1
1, 1354, 7, 577.0, 590.0, -1
1, 1355, 0, 577.0, 590.0, -1
1, 1356, 7, 577.0, 590.0, -1
1, 1357, 1, 577.0, 591.0, -1
1, 1358, 5, 577.0, 591.0, -1
1, 1359, 1, 577.0, 591.0, -1
1, 1360, 6, 577.0, 591.0, -1
1, 1361, 8, 577.0, 591.0, -1
1, 1362, 8, 577.0, 591.0, -1
1, 1363, 6, 577.0, 591.0, -1
1, 1364, 1, 577.0, 591.0, -1
1, 1365, 6, 577.0, 591.0, -1
1, 1366, 5, 577.0, 591.0, -1
1, 1367, 1, 577.0, 591.0, -1
1, 1368, 7, 577.0, 591.0, -1
1, 1369, 7, 577.0, 591.0, -1
1, 1370, 5, 577.0, 591.0, -1
1, 1371, 2, 577.0, 591.0, -1
1, 1372, 0, 577.0, 591.0, -1
1, 1373, 1, 578.0, 591.0, -1
1, 1374, 8, 578.0, 591.0, -1
1, 1375, 1, 578.0, 591.0, -1
1, 1376, 0, 578.0, 591.0, -1
1, 1377, 3, 578.0, 591.0, -1
1, 1378, 3, 578.0, 592.0, -1
1, 1379, 8, 578.0, 592.0, -1
1, 1380, 7, 578.0, 592.0, -1
1, 1381, 6, 578.0, 592.0, -1
1, 1382, 8, 578.0, 592.0, -1
1, 1383, 8, 578.0, 592.0, -1
1, 1384, 7, 578.0, 592.0, -1
1, 1385, 5, 578.0, 592.0, -1
1, 1386, 8, 578.0, 592.0, -1
1, 1387, 3, 578.0, 592.0, -1
1, 1388, 8, 578.0, 592.0, -1
1, 1389, 3, 578.0, 592.0, -1
1, 1390, 5, 578.0, 592.0, -1
1, 1391, 3, 578.0, 592.0, -1
1, 1392, 2, 578.0, 592.0, -1
1, 1393, 7, 578.0, 592.0, -1
1, 1394, 6, 578.0, 592.0, -1
1, 1395, 8, 578.0, 592.0, -1
1, 1396, 5, 578.0, 592.0, -1
1, 1397, 1, 578.0, 592.0, -1
1, 1398, 2, 578.0, 592.0, -1
1, 1399, 2, 578.0, 592.0, -1
1, 1400, 2, 578.0, 592.0, -1
1, 1401, 2, 578.0, 592.0, -1
1, 1402, 2, 578.0, 592.0, -1
1, 1403, 5, 578.0, 593.0, -1
1, 1404, 2, 578.0, 593.0, -1
1, 1405, 0, 579.0, 592.0, -1
1, 1406, 1, 579.0, 592.0, -1
1, 1407, 7, 579.0, 592.0, -1
1, 1408, 1, 579.0, 593.0, -1
1, 1409, 2, 579.0, 593.0, -1
1, 1410, 7, 579.0, 593.0, -1
1, 1411, 5, 579.0, 593.0, -1
1, 1412, 3, 579.0, 593.0, -1
1, 1413, 2, 579.0, 593.0, -1
1, 1414, 3, 579.0, 593.0, -1
1, 1415, 3, 579.0, 593.0, -1
1, 1416, 5, 579.0, 593.0, -1
1, 1417, 1, 579.0, 593.0, -1
1, 1418, 3, 579.0, 593.0, -1
1, 1419, 3, 580.0, 593.0, -1
1, 1420, 5, 581.0, 594.0, -1
1, 1421, 4, 589.0, 602.0, -1
1, 1422, 4, 589.0, 602.0, -1
1, 1423, 0, 589.0, 602.0, -1
1, 1424, 4, 589.0, 602.0, -1
1, 1425, 0, 590.0, 603.0, -1
1, 1426, 4, 590.0, 603.0, -1
1, 1427, 7, 590.0, 604.0, -1
1, 1428, 4, 590.0, 604.0, -1
1, 1429, 4, 590.0, 604.0, -1
1, 1430, 0, 590.0, 604.0, -1
1, 1431, 0, 591.0, 604.0, -1
1, 1432, 0, 591.0, 604.0, -1
1, 1433, 0, 591.0, 604.0, -1
1, 1434, 0, 591.0, 604.0, -1
1, 1435, 4, 591.0, 605.0, -1
1, 1436, 1, 591.0, 605.0, -1
1, 1437, 6, 591.0, 605.0, -1
1, 1438, 1, 591.0, 605.0, -1
1, 1439, 6, 591.0, 605.0, -1
1, 1440, 6, 591.0, 605.0, -1
1, 1441, 4, 591.0, 605.0, -1
1, 1442, 6, 591.0, 605.0, -1
1, 1443, 1, 591.0, 605.0, -1
1, 1444, 6, 591.0, 605.0, -1
1, 1445, 5, 591.0, 605.0, -1
1, 1446, 7, 591.0, 605.0, -1
1, 1447, 6, 591.0, 605.0, -1
1, 1448, 6, 591.0, 605.0, -1
1, 1449, 4, 591.0, 605.0, -1
1, 1450, 6, 591.0, 605.0, -1
1, 1451, 5, 591.0, 605.0, -1
1, 1452, 8, 591.0, 605.0, -1
1, 1453, 8, 591.0, 605.0, -1
1, 1454, 8, 591.0, 605.0, -1
1, 1455, 7, 591.0, 605.0, -1
1, 1456, 8, 592.0, 597.0, -1
1, 1457, 8, 592.0, 597.0, -1
1, 1458, 0, 592.0, 605.0, -1
1, 1459, 0, 592.0, 605.0, -1
1, 1460, 7, 592.0, 605.0, -1
1, 1461, 1, 592.0, 606.0, -1
1, 1462, 1, 592.0, 606.0, -1
1, 1463, 8, 592.0, 606.0, -1
1, 1464, 2, 592.0, 606.0, -1
1, 1465, 3, 592.0, 606.0, -1
1, 1466, 1, 592.0, 606.0, -1
1, 1467, 7, 592.0, 606.0, -1
1, 1468, 7, 592.0, 606.0, -1
1, 1469, 5, 592.0, 606.0, -1
1, 1470, 6, 592.0, 606.0, -1
1, 1471, 8, 592.0, 606.0, -1
1, 1472, 7, 592.0, 606.0, -1
1, 1473, 3, 592.0, 607.0, -1
1, 1474, 8, 593.0, 598.0, -1
1, 1475, 8, 593.0, 598.0, -1
1, 1476, 0, 593.0, 605.0, -1
1, 1477, 7, 593.0, 606.0, -1
1, 1478, 3, 593.0, 606.0, -1
1, 1479, 7, 593.0, 607.0, -1
1, 1480, 1, 593.0, 607.0, -1
1, 1481, 2, 593.0, 607.0, -1
1, 1482, 6, 593.0, 607.0, -1
1, 1483, 3, 593.0, 607.0, -1
1, 1484, 5, 593.0, 607.0, -1
1, 1485, 1, 593.0, 607.0, -1
1, 1486, 7, 593.0, 607.0, -1
1, 1487, 3, 593.0, 607.0, -1
1, 1488, 2, 593.0, 607.0, -1
1, 1489, 1, 593.0, 607.0, -1
1, 1490, 2, 593.0, 607.0, -1
1, 1491, 2, 593.0, 607.0, -1
1, 1492, 2, 593.0, 607.0, -1
1, 1493, 5, 593.0, 607.0, -1
1, 1494, 5, 593.0, 607.0, -1
1, 1495, 2, 593.0, 607.0, -1
1, 1496, 5, 593.0, 607.0, -1
1, 1497, 2, 593.0, 607.0, -1
1, 1498, 8, 593.0, 608.0, -1
1, 1499, 2, 593.0, 608.0, -1
1, 1500, 5, 594.0, 607.0, -1
1, 1501, 2, 594.0, 607.0, -1
1, 1502, 1, 594.0, 608.0, -1
1, 1503, 3, 594.0, 608.0, -1
1, 1504, 3, 594.0, 608.0, -1
1, 1505, 3, 594.0, 608.0, -1
1, 1506, 3, 594.0, 608.0, -1
1, 1507, 3, 594.0, 608.0, -1
1, 1508, 5, 594.0, 609.0, -1
1, 1509, 5, 595.0, 608.0, -1
1, 1510, 8, 598.0, 611.0, -1
1, 1511, 8, 598.0, 612.0, -1
1, 1512, 8, 599.0, 612.0, -1
1, 1513, 8, 599.0, 613.0, -1
1, 1514, 4, 603.0, 616.0, -1
1, 1515, 4, 603.0, 616.0, -1
1, 1516, 0, 603.0, 616.0, -1
1, 1517, 4, 603.0, 617.0, -1
1, 1518, 0, 604.0, 617.0, -1
1, 1519, 4, 604.0, 617.0, -1
1, 1520, 6, 605.0, 610.0, -1
1, 1521, 7, 605.0, 610.0, -1
1, 1522, 1, 605.0, 610.0, -1
1, 1523, 1, 605.0, 610.0, -1
1, 1524, 6, 605.0, 610.0, -1
1, 1525, 0, 605.0, 610.0, -1
1, 1526, 0, 605.0, 618.0, -1
1, 1527, 0, 605.0, 618.0, -1
1, 1528, 4, 605.0, 618.0, -1
1, 1529, 0, 605.0, 618.0, -1
1, 1530, 4, 605.0, 619.0, -1
1, 1531, 0, 605.0, 619.0, -1
1, 1532, 6, 605.0, 619.0, -1
1, 1533, 4, 605.0, 619.0, -1
1, 1534, 0, 605.0, 619.0, -1
1, 1535, 4, 605.0, 620.0, -1
1, 1536, 2, 606.0, 618.0, -1
1, 1537, 8, 606.0, 618.0, -1
1, 1538, 5, 606.0, 619.0, -1
1, 1539, 5, 606.0, 619.0, -1
1, 1540, 8, 606.0, 619.0, -1
1, 1541, 1, 606.0, 619.0, -1
1, 1542, 1, 606.0, 619.0, -1
1, 1543, 3, 606.0, 619.0, -1
1, 1544, 8, 606.0, 619.0, -1
1, 1545, 0, 606.0, 619.0, -1
1, 1546, 0, 606.0, 619.0, -1
1, 1547, 7, 606.0, 619.0, -1
1, 1548, 6, 606.0, 619.0, -1
1, 1549, 4, 606.0, 619.0, -1
1, 1550, 8, 606.0, 620.0, -1
1, 1551, 7, 606.0, 620.0, -1
1, 1552, 1, 606.0, 620.0, -1
1, 1553, 1, 606.0, 620.0, -1
1, 1554, 7, 606.0, 620.0, -1
1, 1555, 6, 606.0, 620.0, -1
1, 1556, 6, 606.0, 620.0, -1
1, 1557, 6, 606.0, 620.0, -1
1, 1558, 6, 606.0, 620.0, -1
1, 1559, 7, 606.0, 620.0, -1
1, 1560, 7, 606.0, 620.0, -1
1, 1561, 5, 607.0, 612.0, -1
1, 1562, 5, 607.0, 612.0, -1
1, 1563, 2, 607.0, 619.0, -1
1, 1564, 3, 607.0, 620.0, -1
1, 1565, 3, 607.0, 620.0, -1
1, 1566, 8, 607.0, 620.0, -1
1, 1567, 7, 607.0, 621.0, -1
1, 1568, 3, 607.0, 621.0, -1
1, 1569, 1, 607.0, 621.0, -1
1, 1570, 7, 607.0, 621.0, -1
1, 1571, 6, 607.0, 621.0, -1
1, 1572, 7, 607.0, 621.0, -1
1, 1573, 6, 607.0, 621.0, -1
1, 1574, 5, 608.0, 613.0, -1
1, 1575, 2, 608.0, 613.0, -1
1, 1576, 2, 608.0, 613.0, -1
1, 1577, 2, 608.0, 613.0, -1
1, 1578, 2, 608.0, 613.0, -1
1, 1579, 3, 608.0, 613.0, -1
1, 1580, 3, 608.0, 613.0, -1
1, 1581, 3, 608.0, 613.0, -1
1, 1582, 3, 608.0, 613.0, -1
1, 1583, 1, 608.0, 621.0, -1
1, 1584, 7, 608.0, 622.0, -1
1, 1585, 1, 608.0, 622.0, -1
1, 1586, 4, 621.0, 631.0, 664.0
1, 1587, 0, 621.0, 632.0, 664.0
1, 1588, 6, 621.0, 632.0, 666.0
1, 1589, 1, 621.0, 632.0, 666.0
1, 1590, 4, 621.0, 632.0, 666.0
1, 1591, 7, 621.0, 632.0, 665.0
1, 1592, 5, 621.0, 633.0, 664.0
1, 1593, 2, 621.0, 633.0, 664.0
1, 1594, 0, 621.0, 634.0, 666.0
1, 1595, 5, 621.0, 634.0, 671.0
1, 1596, 3, 621.0, 635.0, 664.0
1, 1597, 6, 621.0, 635.0, 668.0
1, 1598, 5, 621.0, 635.0, 665.0
1, 1599, 2, 621.0, 635.0, 665.0
1, 1600, 3, 621.0, 635.0, 667.0
1, 1601, 1, 621.0, 635.0, 666.0
1, 1602, 2, 621.0, 635.0, 670.0
1, 1603, 7, 621.0, 635.0, 665.0
1, 1604, 2, 621.0, 635.0, 669.0
1, 1605, 5, 621.0, 635.0, 666.0
1, 1606, 1, 621.0, 635.0, 664.0
1, 1607, 0, 621.0, 635.0, 667.0
1, 1608, 2, 621.0, 635.0, 666.0
1, 1609, 1, 621.0, 635.0, 665.0
1, 1610, 8, 621.0, 635.0, 666.0
1, 1611, 8, 621.0, 635.0, 666.0
1, 1612, 7, 621.0, 635.0, 666.0
1, 1613, 1, 621.0, 635.0, 665.0
1, 1614, 1, 621.0, 635.0, 665.0
1, 1615, 3, 621.0, 635.0, 666.0
1, 1616, 3, 621.0, 636.0, 666.0
1, 1617, 1, 621.0, 636.0, 668.0
1, 1618, 8, 621.0, 636.0, 666.0
1, 1619, 0, 621.0, 636.0, 664.0
1, 1620, 8, 621.0, 636.0, 666.0
1, 1621, 1, 621.0, 636.0, 665.0
1, 1622, 3, 621.0, 636.0, 666.0
1, 1623, 8, 621.0, 636.0, 666.0
1, 1624, 3, 621.0, 636.0, 667.0
1, 1625, 5, 621.0, 636.0, 668.0
1, 1626, 0, 621.0, 636.0, 665.0
1, 1627, 1, 621.0, 636.0, 666.0
1, 1628, 6, 621.0, 636.0, 666.0
1, 1629, 2, 621.0, 636.0, 667.0
1, 1630, 2, 621.0, 636.0, 668.0
1, 1631, 6, 621.0, 636.0, 666.0
1, 1632, 3, 621.0, 636.0, 666.0
1, 1633, 5, 621.0, 636.0, 667.0
1, 1634, 7, 621.0, 636.0, 667.0
1, 1635, 8, 621.0, 637.0, 666.0
1, 1636, 7, 621.0, 637.0, 667.0
1, 1637, 8, 621.0, 637.0, 666.0
1, 1638, 5, 621.0, 637.0, 666.0
1, 1639, 5, 621.0, 637.0, 669.0
1, 1640, 0, 621.0, 637.0, 664.0
1, 1641, 6, 621.0, 637.0, 667.0
1, 1642, 3, 621.0, 637.0, 666.0
1, 1643, 6, 621.0, 637.0, 666.0
1, 1644, 6, 621.0, 637.0, 667.0
1, 1645, 2, 621.0, 637.0, 667.0
1, 1646, 7, 621.0, 637.0, 667.0
1, 1647, 0, 621.0, 637.0, 666.0
1, 1648, 4, 621.0, 637.0, 667.0
1, 1649, 2, 621.0, 637.0, 669.0
1, 1650, 4, 621.0, 637.0, 669.0
1, 1651, 4, 621.0, 637.0, 668.0
1, 1652, 4, 621.0, 637.0, 669.0
1, 1653, 2, 621.0, 637.0, 668.0
1, 1654, 0, 621.0, 637.0, 665.0
1, 1655, 4, 621.0, 637.0, 668.0
1, 1656, 5, 621.0, 637.0, 667.0
1, 1657, 8, 621.0, 637.0, 667.0
1, 1658, 3, 621.0, 638.0, 667.0
1, 1659, 5, 621.0, 638.0, 669.0
1, 1660, 3, 621.0, 638.0, 667.0
1, 1661, 7, 621.0, 638.0, 667.0
1, 1662, 8, 621.0, 638.0, 666.0
1, 1663, 7, 621.0, 638.0, 668.0
1, 1664, 0, 621.0, 638.0, 667.0
1, 1665, 6, 621.0, 638.0, 667.0
1, 1666, 8, 621.0, 638.0, 668.0
1, 1667, 0, 621.0, 639.0, 665.0
1, 1668, 6, 621.0, 639.0, 668.0
1, 1669, 4, 621.0, 639.0, 668.0
1, 1670, 4, 621.0, 639.0, 669.0
1, 1671, 6, 622.0, 637.0, 666.0
1, 1672, 7, 622.0, 637.0, 666.0
1, 1673, 7, 622.0, 638.0, 668.0
1, 1674, 1, 623.0, 640.0, 669.0
1, 1675, 1, 664.0, 677.0, 703.0
1, 1676, 0, 664.0, 678.0, 706.0
1, 1677, 0, 664.0, 679.0, 708.0
1, 1678, 1, 665.0, 678.0, 705.0
1, 1679, 3, 665.0, 678.0, 704.0
1, 1680, 0, 665.0, 678.0, 707.0
1, 1681, 2, 665.0, 678.0, 708.0
1, 1682, 4, 665.0, 679.0, 706.0
1, 1683, 2, 665.0, 679.0, 708.0
1, 1684, 5, 665.0, 679.0, 703.0
1, 1685, 0, 665.0, 681.0, 708.0
2, 1686, 1, 718.0, 731.0, -1
2, 1687, 1, 718.0, 732.0, -1
2, 1688, 1, 718.0, 732.0, -1
2, 1689, 1, 718.0, 732.0, -1
2, 1690, 1, 718.0, 732.0, -1
2, 1691, 1, 718.0, 732.0, -1
2, 1692, 1, 718.0, 732.0, -1
2, 1693, 1, 718.0, 732.0, -1
2, 1694, 1, 718.0, 732.0, -1
2, 1695, 3, 718.0, 733.0, -1
2, 1696, 5, 718.0, 733.0, -1
2, 1697, 4, 718.0, 733.0, -1
2, 1698, 7, 718.0, 734.0, -1
2, 1699, 7, 718.0, 734.0, -1
2, 1700, 0, 718.0, 734.0, -1
2, 1701, 3, 718.0, 734.0, -1
2, 1702, 7, 718.0, 734.0, -1
2, 1703, 2, 718.0, 734.0, -1
2, 1704, 6, 718.0, 734.0, -1
2, 1705, 8, 718.0, 734.0, -1
2, 1706, 6, 718.0, 734.0, -1
2, 1707, 8, 718.0, 734.0, -1
2, 1708, 8, 718.0, 734.0, -1
2, 1709, 8, 718.0, 734.0, -1
2, 1710, 0, 718.0, 734.0, -1
2, 1711, 6, 718.0, 734.0, -1
2, 1712, 6, 718.0, 734.0, -1
2, 1713, 2, 718.0, 734.0, -1
2, 1714, 6, 718.0, 734.0, -1
2, 1715, 6, 718.0, 734.0, -1
2, 1716, 5, 718.0, 734.0, -1
2, 1717, 6, 718.0, 734.0, -1
2, 1718, 2, 718.0, 734.0, -1
2, 1719, 7, 718.0, 734.0, -1
2, 1720, 8, 718.0, 734.0, -1
2, 1721, 8, 718.0, 734.0, -1
2, 1722, 5, 718.0, 734.0, -1
2, 1723, 2, 718.0, 734.0, -1
2, 1724, 6, 718.0, 734.0, -1
2, 1725, 6, 718.0, 734.0, -1
2, 1726, 4, 718.0, 734.0, -1
2, 1727, 3, 718.0, 734.0, -1
2, 1728, 4, 718.0, 734.0, -1
2, 1729, 0, 718.0, 734.0, -1
2, 1730, 7, 718.0, 734.0, -1
2, 1731, 3, 718.0, 734.0, -1
2, 1732, 5, 718.0, 734.0, -1
2, 1733, 7, 718.0, 734.0, -1
2, 1734, 0, 718.0, 734.0, -1
2, 1735, 4, 718.0, 734.0, -1
2, 1736, 7, 718.0, 734.0, -1
2, 1737, 7, 718.0, 734.0, -1
2, 1738, 2, 718.0, 734.0, -1
2, 1739, 4, 718.0, 734.0, -1
2, 1740, 7, 718.0, 734.0, -1
2, 1741, 0, 718.0, 734.0, -1
2, 1742, 8, 718.0, 734.0, -1
2, 1743, 5, 718.0, 734.0, -1
2, 1744, 4, 718.0, 734.0, -1
2, 1745, 3, 718.0, 734.0, -1
2, 1746, 2, 718.0, 734.0, -1
2, 1747, 0, 718.0, 734.0, -1
2, 1748, 4, 718.0, 734.0, -1
2, 1749, 6, 718.0, 734.0, -1
2, 1750, 2, 718.0, 734.0, -1
2, 1751, 5, 718.0, 734.0, -1
2, 1752, 2, 718.0, 734.0, -1
2, 1753, 0, 718.0, 734.0, -1
2, 1754, 8, 718.0, 734.0, -1
2, 1755, 3, 718.0, 734.0, -1
2, 1756, 0, 718.0, 735.0, -1
2, 1757, 8, 718.0, 735.0, -1
2, 1758, 3, 718.0, 735.0, -1
2, 1759, 3, 718.0, 735.0, -1
2, 1760, 5, 718.0, 735.0, -1
2, 1761, 0, 718.0, 735.0, -1
2, 1762, 8, 718.0, 735.0, -1
2, 1763, 0, 718.0, 735.0, -1
2, 1764, 5, 718.0, 735.0, -1
2, 1765, 4, 718.0, 735.0, -1
2, 1766, 2, 718.0, 735.0, -1
2, 1767, 3, 718.0, 735.0, -1
2, 1768, 4, 718.0, 735.0, -1
2, 1769, 3, 718.0, 735.0, -1
2, 1770, 2, 718.0, 735.0, -1
2, 1771, 7, 718.0, 735.0, -1
2, 1772, 5, 718.0, 735.0, -1
2, 1773, 4, 718.0, 735.0, -1
2, 1774, 5, 718.0, 735.0, -1
2, 1775, 1, 732.0, 746.0, -1
2, 1776, 1, 732.0, 746.0, -1
2, 1777, 1, 733.0, 746.0, -1
2, 1778, 1, 733.0, 746.0, -1
2, 1779, 1, 733.0, 747.0, -1
2, 1780, 1, 733.0, 747.0, -1
2, 1781, 1, 733.0, 747.0, -1
2, 1782, 1, 733.0, 747.0, -1
2, 1783, 1, 733.0, 748.0, -1
2, 1784, 8, 734.0, 747.0, -1
2, 1785, 7, 734.0, 747.0, -1
2, 1786, 4, 734.0, 747.0, -1
2, 1787, 0, 734.0, 747.0, -1
2, 1788, 5, 734.0, 747.0, -1
2, 1789, 6, 734.0, 748.0, -1
2, 1790, 2, 734.0, 748.0, -1
2, 1791, 3, 734.0, 748.0, -1
2, 1792, 8, 734.0, 748.0, -1
2, 1793, 7, 734.0, 748.0, -1
2, 1794, 8, 734.0, 748.0, -1
2, 1795, 8, 734.0, 748.0, -1
2, 1796, 7, 734.0, 748.0, -1
2, 1797, 6, 734.0, 748.0, -1
2, 1798, 3, 734.0, 748.0, -1
2, 1799, 0, 735.0, 748.0, -1
2, 1800, 7, 735.0, 748.0, -1
2, 1801, 0, 735.0, 748.0, -1
2, 1802, 8, 735.0, 748.0, -1
2, 1803, 6, 735.0, 748.0, -1
2, 1804, 5, 735.0, 748.0, -1
2, 1805, 2, 735.0, 749.0, -1
2, 1806, 6, 735.0, 749.0, -1
2, 1807, 0, 735.0, 749.0, -1
2, 1808, 7, 735.0, 749.0, -1
2, 1809, 8, 735.0, 749.0, -1
2, 1810, 3, 735.0, 749.0, -1
2, 1811, 3, 735.0, 749.0, -1
2, 1812, 7, 735.0, 749.0, -1
2, 1813, 2, 735.0, 749.0, -1
2, 1814, 5, 735.0, 749.0, -1
2, 1815, 0, 735.0, 749.0, -1
2, 1816, 2, 735.0, 749.0, -1
2, 1817, 0, 735.0, 749.0, -1
2, 1818, 8, 735.0, 749.0, -1
2, 1819, 6, 735.0, 749.0, -1
2, 1820, 5, 735.0, 749.0, -1
2, 1821, 2, 735.0, 749.0, -1
2, 1822, 6, 735.0, 749.0, -1
2, 1823, 3, 735.0, 749.0, -1
2, 1824, 8, 735.0, 749.0, -1
2, 1825, 4, 735.0, 749.0, -1
2, 1826, 5, 735.0, 749.0, -1
2, 1827, 6, 735.0, 749.0, -1
2, 1828, 7, 735.0, 749.0, -1
2, 1829, 7, 735.0, 749.0, -1
2, 1830, 8, 735.0, 749.0, -1
2, 1831, 2, 735.0, 749.0, -1
2, 1832, 4, 735.0, 749.0, -1
2, 1833, 6, 735.0, 749.0, -1
2, 1834, 6, 735.0, 749.0, -1
2, 1835, 8, 735.0, 749.0, -1
2, 1836, 0, 735.0, 749.0, -1
2, 1837, 3, 735.0, 749.0, -1
2, 1838, 7, 735.0, 749.0, -1
2, 1839, 7, 735.0, 749.0, -1
2, 1840, 4, 735.0, 749.0, -1
2, 1841, 0, 735.0, 749.0, -1
2, 1842, 5, 735.0, 749.0, -1
2, 1843, 3, 735.0, 749.0, -1
2, 1844, 2, 735.0, 749.0, -1
2, 1845, 4, 735.0, 749.0, -1
2, 1846, 0, 735.0, 749.0, -1
2, 1847, 0, 735.0, 749.0, -1
2, 1848, 2, 735.0, 750.0, -1
2, 1849, 3, 735.0, 750.0, -1
2, 1850, 4, 735.0, 750.0, -1
2, 1851, 3, 735.0, 750.0, -1
2, 1852, 5, 735.0, 750.0, -1
2, 1853, 4, 735.0, 750.0, -1
2, 1854, 6, 735.0, 750.0, -1
2, 1855, 5, 735.0, 750.0, -1
2, 1856, 3, 735.0, 750.0, -1
2, 1857, 2, 735.0, 750.0, -1
2, 1858, 2, 735.0, 750.0, -1
2, 1859, 4, 735.0, 750.0, -1
2, 1860, 4, 735.0, 751.0, -1
2, 1861, 5, 736.0, 750.0, -1
2, 1862, 4, 736.0, 750.0, -1
2, 1863, 5, 736.0, 750.0, -1
2, 1864, 1, 746.0, 759.0, -1
2, 1865, 1, 746.0, 760.0, -1
2, 1866, 1, 747.0, 760.0, -1
2, 1867, 1, 747.0, 760.0, -1
2, 1868, 1, 747.0, 761.0, -1
2, 1869, 1, 747.0, 761.0, -1
2, 1870, 1, 747.0, 761.0, -1
2, 1871, 7, 748.0, 761.0, -1
2, 1872, 5, 748.0, 761.0, -1
2, 1873, 2, 748.0, 761.0, -1
2, 1874, 0, 748.0, 761.0, -1
2, 1875, 1, 748.0, 761.0, -1
2, 1876, 4, 748.0, 761.0, -1
2, 1877, 8, 748.0, 762.0, -1
2, 1878, 3, 748.0, 762.0, -1
2, 1879, 6, 748.0, 762.0, -1
2, 1880, 1, 748.0, 762.0, -1
2, 1881, 8, 748.0, 762.0, -1
2, 1882, 0, 749.0, 762.0, -1
2, 1883, 8, 749.0, 762.0, -1
2, 1884, 6, 749.0, 763.0, -1
2, 1885, 7, 749.0, 763.0, -1
2, 1886, 7, 749.0, 763.0, -1
2, 1887, 2, 749.0, 763.0, -1
2, 1888, 0, 749.0, 763.0, -1
2, 1889, 0, 749.0, 763.0, -1
2, 1890, 8, 749.0, 763.0, -1
2, 1891, 7, 749.0, 763.0, -1
2, 1892, 2, 749.0, 763.0, -1
2, 1893, 0, 749.0, 763.0, -1
2, 1894, 8, 749.0, 763.0, -1
2, 1895, 3, 749.0, 763.0, -1
2, 1896, 2, 749.0, 763.0, -1
2, 1897, 7, 749.0, 763.0, -1
2, 1898, 3, 749.0, 763.0, -1
2, 1899, 8, 749.0, 763.0, -1
2, 1900, 5, 749.0, 763.0, -1
2, 1901, 7, 749.0, 763.0, -1
2, 1902, 6, 749.0, 763.0, -1
2, 1903, 8, 749.0, 763.0, -1
2, 1904, 6, 749.0, 763.0, -1
2, 1905, 6, 749.0, 763.0, -1
2, 1906, 0, 749.0, 763.0, -1
2, 1907, 5, 749.0, 763.0, -1
2, 1908, 2, 749.0, 764.0, -1
2, 1909, 3, 749.0, 764.0, -1
2, 1910, 6, 749.0, 764.0, -1
2, 1911, 5, 749.0, 764.0, -1
2, 1912, 7, 750.0, 763.0, -1
2, 1913, 0, 750.0, 763.0, -1
2, 1914, 8, 750.0, 763.0, -1
2, 1915, 0, 750.0, 763.0, -1
2, 1916, 7, 750.0, 764.0, -1
2, 1917, 5, 750.0, 764.0, -1
2, 1918, 6, 750.0, 764.0, -1
2, 1919, 2, 750.0, 764.0, -1
2, 1920, 7, 750.0, 764.0, -1
2, 1921, 6, 750.0, 764.0, -1
2, 1922, 0, 750.0, 764.0, -1
2, 1923, 6, 750.0, 764.0, -1
2, 1924, 7, 750.0, 764.0, -1
2, 1925, 4, 750.0, 764.0, -1
2, 1926, 2, 750.0, 764.0, -1
2, 1927, 3, 750.0, 764.0, -1
2, 1928, 4, 750.0, 764.0, -1
2, 1929, 0, 750.0, 764.0, -1
2, 1930, 5, 750.0, 764.0, -1
2, 1931, 3, 750.0, 764.0, -1
2, 1932, 5, 750.0, 764.0, -1
2, 1933, 4, 750.0, 764.0, -1
2, 1934, 5, 750.0, 764.0, -1
2, 1935, 5, 750.0, 764.0, -1
2, 1936, 3, 750.0, 764.0, -1
2, 1937, 2, 750.0, 764.0, -1
2, 1938, 8, 750.0, 764.0, -1
2, 1939, 2, 750.0, 764.0, -1
2, 1940, 3, 750.0, 764.0, -1
2, 1941, 8, 750.0, 764.0, -1
2, 1942, 3, 750.0, 765.0, -1
2, 1943, 6, 750.0, 765.0, -1
2, 1944, 4, 750.0, 765.0, -1
2, 1945, 2, 750.0, 765.0, -1
2, 1946, 4, 750.0, 765.0, -1
2, 1947, 3, 750.0, 765.0, -1
2, 1948, 4, 750.0, 765.0, -1
2, 1949, 4, 750.0, 765.0, -1
2, 1950, 4, 751.0, 764.0, -1
2, 1951, 4, 751.0, 765.0, -1
2, 1952, 5, 751.0, 765.0, -1
2, 1953, 1, 760.0, 773.0, -1
2, 1954, 1, 760.0, 773.0, -1
2, 1955, 1, 760.0, 773.0, -1
2, 1956, 1, 761.0, 774.0, -1
2, 1957, 7, 761.0, 775.0, -1
2, 1958, 1, 761.0, 775.0, -1
2, 1959, 1, 761.0, 775.0, -1
2, 1960, 1, 762.0, 775.0, -1
2, 1961, 4, 762.0, 775.0, -1
2, 1962, 0, 762.0, 775.0, -1
2, 1963, 2, 762.0, 776.0, -1
2, 1964, 1, 762.0, 776.0, -1
2, 1965, 8, 762.0, 776.0, -1
2, 1966, 3, 762.0, 776.0, -1
2, 1967, 6, 762.0, 776.0, -1
2, 1968, 5, 762.0, 776.0, -1
2, 1969, 1, 762.0, 777.0, -1
2, 1970, 0, 763.0, 776.0, -1
2, 1971, 0, 763.0, 777.0, -1
2, 1972, 8, 763.0, 777.0, -1
2, 1973, 0, 763.0, 777.0, -1
2, 1974, 8, 763.0, 777.0, -1
2, 1975, 7, 763.0, 777.0, -1
2, 1976, 7, 763.0, 777.0, -1
2, 1977, 8, 763.0, 777.0, -1
2, 1978, 8, 763.0, 777.0, -1
2, 1979, 7, 763.0, 777.0, -1
2, 1980, 0, 763.0, 778.0, -1
2, 1981, 6, 763.0, 778.0, -1
2, 1982, 2, 763.0, 778.0, -1
2, 1983, 2, 763.0, 778.0, -1
2, 1984, 0, 764.0, 777.0, -1
2, 1985, 0, 764.0, 778.0, -1
2, 1986, 8, 764.0, 778.0, -1
2, 1987, 0, 764.0, 778.0, -1
2, 1988, 6, 764.0, 778.0, -1
2, 1989, 8, 764.0, 778.0, -1
2, 1990, 5, 764.0, 778.0, -1
2, 1991, 7, 764.0, 778.0, -1
2, 1992, 4, 764.0, 778.0, -1
2, 1993, 7, 764.0, 778.0, -1
2, 1994, 0, 764.0, 778.0, -1
2, 1995, 5, 764.0, 778.0, -1
2, 1996, 2, 764.0, 778.0, -1
2, 1997, 6, 764.0, 778.0, -1
2, 1998, 6, 764.0, 778.0, -1
2, 1999, 6, 764.0, 778.0, -1
2, 2000, 6, 764.0, 778.0, -1
2, 2001, 5, 764.0, 778.0, -1
2, 2002, 8, 764.0, 778.0, -1
2, 2003, 7, 764.0, 778.0, -1
2, 2004, 2, 764.0, 778.0, -1
2, 2005, 3, 764.0, 778.0, -1
2, 2006, 6, 764.0, 778.0, -1
2, 2007, 2, 764.0, 778.0, -1
2, 2008, 6, 764.0, 778.0, -1
2, 2009, 7, 764.0, 778.0, -1
2, 2010, 7, 764.0, 778.0, -1
2, 2011, 7, 764.0, 778.0, -1
2, 2012, 3, 764.0, 778.0, -1
2, 2013, 3, 764.0, 779.0, -1
2, 2014, 5, 764.0, 779.0, -1
2, 2015, 2, 764.0, 779.0, -1
2, 2016, 5, 765.0, 778.0, -1
2, 2017, 2, 765.0, 778.0, -1
2, 2018, 3, 765.0, 778.0, -1
2, 2019, 3, 765.0, 778.0, -1
2, 2020, 3, 765.0, 779.0, -1
2, 2021, 4, 765.0, 779.0, -1
2, 2022, 0, 765.0, 779.0, -1
2, 2023, 5, 765.0, 779.0, -1
2, 2024, 6, 765.0, 779.0, -1
2, 2025, 2, 765.0, 779.0, -1
2, 2026, 4, 765.0, 779.0, -1
2, 2027, 4, 765.0, 779.0, -1
2, 2028, 3, 765.0, 779.0, -1
2, 2029, 8, 765.0, 779.0, -1
2, 2030, 5, 765.0, 779.0, -1
2, 2031, 5, 765.0, 779.0, -1
2, 2032, 8, 765.0, 779.0, -1
2, 2033, 4, 765.0, 779.0, -1
2, 2034, 3, 765.0, 779.0, -1
2, 2035, 2, 765.0, 779.0, -1
2, 2036, 4, 765.0, 779.0, -1
2, 2037, 5, 765.0, 780.0, -1
2, 2038, 4, 765.0, 780.0, -1
2, 2039, 4, 765.0, 780.0, -1
2, 2040, 3, 765.0, 780.0, -1
2, 2041, 4, 766.0, 780.0, -1
2, 2042, 1, 774.0, 788.0, -1
2, 2043, 1, 774.0, 788.0, -1
2, 2044, 1, 774.0, 789.0, -1
2, 2045, 1, 775.0, 788.0, -1
2, 2046, 1, 775.0, 789.0, -1
2, 2047, 1, 775.0, 789.0, -1
2, 2048, 7, 775.0, 789.0, -1
2, 2049, 1, 775.0, 789.0, -1
2, 2050, 0, 776.0, 789.0, -1
2, 2051, 4, 776.0, 789.0, -1
2, 2052, 3, 776.0, 789.0, -1
2, 2053, 2, 776.0, 789.0, -1
2, 2054, 1, 776.0, 789.0, -1
2, 2055, 8, 776.0, 790.0, -1
2, 2056, 6, 776.0, 790.0, -1
2, 2057, 0, 777.0, 790.0, -1
2, 2058, 1, 777.0, 790.0, -1
2, 2059, 0, 777.0, 790.0, -1
2, 2060, 0, 777.0, 791.0, -1
2, 2061, 0, 777.0, 791.0, -1
2, 2062, 5, 777.0, 791.0, -1
2, 2063, 8, 777.0, 791.0, -1
2, 2064, 7, 777.0, 791.0, -1
2, 2065, 7, 777.0, 791.0, -1
2, 2066, 8, 777.0, 791.0, -1
2, 2067, 8, 777.0, 791.0, -1
2, 2068, 0, 778.0, 791.0, -1
2, 2069, 7, 778.0, 791.0, -1
2, 2070, 7, 778.0, 791.0, -1
2, 2071, 8, 778.0, 791.0, -1
2, 2072, 8, 778.0, 792.0, -1
2, 2073, 0, 778.0, 792.0, -1
2, 2074, 8, 778.0, 792.0, -1
2, 2075, 0, 778.0, 792.0, -1
2, 2076, 7, 778.0, 792.0, -1
2, 2077, 0, 778.0, 792.0, -1
2, 2078, 2, 778.0, 792.0, -1
2, 2079, 6, 778.0, 792.0, -1
2, 2080, 6, 778.0, 792.0, -1
2, 2081, 4, 778.0, 792.0, -1
2, 2082, 5, 778.0, 792.0, -1
2, 2083, 2, 778.0, 792.0, -1
2, 2084, 2, 778.0, 792.0, -1
2, 2085, 6, 778.0, 792.0, -1
2, 2086, 6, 778.0, 792.0, -1
2, 2087, 5, 778.0, 793.0, -1
2, 2088, 5, 778.0, 793.0, -1
2, 2089, 2, 778.0, 793.0, -1
2, 2090, 2, 779.0, 792.0, -1
2, 2091, 4, 779.0, 792.0, -1
2, 2092, 2, 779.0, 793.0, -1
2, 2093, 0, 779.0, 793.0, -1
2, 2094, 7, 779.0, 793.0, -1
2, 2095, 6, 779.0, 793.0, -1
2, 2096, 5, 779.0, 793.0, -1
2, 2097, 7, 779.0, 793.0, -1
2, 2098, 6, 779.0, 793.0, -1
2, 2099, 2, 779.0, 793.0, -1
2, 2100, 3, 779.0, 793.0, -1
2, 2101, 7, 779.0, 793.0, -1
2, 2102, 3, 779.0, 793.0, -1
2, 2103, 6, 779.0, 793.0, -1
2, 2104, 6, 779.0, 793.0, -1
2, 2105, 8, 779.0, 793.0, -1
2, 2106, 7, 779.0, 793.0, -1
2, 2107, 3, 779.0, 793.0, -1
2, 2108, 5, 779.0, 793.0, -1
2, 2109, 2, 779.0, 793.0, -1
2, 2110, 5, 779.0, 793.0, -1
2, 2111, 4, 779.0, 793.0, -1
2, 2112, 3, 779.0, 793.0, -1
2, 2113, 3, 779.0, 793.0, -1
2, 2114, 6, 779.0, 793.0, -1
2, 2115, 3, 779.0, 794.0, -1
2, 2116, 4, 779.0, 794.0, -1
2, 2117, 3, 779.0, 794.0, -1
2, 2118, 8, 780.0, 794.0, -1
2, 2119, 4, 780.0, 794.0, -1
2, 2120, 5, 780.0, 794.0, -1
2, 2121, 8, 780.0, 794.0, -1
2, 2122, 4, 780.0, 794.0, -1
2, 2123, 2, 780.0, 794.0, -1
2, 2124, 3, 780.0, 794.0, -1
2, 2125, 5, 780.0, 794.0, -1
2, 2126, 4, 780.0, 794.0, -1
2, 2127, 4, 780.0, 795.0, -1
2, 2128, 5, 780.0, 795.0, -1
2, 2129, 4, 781.0, 795.0, -1
2, 2130, 3, 781.0, 796.0, -1
2, 2131, 1, 788.0, 801.0, -1
2, 2132, 1, 788.0, 802.0, -1
2, 2133, 7, 789.0, 795.0, -1
2, 2134, 0, 789.0, 802.0, -1
2, 2135, 1, 789.0, 802.0, -1
2, 2136, 1, 789.0, 803.0, -1
2, 2137, 1, 789.0, 803.0, -1
2, 2138, 1, 789.0, 803.0, -1
2, 2139, 4, 790.0, 796.0, -1
2, 2140, 6, 790.0, 797.0, -1
2, 2141, 8, 790.0, 797.0, -1
2, 2142, 3, 790.0, 803.0, -1
2, 2143, 0, 790.0, 803.0, -1
2, 2144, 2, 790.0, 804.0, -1
2, 2145, 1, 790.0, 804.0, -1
2, 2146, 1, 790.0, 804.0, -1
2, 2147, 7, 791.0, 798.0, -1
2, 2148, 7, 791.0, 798.0, -1
2, 2149, 8, 791.0, 798.0, -1
2, 2150, 8, 791.0, 798.0, -1
2, 2151, 0, 791.0, 804.0, -1
2, 2152, 0, 791.0, 804.0, -1
2, 2153, 0, 791.0, 805.0, -1
2, 2154, 5, 791.0, 805.0, -1
2, 2155, 1, 791.0, 805.0, -1
2, 2156, 7, 792.0, 799.0, -1
2, 2157, 6, 792.0, 799.0, -1
2, 2158, 7, 792.0, 799.0, -1
2, 2159, 8, 792.0, 799.0, -1
2, 2160, 7, 792.0, 799.0, -1
2, 2161, 8, 792.0, 799.0, -1
2, 2162, 6, 792.0, 799.0, -1
2, 2163, 4, 792.0, 799.0, -1
2, 2164, 8, 792.0, 799.0, -1
2, 2165, 8, 792.0, 799.0, -1
2, 2166, 0, 792.0, 805.0, -1
2, 2167, 0, 792.0, 805.0, -1
2, 2168, 0, 792.0, 806.0, -1
2, 2169, 2, 792.0, 806.0, -1
2, 2170, 0, 792.0, 806.0, -1
2, 2171, 5, 792.0, 807.0, -1
2, 2172, 2, 792.0, 807.0, -1
2, 2173, 7, 793.0, 799.0, -1
2, 2174, 4, 793.0, 800.0, -1
2, 2175, 7, 793.0, 800.0, -1
2, 2176, 8, 793.0, 800.0, -1
2, 2177, 6, 793.0, 800.0, -1
2, 2178, 7, 793.0, 800.0, -1
2, 2179, 6, 793.0, 800.0, -1
2, 2180, 6, 793.0, 800.0, -1
2, 2181, 6, 793.0, 800.0, -1
2, 2182, 6, 793.0, 800.0, -1
2, 2183, 6, 793.0, 800.0, -1
2, 2184, 2, 793.0, 807.0, -1
2, 2185, 2, 793.0, 807.0, -1
2, 2186, 5, 793.0, 807.0, -1
2, 2187, 0, 793.0, 807.0, -1
2, 2188, 3, 793.0, 807.0, -1
2, 2189, 2, 793.0, 807.0, -1
2, 2190, 3, 793.0, 808.0, -1
2, 2191, 5, 793.0, 808.0, -1
2, 2192, 2, 793.0, 808.0, -1
2, 2193, 5, 793.0, 808.0, -1
2, 2194, 7, 794.0, 800.0, -1
2, 2195, 8, 794.0, 800.0, -1
2, 2196, 8, 794.0, 800.0, -1
2, 2197, 6, 794.0, 801.0, -1
2, 2198, 3, 794.0, 801.0, -1
2, 2199, 5, 794.0, 801.0, -1
2, 2200, 3, 794.0, 801.0, -1
2, 2201, 4, 794.0, 801.0, -1
2, 2202, 4, 794.0, 801.0, -1
2, 2203, 4, 794.0, 801.0, -1
2, 2204, 4, 794.0, 801.0, -1
2, 2205, 5, 794.0, 801.0, -1
2, 2206, 3, 794.0, 801.0, -1
2, 2207, 5, 794.0, 801.0, -1
2, 2208, 2, 794.0, 808.0, -1
2, 2209, 2, 794.0, 808.0, -1
2, 2210, 3, 794.0, 808.0, -1
2, 2211, 2, 794.0, 809.0, -1
2, 2212, 3, 794.0, 809.0, -1
2, 2213, 4, 795.0, 802.0, -1
2, 2214, 3, 795.0, 802.0, -1
2, 2215, 4, 795.0, 802.0, -1
2, 2216, 4, 795.0, 802.0, -1
2, 2217, 5, 795.0, 802.0, -1
2, 2218, 5, 795.0, 802.0, -1
2, 2219, 3, 796.0, 803.0, -1
2, 2220, 7, 796.0, 810.0, -1
2, 2221, 6, 797.0, 811.0, -1
2, 2222, 4, 797.0, 811.0, -1
2, 2223, 8, 797.0, 811.0, -1
2, 2224, 7, 798.0, 811.0, -1
2, 2225, 7, 798.0, 812.0, -1
2, 2226, 8, 798.0, 812.0, -1
2, 2227, 8, 798.0, 812.0, -1
2, 2228, 8, 799.0, 806.0, -1
2, 2229, 8, 799.0, 807.0, -1
2, 2230, 6, 799.0, 812.0, -1
2, 2231, 7, 799.0, 812.0, -1
2, 2232, 8, 799.0, 812.0, -1
2, 2233, 8, 799.0, 813.0, -1
2, 2234, 7, 799.0, 813.0, -1
2, 2235, 7, 799.0, 813.0, -1
2, 2236, 6, 799.0, 813.0, -1
2, 2237, 4, 799.0, 814.0, -1
2, 2238, 6, 800.0, 807.0, -1
2, 2239, 4, 800.0, 807.0, -1
2, 2240, 7, 800.0, 807.0, -1
2, 2241, 6, 800.0, 807.0, -1
2, 2242, 6, 800.0, 807.0, -1
2, 2243, 7, 800.0, 807.0, -1
2, 2244, 8, 800.0, 807.0, -1
2, 2245, 7, 800.0, 807.0, -1
2, 2246, 6, 800.0, 807.0, -1
2, 2247, 6, 800.0, 807.0, -1
2, 2248, 6, 800.0, 807.0, -1
2, 2249, 3, 801.0, 807.0, -1
2, 2250, 5, 801.0, 807.0, -1
2, 2251, 3, 801.0, 807.0, -1
2, 2252, 5, 801.0, 807.0, -1
2, 2253, 8, 801.0, 808.0, -1
2, 2254, 4, 801.0, 808.0, -1
2, 2255, 6, 801.0, 808.0, -1
2, 2256, 4, 801.0, 808.0, -1
2, 2257, 7, 801.0, 808.0, -1
2, 2258, 8, 801.0, 808.0, -1
2, 2259, 4, 801.0, 808.0, -1
2, 2260, 4, 801.0, 808.0, -1
2, 2261, 0, 802.0, 808.0, -1
2, 2262, 3, 802.0, 808.0, -1
2, 2263, 5, 802.0, 808.0, -1
2, 2264, 5, 802.0, 808.0, -1
2, 2265, 3, 802.0, 808.0, -1
2, 2266, 1, 802.0, 808.0, -1
2, 2267, 5, 802.0, 808.0, -1
2, 2268, 1, 802.0, 809.0, -1
2, 2269, 4, 802.0, 809.0, -1
2, 2270, 4, 802.0, 809.0, -1
2, 2271, 4, 802.0, 809.0, -1
2, 2272, 3, 803.0, 809.0, -1
2, 2273, 3, 803.0, 809.0, -1
2, 2274, 1, 803.0, 809.0, -1
2, 2275, 1, 803.0, 809.0, -1
2, 2276, 1, 803.0, 810.0, -1
2, 2277, 1, 803.0, 810.0, -1
2, 2278, 2, 804.0, 810.0, -1
2, 2279, 0, 804.0, 810.0, -1
2, 2280, 0, 804.0, 810.0, -1
2, 2281, 1, 804.0, 810.0, -1
2, 2282, 1, 804.0, 811.0, -1
2, 2283, 5, 805.0, 811.0, -1
2, 2284, 0, 805.0, 811.0, -1
2, 2285, 0, 805.0, 811.0, -1
2, 2286, 5, 811.0, 822.0, 857.0
2, 2287, 6, 811.0, 822.0, 856.0
2, 2288, 4, 811.0, 822.0, 856.0
2, 2289, 6, 811.0, 822.0, 856.0
2, 2290, 6, 811.0, 822.0, 856.0
2, 2291, 1, 811.0, 823.0, 857.0
2, 2292, 1, 811.0, 823.0, 856.0
2, 2293, 4, 811.0, 823.0, 858.0
2, 2294, 0, 811.0, 823.0, 855.0
2, 2295, 2, 811.0, 823.0, 859.0
2, 2296, 1, 811.0, 823.0, 858.0
2, 2297, 4, 811.0, 824.0, 858.0
2, 2298, 0, 811.0, 824.0, 856.0
2, 2299, 6, 811.0, 824.0, 855.0
2, 2300, 3, 811.0, 825.0, 857.0
2, 2301, 5, 811.0, 825.0, 857.0
2, 2302, 2, 811.0, 825.0, 858.0
2, 2303, 5, 811.0, 825.0, 857.0
2, 2304, 1, 811.0, 825.0, 856.0
2, 2305, 1, 811.0, 825.0, 858.0
2, 2306, 5, 811.0, 825.0, 857.0
2, 2307, 4, 811.0, 825.0, 857.0
2, 2308, 8, 811.0, 825.0, 856.0
2, 2309, 3, 811.0, 826.0, 858.0
2, 2310, 3, 811.0, 826.0, 858.0
2, 2311, 4, 811.0, 826.0, 858.0
2, 2312, 8, 811.0, 826.0, 856.0
2, 2313, 7, 811.0, 826.0, 857.0
2, 2314, 7, 811.0, 826.0, 856.0
2, 2315, 3, 811.0, 826.0, 858.0
2, 2316, 0, 811.0, 826.0, 855.0
2, 2317, 2, 811.0, 826.0, 857.0
2, 2318, 5, 811.0, 826.0, 857.0
2, 2319, 3, 811.0, 826.0, 858.0
2, 2320, 1, 811.0, 826.0, 857.0
2, 2321, 3, 811.0, 827.0, 857.0
2, 2322, 7, 811.0, 827.0, 858.0
2, 2323, 5, 811.0, 827.0, 857.0
2, 2324, 1, 811.0, 827.0, 857.0
2, 2325, 1, 811.0, 827.0, 856.0
2, 2326, 2, 811.0, 827.0, 857.0
2, 2327, 3, 811.0, 827.0, 857.0
2, 2328, 0, 811.0, 827.0, 857.0
2, 2329, 8, 811.0, 827.0, 856.0
2, 2330, 5, 811.0, 827.0, 860.0
2, 2331, 6, 811.0, 827.0, 857.0
2, 2332, 2, 811.0, 827.0, 856.0
2, 2333, 5, 811.0, 827.0, 860.0
2, 2334, 2, 811.0, 827.0, 859.0
2, 2335, 8, 811.0, 827.0, 857.0
2, 2336, 0, 811.0, 828.0, 858.0
2, 2337, 2, 811.0, 828.0, 859.0
2, 2338, 1, 811.0, 828.0, 856.0
2, 2339, 0, 811.0, 828.0, 857.0
2, 2340, 7, 811.0, 828.0, 858.0
2, 2341, 4, 811.0, 828.0, 858.0
2, 2342, 7, 811.0, 828.0, 856.0
2, 2343, 5, 811.0, 828.0, 858.0
2, 2344, 3, 811.0, 828.0, 858.0
2, 2345, 5, 811.0, 828.0, 860.0
2, 2346, 6, 811.0, 829.0, 857.0
2, 2347, 0, 811.0, 829.0, 856.0
2, 2348, 4, 811.0, 829.0, 859.0
2, 2349, 4, 811.0, 829.0, 860.0
2, 2350, 6, 811.0, 829.0, 857.0
2, 2351, 2, 811.0, 829.0, 859.0
2, 2352, 4, 811.0, 829.0, 859.0
2, 2353, 0, 811.0, 829.0, 856.0
2, 2354, 0, 811.0, 829.0, 857.0
2, 2355, 2, 811.0, 830.0, 859.0
2, 2356, 6, 811.0, 830.0, 858.0
2, 2357, 2, 811.0, 830.0, 860.0
2, 2358, 0, 811.0, 830.0, 857.0
2, 2359, 8, 811.0, 830.0, 891.0
2, 2360, 3, 811.0, 830.0, 859.0
2, 2361, 3, 811.0, 831.0, 860.0
2, 2362, 7, 812.0, 824.0, 858.0
2, 2363, 7, 812.0, 826.0, 857.0
2, 2364, 7, 812.0, 828.0, 856.0
2, 2365, 6, 812.0, 828.0, 858.0
2, 2366, 8, 812.0, 829.0, 858.0
2, 2367, 8, 812.0, 829.0, 858.0
2, 2368, 8, 812.0, 829.0, 857.0
2, 2369, 8, 813.0, 828.0, 857.0
2, 2370, 8, 813.0, 829.0, 857.0
2, 2371, 7, 813.0, 829.0, 860.0
2, 2372, 6, 813.0, 831.0, 860.0
2, 2373, 7, 813.0, 831.0, 859.0
2, 2374, 4, 814.0, 829.0, 860.0
2, 2375, 6, 855.0, 871.0, 897.0
2, 2376, 0, 855.0, 871.0, 898.0
2, 2377, 0, 855.0, 872.0, 899.0
2, 2378, 8, 856.0, 870.0, 897.0
2, 2379, 6, 856.0, 870.0, 898.0
2, 2380, 0, 856.0, 871.0, 898.0
2, 2381, 6, 856.0, 871.0, 898.0
2, 2382, 2, 856.0, 871.0, 896.0
2, 2383, 1, 856.0, 871.0, 897.0
2, 2384, 0, 856.0, 871.0, 899.0
2, 2385, 1, 856.0, 871.0, 898.0
3, 2386, 5, 910.0, 914.0, -1
3, 2387, 5, 910.0, 914.0, -1
3, 2388, 5, 910.0, 914.0, -1
3, 2389, 5, 910.0, 914.0, -1
3, 2390, 5, 910.0, 914.0, -1
3, 2391, 5, 910.0, 914.0, -1
3, 2392, 5, 910.0, 915.0, -1
3, 2393, 5, 910.0, 915.0, -1
3, 2394, 5, 910.0, 915.0, -1
3, 2395, 7, 910.0, 916.0, -1
3, 2396, 8, 910.0, 916.0, -1
3, 2397, 6, 910.0, 916.0, -1
3, 2398, 0, 910.0, 916.0, -1
3, 2399, 4, 910.0, 916.0, -1
3, 2400, 3, 910.0, 916.0, -1
3, 2401, 6, 910.0, 916.0, -1
3, 2402, 7, 910.0, 916.0, -1
3, 2403, 8, 910.0, 916.0, -1
3, 2404, 6, 910.0, 916.0, -1
3, 2405, 6, 910.0, 916.0, -1
3, 2406, 8, 910.0, 916.0, -1
3, 2407, 3, 910.0, 916.0, -1
3, 2408, 8, 910.0, 916.0, -1
3, 2409, 8, 910.0, 916.0, -1
3, 2410, 1, 910.0, 916.0, -1
3, 2411, 7, 910.0, 916.0, -1
3, 2412, 3, 910.0, 916.0, -1
3, 2413, 6, 910.0, 916.0, -1
3, 2414, 7, 910.0, 916.0, -1
3, 2415, 6, 910.0, 916.0, -1
3, 2416, 3, 910.0, 916.0, -1
3, 2417, 6, 910.0, 916.0, -1
3, 2418, 7, 910.0, 916.0, -1
3, 2419, 3, 910.0, 916.0, -1
3, 2420, 4, 910.0, 916.0, -1
3, 2421, 6, 910.0, 916.0, -1
3, 2422, 6, 910.0, 916.0, -1
3, 2423, 7, 910.0, 916.0, -1
3, 2424, 6, 910.0, 916.0, -1
3, 2425, 0, 910.0, 916.0, -1
3, 2426, 8, 910.0, 916.0, -1
3, 2427, 7, 910.0, 916.0, -1
3, 2428, 3, 910.0, 916.0, -1
3, 2429, 4, 910.0, 916.0, -1
3, 2430, 7, 910.0, 916.0, -1
3, 2431, 1, 910.0, 916.0, -1
3, 2432, 7, 910.0, 916.0, -1
3, 2433, 3, 910.0, 916.0, -1
3, 2434, 4, 910.0, 916.0, -1
3, 2435, 1, 910.0, 916.0, -1
3, 2436, 8, 910.0, 916.0, -1
3, 2437, 4, 910.0, 916.0, -1
3, 2438, 7, 910.0, 916.0, -1
3, 2439, 3, 910.0, 916.0, -1
3, 2440, 8, 910.0, 916.0, -1
3, 2441, 4, 910.0, 916.0, -1
3, 2442, 8, 910.0, 916.0, -1
3, 2443, 4, 910.0, 916.0, -1
3, 2444, 8, 910.0, 916.0, -1
3, 2445, 4, 910.0, 916.0, -1
3, 2446, 3, 910.0, 916.0, -1
3, 2447, 1, 910.0, 916.0, -1
3, 2448, 4, 910.0, 916.0, -1
3, 2449, 0, 910.0, 916.0, -1
3, 2450, 3, 910.0, 916.0, -1
3, 2451, 1, 910.0, 916.0, -1
3, 2452, 0, 910.0, 916.0, -1
3, 2453, 4, 910.0, 916.0, -1
3, 2454, 2, 910.0, 916.0, -1
3, 2455, 1, 910.0, 916.0, -1
3, 2456, 0, 910.0, 916.0, -1
3, 2457, 0, 910.0, 916.0, -1
3, 2458, 1, 910.0, 916.0, -1
3, 2459, 1, 910.0, 916.0, -1
3, 2460, 2, 910.0, 916.0, -1
3, 2461, 2, 910.0, 917.0, -1
3, 2462, 0, 910.0, 917.0, -1
3, 2463, 0, 910.0, 917.0, -1
3, 2464, 2, 910.0, 917.0, -1
3, 2465, 1, 910.0, 917.0, -1
3, 2466, 0, 910.0, 917.0, -1
3, 2467, 2, 910.0, 917.0, -1
3, 2468, 2, 910.0, 917.0, -1
3, 2469, 1, 910.0, 917.0, -1
3, 2470, 0, 910.0, 917.0, -1
3, 2471, 2, 910.0, 917.0, -1
3, 2472, 2, 910.0, 917.0, -1
3, 2473, 2, 910.0, 917.0, -1
3, 2474, 2, 910.0, 917.0, -1
3, 2475, 5, 915.0, 919.0, -1
3, 2476, 5, 915.0, 919.0, -1
3, 2477, 5, 915.0, 919.0, -1
3, 2478, 5, 915.0, 919.0, -1
3, 2479, 5, 915.0, 919.0, -1
3, 2480, 5, 915.0, 919.0, -1
3, 2481, 5, 915.0, 919.0, -1
3, 2482, 5, 915.0, 919.0, -1
3, 2483, 5, 915.0, 919.0, -1
3, 2484, 2, 917.0, 921.0, -1
3, 2485, 1, 917.0, 921.0, -1
3, 2486, 2, 917.0, 921.0, -1
3, 2487, 0, 917.0, 921.0, -1
3, 2488, 6, 917.0, 921.0, -1
3, 2489, 0, 917.0, 921.0, -1
3, 2490, 1, 917.0, 921.0, -1
3, 2491, 0, 917.0, 921.0, -1
3, 2492, 6, 917.0, 921.0, -1
3, 2493, 7, 917.0, 921.0, -1
3, 2494, 1, 917.0, 921.0, -1
3, 2495, 2, 917.0, 921.0, -1
3, 2496, 6, 917.0, 921.0, -1
3, 2497, 8, 917.0, 921.0, -1
3, 2498, 2, 917.0, 921.0, -1
3, 2499, 6, 917.0, 921.0, -1
3, 2500, 1, 917.0, 921.0, -1
3, 2501, 2, 917.0, 921.0, -1
3, 2502, 1, 917.0, 921.0, -1
3, 2503, 6, 917.0, 921.0, -1
3, 2504, 3, 917.0, 921.0, -1
3, 2505, 0, 917.0, 921.0, -1
3, 2506, 8, 917.0, 921.0, -1
3, 2507, 6, 917.0, 921.0, -1
3, 2508, 6, 917.0, 921.0, -1
3, 2509, 8, 917.0, 921.0, -1
3, 2510, 7, 917.0, 921.0, -1
3, 2511, 4, 917.0, 921.0, -1
3, 2512, 6, 917.0, 921.0, -1
3, 2513, 2, 917.0, 921.0, -1
3, 2514, 0, 917.0, 921.0, -1
3, 2515, 8, 917.0, 921.0, -1
3, 2516, 4, 917.0, 921.0, -1
3, 2517, 0, 917.0, 921.0, -1
3, 2518, 3, 917.0, 921.0, -1
3, 2519, 8, 917.0, 921.0, -1
3, 2520, 0, 917.0, 921.0, -1
3, 2521, 1, 917.0, 921.0, -1
3, 2522, 6, 917.0, 921.0, -1
3, 2523, 3, 917.0, 921.0, -1
3, 2524, 0, 917.0, 921.0, -1
3, 2525, 8, 917.0, 921.0, -1
3, 2526, 6, 917.0, 921.0, -1
3, 2527, 3, 917.0, 921.0, -1
3, 2528, 1, 917.0, 921.0, -1
3, 2529, 0, 917.0, 921.0, -1
3, 2530, 7, 917.0, 921.0, -1
3, 2531, 1, 917.0, 921.0, -1
3, 2532, 4, 917.0, 921.0, -1
3, 2533, 3, 917.0, 921.0, -1
3, 2534, 1, 917.0, 921.0, -1
3, 2535, 4, 917.0, 921.0, -1
3, 2536, 7, 917.0, 921.0, -1
3, 2537, 3, 917.0, 921.0, -1
3, 2538, 7, 917.0, 921.0, -1
3, 2539, 4, 917.0, 922.0, -1
3, 2540, 3, 917.0, 922.0, -1
3, 2541, 8, 917.0, 922.0, -1
3, 2542, 8, 917.0, 922.0, -1
3, 2543, 4, 917.0, 922.0, -1
3, 2544, 4, 917.0, 922.0, -1
3, 2545, 7, 917.0, 922.0, -1
3, 2546, 7, 917.0, 922.0, -1
3, 2547, 7, 917.0, 922.0, -1
3, 2548, 8, 917.0, 922.0, -1
3, 2549, 4, 917.0, 922.0, -1
3, 2550, 3, 917.0, 922.0, -1
3, 2551, 7, 917.0, 922.0, -1
3, 2552, 7, 917.0, 922.0, -1
3, 2553, 4, 917.0, 922.0, -1
3, 2554, 8, 917.0, 922.0, -1
3, 2555, 3, 917.0, 922.0, -1
3, 2556, 3, 917.0, 922.0, -1
3, 2557, 4, 917.0, 922.0, -1
3, 2558, 2, 918.0, 922.0, -1
3, 2559, 2, 918.0, 922.0, -1
3, 2560, 2, 918.0, 922.0, -1
3, 2561, 2, 918.0, 922.0, -1
3, 2562, 1, 918.0, 922.0, -1
3, 2563, 0, 918.0, 922.0, -1
3, 2564, 5, 920.0, 924.0, -1
3, 2565, 5, 920.0, 924.0, -1
3, 2566, 5, 920.0, 924.0, -1
3, 2567, 5, 920.0, 924.0, -1
3, 2568, 5, 920.0, 924.0, -1
3, 2569, 5, 920.0, 924.0, -1
3, 2570, 5, 920.0, 924.0, -1
3, 2571, 5, 920.0, 924.0, -1
3, 2572, 5, 920.0, 924.0, -1
3, 2573, 2, 922.0, 926.0, -1
3, 2574, 6, 922.0, 926.0, -1
3, 2575, 2, 922.0, 926.0, -1
3, 2576, 1, 922.0, 926.0, -1
3, 2577, 2, 922.0, 926.0, -1
3, 2578, 2, 922.0, 926.0, -1
3, 2579, 8, 922.0, 926.0, -1
3, 2580, 2, 922.0, 926.0, -1
3, 2581, 2, 922.0, 926.0, -1
3, 2582, 4, 922.0, 926.0, -1
3, 2583, 3, 922.0, 926.0, -1
3, 2584, 7, 922.0, 926.0, -1
3, 2585, 8, 922.0, 926.0, -1
3, 2586, 1, 922.0, 926.0, -1
3, 2587, 4, 922.0, 926.0, -1
3, 2588, 1, 922.0, 926.0, -1
3, 2589, 6, 922.0, 926.0, -1
3, 2590, 3, 922.0, 926.0, -1
3, 2591, 6, 922.0, 926.0, -1
3, 2592, 8, 922.0, 926.0, -1
3, 2593, 0, 922.0, 926.0, -1
3, 2594, 1, 922.0, 926.0, -1
3, 2595, 7, 922.0, 926.0, -1
3, 2596, 6, 922.0, 926.0, -1
3, 2597, 6, 922.0, 926.0, -1
3, 2598, 0, 922.0, 926.0, -1
3, 2599, 0, 922.0, 926.0, -1
3, 2600, 3, 922.0, 926.0, -1
3, 2601, 0, 922.0, 926.0, -1
3, 2602, 1, 922.0, 926.0, -1
3, 2603, 1, 922.0, 926.0, -1
3, 2604, 1, 922.0, 926.0, -1
3, 2605, 8, 922.0, 926.0, -1
3, 2606, 7, 922.0, 926.0, -1
3, 2607, 1, 922.0, 926.0, -1
3, 2608, 0, 922.0, 926.0, -1
3, 2609, 0, 922.0, 926.0, -1
3, 2610, 0, 922.0, 926.0, -1
3, 2611, 8, 922.0, 926.0, -1
3, 2612, 8, 922.0, 926.0, -1
3, 2613, 6, 922.0, 926.0, -1
3, 2614, 0, 922.0, 926.0, -1
3, 2615, 8, 922.0, 926.0, -1
3, 2616, 6, 922.0, 926.0, -1
3, 2617, 3, 922.0, 926.0, -1
3, 2618, 8, 922.0, 926.0, -1
3, 2619, 8, 922.0, 927.0, -1
3, 2620, 3, 922.0, 927.0, -1
3, 2621, 4, 922.0, 927.0, -1
3, 2622, 3, 922.0, 927.0, -1
3, 2623, 8, 922.0, 927.0, -1
3, 2624, 3, 922.0, 927.0, -1
3, 2625, 4, 922.0, 927.0, -1
3, 2626, 0, 922.0, 927.0, -1
3, 2627, 7, 922.0, 927.0, -1
3, 2628, 7, 922.0, 927.0, -1
3, 2629, 3, 922.0, 927.0, -1
3, 2630, 4, 922.0, 927.0, -1
3, 2631, 4, 922.0, 927.0, -1
3, 2632, 1, 922.0, 927.0, -1
3, 2633, 6, 922.0, 927.0, -1
3, 2634, 3, 922.0, 927.0, -1
3, 2635, 6, 922.0, 927.0, -1
3, 2636, 4, 922.0, 927.0, -1
3, 2637, 4, 922.0, 927.0, -1
3, 2638, 7, 922.0, 927.0, -1
3, 2639, 7, 922.0, 927.0, -1
3, 2640, 7, 922.0, 927.0, -1
3, 2641, 7, 922.0, 927.0, -1
3, 2642, 6, 922.0, 927.0, -1
3, 2643, 7, 922.0, 927.0, -1
3, 2644, 4, 922.0, 927.0, -1
3, 2645, 4, 922.0, 927.0, -1
3, 2646, 3, 922.0, 927.0, -1
3, 2647, 2, 923.0, 927.0, -1
3, 2648, 2, 923.0, 927.0, -1
3, 2649, 2, 923.0, 927.0, -1
3, 2650, 2, 923.0, 927.0, -1
3, 2651, 0, 923.0, 927.0, -1
3, 2652, 1, 923.0, 927.0, -1
3, 2653, 5, 925.0, 929.0, -1
3, 2654, 5, 925.0, 929.0, -1
3, 2655, 5, 925.0, 929.0, -1
3, 2656, 5, 925.0, 929.0, -1
3, 2657, 5, 925.0, 929.0, -1
3, 2658, 5, 925.0, 929.0, -1
3, 2659, 5, 925.0, 929.0, -1
3, 2660, 5, 925.0, 929.0, -1
3, 2661, 5, 925.0, 929.0, -1
3, 2662, 3, 927.0, 931.0, -1
3, 2663, 2, 927.0, 931.0, -1
3, 2664, 1, 927.0, 931.0, -1
3, 2665, 2, 927.0, 931.0, -1
3, 2666, 1, 927.0, 931.0, -1
3, 2667, 8, 927.0, 931.0, -1
3, 2668, 0, 927.0, 931.0, -1
3, 2669, 2, 927.0, 931.0, -1
3, 2670, 2, 927.0, 931.0, -1
3, 2671, 0, 927.0, 931.0, -1
3, 2672, 6, 927.0, 931.0, -1
3, 2673, 7, 927.0, 931.0, -1
3, 2674, 0, 927.0, 931.0, -1
3, 2675, 3, 927.0, 931.0, -1
3, 2676, 7, 927.0, 931.0, -1
3, 2677, 0, 927.0, 931.0, -1
3, 2678, 3, 927.0, 931.0, -1
3, 2679, 8, 927.0, 931.0, -1
3, 2680, 1, 927.0, 931.0, -1
3, 2681, 3, 927.0, 931.0, -1
3, 2682, 0, 927.0, 931.0, -1
3, 2683, 1, 927.0, 931.0, -1
3, 2684, 2, 927.0, 931.0, -1
3, 2685, 4, 927.0, 931.0, -1
3, 2686, 6, 927.0, 931.0, -1
3, 2687, 2, 927.0, 931.0, -1
3, 2688, 0, 927.0, 931.0, -1
3, 2689, 3, 927.0, 931.0, -1
3, 2690, 1, 927.0, 931.0, -1
3, 2691, 8, 927.0, 931.0, -1
3, 2692, 6, 927.0, 931.0, -1
3, 2693, 4, 927.0, 931.0, -1
3, 2694, 7, 927.0, 931.0, -1
3, 2695, 1, 927.0, 931.0, -1
3, 2696, 8, 927.0, 931.0, -1
3, 2697, 7, 927.0, 931.0, -1
3, 2698, 4, 927.0, 931.0, -1
3, 2699, 6, 927.0, 931.0, -1
3, 2700, 3, 927.0, 931.0, -1
3, 2701, 1, 927.0, 931.0, -1
3, 2702, 0, 927.0, 931.0, -1
3, 2703, 4, 927.0, 931.0, -1
3, 2704, 8, 927.0, 931.0, -1
3, 2705, 6, 927.0, 931.0, -1
3, 2706, 1, 927.0, 931.0, -1
3, 2707, 4, 927.0, 931.0, -1
3, 2708, 7, 927.0, 931.0, -1
3, 2709, 3, 927.0, 932.0, -1
3, 2710, 3, 927.0, 932.0, -1
3, 2711, 6, 927.0, 932.0, -1
3, 2712, 8, 927.0, 932.0, -1
3, 2713, 8, 927.0, 932.0, -1
3, 2714, 4, 927.0, 932.0, -1
3, 2715, 1, 927.0, 932.0, -1
3, 2716, 7, 927.0, 932.0, -1
3, 2717, 3, 927.0, 932.0, -1
3, 2718, 6, 927.0, 932.0, -1
3, 2719, 0, 927.0, 932.0, -1
3, 2720, 8, 927.0, 932.0, -1
3, 2721, 6, 927.0, 932.0, -1
3, 2722, 7, 927.0, 932.0, -1
3, 2723, 4, 927.0, 932.0, -1
3, 2724, 8, 927.0, 932.0, -1
3, 2725, 7, 927.0, 932.0, -1
3, 2726, 6, 927.0, 932.0, -1
3, 2727, 7, 927.0, 932.0, -1
3, 2728, 6, 927.0, 932.0, -1
3, 2729, 4, 927.0, 932.0, -1
3, 2730, 8, 927.0, 932.0, -1
3, 2731, 4, 927.0, 932.0, -1
3, 2732, 0, 927.0, 932.0, -1
3, 2733, 7, 927.0, 932.0, -1
3, 2734, 3, 928.0, 932.0, -1
3, 2735, 2, 928.0, 932.0, -1
3, 2736, 4, 928.0, 932.0, -1
3, 2737, 2, 928.0, 932.0, -1
3, 2738, 2, 928.0, 932.0, -1
3, 2739, 0, 928.0, 932.0, -1
3, 2740, 2, 928.0, 932.0, -1
3, 2741, 1, 928.0, 932.0, -1
3, 2742, 5, 930.0, 934.0, -1
3, 2743, 5, 930.0, 934.0, -1
3, 2744, 5, 930.0, 934.0, -1
3, 2745, 5, 930.0, 934.0, -1
3, 2746, 5, 930.0, 934.0, -1
3, 2747, 5, 930.0, 934.0, -1
3, 2748, 5, 930.0, 934.0, -1
3, 2749, 5, 930.0, 934.0, -1
3, 2750, 5, 930.0, 934.0, -1
3, 2751, 2, 932.0, 936.0, -1
3, 2752, 0, 932.0, 936.0, -1
3, 2753, 2, 932.0, 936.0, -1
3, 2754, 2, 932.0, 936.0, -1
3, 2755, 1, 932.0, 936.0, -1
3, 2756, 0, 932.0, 936.0, -1
3, 2757, 4, 932.0, 936.0, -1
3, 2758, 1, 932.0, 936.0, -1
3, 2759, 3, 932.0, 936.0, -1
3, 2760, 2, 932.0, 936.0, -1
3, 2761, 4, 932.0, 936.0, -1
3, 2762, 2, 932.0, 936.0, -1
3, 2763, 1, 932.0, 936.0, -1
3, 2764, 0, 932.0, 936.0, -1
3, 2765, 2, 932.0, 936.0, -1
3, 2766, 1, 932.0, 936.0, -1
3, 2767, 4, 932.0, 936.0, -1
3, 2768, 0, 932.0, 936.0, -1
3, 2769, 3, 932.0, 936.0, -1
3, 2770, 1, 932.0, 936.0, -1
3, 2771, 0, 932.0, 936.0, -1
3, 2772, 4, 932.0, 936.0, -1
3, 2773, 1, 932.0, 936.0, -1
3, 2774, 0, 932.0, 936.0, -1
3, 2775, 3, 932.0, 936.0, -1
3, 2776, 6, 932.0, 936.0, -1
3, 2777, 7, 932.0, 936.0, -1
3, 2778, 4, 932.0, 936.0, -1
3, 2779, 0, 932.0, 936.0, -1
3, 2780, 6, 932.0, 936.0, -1
3, 2781, 3, 932.0, 936.0, -1
3, 2782, 3, 932.0, 936.0, -1
3, 2783, 7, 932.0, 936.0, -1
3, 2784, 4, 932.0, 936.0, -1
3, 2785, 0, 932.0, 936.0, -1
3, 2786, 4, 932.0, 936.0, -1
3, 2787, 1, 932.0, 936.0, -1
3, 2788, 3, 932.0, 936.0, -1
3, 2789, 6, 932.0, 936.0, -1
3, 2790, 1, 932.0, 936.0, -1
3, 2791, 7, 932.0, 936.0, -1
3, 2792, 8, 932.0, 937.0, -1
3, 2793, 3, 932.0, 937.0, -1
3, 2794, 0, 932.0, 937.0, -1
3, 2795, 6, 932.0, 937.0, -1
3, 2796, 4, 932.0, 937.0, -1
3, 2797, 8, 932.0, 937.0, -1
3, 2798, 8, 932.0, 937.0, -1
3, 2799, 3, 932.0, 937.0, -1
3, 2800, 7, 932.0, 937.0, -1
3, 2801, 6, 932.0, 937.0, -1
3, 2802, 7, 932.0, 937.0, -1
3, 2803, 3, 932.0, 937.0, -1
3, 2804, 6, 932.0, 937.0, -1
3, 2805, 8, 932.0, 937.0, -1
3, 2806, 8, 932.0, 937.0, -1
3, 2807, 8, 932.0, 937.0, -1
3, 2808, 4, 932.0, 937.0, -1
3, 2809, 6, 932.0, 937.0, -1
3, 2810, 6, 932.0, 937.0, -1
3, 2811, 7, 932.0, 937.0, -1
3, 2812, 8, 932.0, 937.0, -1
3, 2813, 7, 932.0, 937.0, -1
3, 2814, 7, 932.0, 937.0, -1
3, 2815, 8, 932.0, 937.0, -1
3, 2816, 6, 932.0, 937.0, -1
3, 2817, 7, 932.0, 937.0, -1
3, 2818, 6, 932.0, 937.0, -1
3, 2819, 8, 932.0, 937.0, -1
3, 2820, 1, 932.0, 937.0, -1
3, 2821, 8, 932.0, 937.0, -1
3, 2822, 7, 932.0, 937.0, -1
3, 2823, 2, 933.0, 937.0, -1
3, 2824, 4, 933.0, 937.0, -1
3, 2825, 3, 933.0, 937.0, -1
3, 2826, 2, 933.0, 937.0, -1
3, 2827, 2, 933.0, 937.0, -1
3, 2828, 2, 933.0, 937.0, -1
3, 2829, 1, 933.0, 937.0, -1
3, 2830, 0, 933.0, 938.0, -1
3, 2831, 5, 935.0, 939.0, -1
3, 2832, 5, 935.0, 939.0, -1
3, 2833, 5, 935.0, 939.0, -1
3, 2834, 5, 935.0, 939.0, -1
3, 2835, 5, 935.0, 939.0, -1
3, 2836, 5, 935.0, 939.0, -1
3, 2837, 5, 935.0, 939.0, -1
3, 2838, 5, 935.0, 940.0, -1
3, 2839, 5, 935.0, 940.0, -1
3, 2840, 8, 937.0, 941.0, -1
3, 2841, 7, 937.0, 941.0, -1
3, 2842, 7, 937.0, 941.0, -1
3, 2843, 7, 937.0, 941.0, -1
3, 2844, 4, 937.0, 941.0, -1
3, 2845, 4, 937.0, 941.0, -1
3, 2846, 7, 937.0, 941.0, -1
3, 2847, 7, 937.0, 941.0, -1
3, 2848, 7, 937.0, 941.0, -1
3, 2849, 2, 937.0, 941.0, -1
3, 2850, 7, 937.0, 941.0, -1
3, 2851, 7, 937.0, 941.0, -1
3, 2852, 7, 937.0, 941.0, -1
3, 2853, 7, 937.0, 941.0, -1
3, 2854, 1, 937.0, 941.0, -1
3, 2855, 4, 937.0, 941.0, -1
3, 2856, 3, 937.0, 941.0, -1
3, 2857, 1, 937.0, 941.0, -1
3, 2858, 2, 937.0, 941.0, -1
3, 2859, 4, 937.0, 941.0, -1
3, 2860, 2, 937.0, 941.0, -1
3, 2861, 3, 937.0, 941.0, -1
3, 2862, 4, 937.0, 941.0, -1
3, 2863, 2, 937.0, 941.0, -1
3, 2864, 4, 937.0, 941.0, -1
3, 2865, 1, 937.0, 941.0, -1
3, 2866, 3, 937.0, 941.0, -1
3, 2867, 3, 937.0, 941.0, -1
3, 2868, 4, 937.0, 941.0, -1
3, 2869, 3, 937.0, 941.0, -1
3, 2870, 8, 937.0, 941.0, -1
3, 2871, 1, 937.0, 941.0, -1
3, 2872, 0, 937.0, 941.0, -1
3, 2873, 3, 937.0, 941.0, -1
3, 2874, 1, 937.0, 941.0, -1
3, 2875, 0, 937.0, 941.0, -1
3, 2876, 2, 937.0, 941.0, -1
3, 2877, 1, 937.0, 941.0, -1
3, 2878, 4, 937.0, 941.0, -1
3, 2879, 0, 937.0, 941.0, -1
3, 2880, 3, 937.0, 941.0, -1
3, 2881, 4, 937.0, 941.0, -1
3, 2882, 1, 937.0, 941.0, -1
3, 2883, 0, 937.0, 941.0, -1
3, 2884, 2, 937.0, 941.0, -1
3, 2885, 8, 937.0, 941.0, -1
3, 2886, 1, 937.0, 941.0, -1
3, 2887, 8, 937.0, 941.0, -1
3, 2888, 3, 937.0, 941.0, -1
3, 2889, 8, 937.0, 941.0, -1
3, 2890, 0, 937.0, 941.0, -1
3, 2891, 3, 937.0, 941.0, -1
3, 2892, 6, 937.0, 941.0, -1
3, 2893, 8, 937.0, 941.0, -1
3, 2894, 0, 937.0, 941.0, -1
3, 2895, 8, 937.0, 941.0, -1
3, 2896, 6, 937.0, 941.0, -1
3, 2897, 0, 937.0, 942.0, -1
3, 2898, 6, 937.0, 942.0, -1
3, 2899, 0, 937.0, 942.0, -1
3, 2900, 8, 937.0, 942.0, -1
3, 2901, 6, 937.0, 942.0, -1
3, 2902, 6, 937.0, 942.0, -1
3, 2903, 1, 937.0, 942.0, -1
3, 2904, 6, 937.0, 942.0, -1
3, 2905, 0, 937.0, 942.0, -1
3, 2906, 8, 937.0, 942.0, -1
3, 2907, 8, 937.0, 942.0, -1
3, 2908, 6, 937.0, 942.0, -1
3, 2909, 6, 937.0, 942.0, -1
3, 2910, 6, 937.0, 942.0, -1
3, 2911, 6, 937.0, 942.0, -1
3, 2912, 4, 938.0, 942.0, -1
3, 2913, 2, 938.0, 942.0, -1
3, 2914, 3, 938.0, 942.0, -1
3, 2915, 2, 938.0, 942.0, -1
3, 2916, 1, 938.0, 942.0, -1
3, 2917, 2, 938.0, 942.0, -1
3, 2918, 2, 938.0, 942.0, -1
3, 2919, 0, 938.0, 942.0, -1
3, 2920, 5, 940.0, 944.0, -1
3, 2921, 5, 940.0, 944.0, -1
3, 2922, 5, 940.0, 944.0, -1
3, 2923, 5, 940.0, 944.0, -1
3, 2924, 5, 940.0, 944.0, -1
3, 2925, 5, 940.0, 944.0, -1
3, 2926, 5, 940.0, 944.0, -1
3, 2927, 5, 940.0, 944.0, -1
3, 2928, 5, 940.0, 944.0, -1
3, 2929, 8, 941.0, 944.0, -1
3, 2930, 7, 941.0, 945.0, -1
3, 2931, 1, 942.0, 945.0, -1
3, 2932, 8, 942.0, 946.0, -1
3, 2933, 1, 942.0, 946.0, -1
3, 2934, 8, 942.0, 946.0, -1
3, 2935, 2, 942.0, 946.0, -1
3, 2936, 8, 942.0, 946.0, -1
3, 2937, 6, 942.0, 946.0, -1
3, 2938, 8, 942.0, 946.0, -1
3, 2939, 6, 942.0, 946.0, -1
3, 2940, 2, 942.0, 946.0, -1
3, 2941, 2, 942.0, 946.0, -1
3, 2942, 8, 942.0, 946.0, -1
3, 2943, 2, 942.0, 946.0, -1
3, 2944, 6, 942.0, 946.0, -1
3, 2945, 2, 942.0, 946.0, -1
3, 2946, 2, 942.0, 946.0, -1
3, 2947, 1, 942.0, 946.0, -1
3, 2948, 3, 942.0, 946.0, -1
3, 2949, 3, 942.0, 946.0, -1
3, 2950, 1, 942.0, 946.0, -1
3, 2951, 1, 942.0, 946.0, -1
3, 2952, 1, 942.0, 946.0, -1
3, 2953, 1, 942.0, 946.0, -1
3, 2954, 1, 942.0, 946.0, -1
3, 2955, 3, 942.0, 946.0, -1
3, 2956, 3, 942.0, 946.0, -1
3, 2957, 3, 942.0, 946.0, -1
3, 2958, 0, 942.0, 946.0, -1
3, 2959, 3, 942.0, 946.0, -1
3, 2960, 3, 942.0, 946.0, -1
3, 2961, 4, 942.0, 946.0, -1
3, 2962, 3, 942.0, 946.0, -1
3, 2963, 7, 942.0, 946.0, -1
3, 2964, 4, 942.0, 946.0, -1
3, 2965, 4, 942.0, 946.0, -1
3, 2966, 4, 942.0, 946.0, -1
3, 2967, 0, 942.0, 946.0, -1
3, 2968, 0, 942.0, 946.0, -1
3, 2969, 0, 942.0, 946.0, -1
3, 2970, 4, 942.0, 946.0, -1
3, 2971, 0, 942.0, 946.0, -1
3, 2972, 4, 942.0, 946.0, -1
3, 2973, 0, 942.0, 946.0, -1
3, 2974, 7, 942.0, 946.0, -1
3, 2975, 4, 942.0, 946.0, -1
3, 2976, 0, 942.0, 946.0, -1
3, 2977, 7, 942.0, 946.0, -1
3, 2978, 4, 942.0, 946.0, -1
3, 2979, 7, 942.0, 946.0, -1
3, 2980, 7, 942.0, 946.0, -1
3, 2981, 7, 942.0, 946.0, -1
3, 2982, 7, 942.0, 946.0, -1
3, 2983, 7, 942.0, 946.0, -1
3, 2984, 7, 942.0, 946.0, -1
3, 2985, 4, 942.0, 947.0, -1
3, 2986, 5, 948.0, 951.0, 952.0
3, 2987, 6, 948.0, 951.0, 952.0
3, 2988, 0, 948.0, 951.0, 952.0
3, 2989, 2, 948.0, 951.0, 952.0
3, 2990, 5, 948.0, 951.0, 952.0
3, 2991, 4, 948.0, 951.0, 952.0
3, 2992, 3, 948.0, 951.0, 952.0
3, 2993, 4, 948.0, 951.0, 952.0
3, 2994, 3, 948.0, 951.0, 952.0
3, 2995, 1, 948.0, 951.0, 952.0
3, 2996, 5, 948.0, 951.0, 952.0
3, 2997, 7, 948.0, 951.0, 952.0
3, 2998, 1, 948.0, 951.0, 952.0
3, 2999, 4, 948.0, 951.0, 952.0
3, 3000, 1, 948.0, 951.0, 952.0
3, 3001, 7, 948.0, 951.0, 952.0
3, 3002, 5, 948.0, 951.0, 952.0
3, 3003, 2, 948.0, 951.0, 952.0
3, 3004, 5, 948.0, 951.0, 952.0
3, 3005, 3, 948.0, 951.0, 952.0
3, 3006, 5, 948.0, 951.0, 952.0
3, 3007, 2, 948.0, 951.0, 952.0
3, 3008, 1, 948.0, 951.0, 952.0
3, 3009, 6, 948.0, 951.0, 952.0
3, 3010, 5, 948.0, 951.0, 952.0
3, 3011, 6, 948.0, 951.0, 952.0
3, 3012, 5, 948.0, 951.0, 952.0
3, 3013, 2, 948.0, 951.0, 952.0
3, 3014, 8, 948.0, 951.0, 952.0
3, 3015, 1, 948.0, 951.0, 952.0
3, 3016, 4, 948.0, 951.0, 952.0
3, 3017, 3, 948.0, 951.0, 952.0
3, 3018, 4, 948.0, 951.0, 952.0
3, 3019, 0, 948.0, 951.0, 952.0
3, 3020, 3, 948.0, 951.0, 952.0
3, 3021, 0, 948.0, 951.0, 952.0
3, 3022, 8, 948.0, 951.0, 952.0
3, 3023, 5, 948.0, 951.0, 952.0
3, 3024, 7, 948.0, 951.0, 952.0
3, 3025, 2, 948.0, 951.0, 952.0
3, 3026, 8, 948.0, 951.0, 952.0
3, 3027, 7, 948.0, 951.0, 952.0
3, 3028, 3, 948.0, 951.0, 952.0
3, 3029, 6, 948.0, 951.0, 952.0
3, 3030, 3, 948.0, 951.0, 952.0
3, 3031, 0, 948.0, 951.0, 952.0
3, 3032, 4, 948.0, 951.0, 952.0
3, 3033, 1, 948.0, 951.0, 952.0
3, 3034, 7, 948.0, 951.0, 952.0
3, 3035, 7, 948.0, 951.0, 952.0
3, 3036, 8, 948.0, 951.0, 952.0
3, 3037, 6, 948.0, 951.0, 952.0
3, 3038, 1, 948.0, 951.0, 952.0
3, 3039, 3, 948.0, 951.0, 952.0
3, 3040, 6, 948.0, 951.0, 953.0
3, 3041, 1, 948.0, 951.0, 952.0
3, 3042, 2, 948.0, 951.0, 952.0
3, 3043, 6, 948.0, 951.0, 952.0
3, 3044, 2, 948.0, 951.0, 952.0
3, 3045, 7, 948.0, 951.0, 952.0
3, 3046, 1, 948.0, 951.0, 952.0
3, 3047, 0, 948.0, 951.0, 952.0
3, 3048, 2, 948.0, 951.0, 952.0
3, 3049, 7, 948.0, 951.0, 952.0
3, 3050, 8, 948.0, 951.0, 952.0
3, 3051, 2, 948.0, 951.0, 952.0
3, 3052, 4, 948.0, 951.0, 952.0
3, 3053, 7, 948.0, 951.0, 952.0
3, 3054, 6, 948.0, 951.0, 952.0
3, 3055, 3, 948.0, 951.0, 952.0
3, 3056, 0, 948.0, 951.0, 952.0
3, 3057, 2, 948.0, 951.0, 952.0
3, 3058, 4, 948.0, 951.0, 952.0
3, 3059, 6, 948.0, 951.0, 952.0
3, 3060, 8, 948.0, 951.0, 952.0
3, 3061, 8, 948.0, 951.0, 952.0
3, 3062, 7, 948.0, 951.0, 952.0
3, 3063, 6, 948.0, 951.0, 952.0
3, 3064, 8, 948.0, 951.0, 952.0
3, 3065, 3, 948.0, 951.0, 952.0
3, 3066, 0, 948.0, 951.0, 952.0
3, 3067, 8, 948.0, 951.0, 952.0
3, 3068, 0, 948.0, 951.0, 952.0
3, 3069, 1, 948.0, 951.0, 952.0
3, 3070, 8, 948.0, 951.0, 952.0
3, 3071, 4, 948.0, 951.0, 952.0
3, 3072, 0, 948.0, 951.0, 952.0
3, 3073, 0, 948.0, 951.0, 952.0
3, 3074, 4, 948.0, 972.0, 1027.0
3, 3075, 2, 952.0, 954.0, 955.0
3, 3076, 0, 952.0, 954.0, 955.0
3, 3077, 1, 952.0, 954.0, 955.0
3, 3078, 4, 952.0, 954.0, 955.0
3, 3079, 5, 952.0, 954.0, 955.0
3, 3080, 5, 952.0, 954.0, 955.0
3, 3081, 0, 952.0, 954.0, 955.0
3, 3082, 4, 952.0, 954.0, 955.0
3, 3083, 5, 952.0, 954.0, 955.0
3, 3084, 3, 952.0, 954.0, 955.0
3, 3085, 6, 952.0, 955.0, 955.0
