0, 0, 0, 9.0, 50.0, -1
0, 1, 0, 9.0, 52.0, -1
0, 2, 0, 9.0, 52.0, -1
0, 3, 0, 9.0, 53.0, -1
0, 4, 0, 9.0, 53.0, -1
0, 5, 0, 9.0, 53.0, -1
0, 6, 0, 9.0, 54.0, -1
2, 7, 0, 9.0, 52.0, -1
0, 8, 4, 10.0, 53.0, -1
0, 9, 4, 10.0, 53.0, -1
0, 10, 7, 10.0, 53.0, -1
0, 11, 4, 10.0, 53.0, -1
0, 12, 7, 10.0, 54.0, -1
0, 13, 7, 10.0, 54.0, -1
0, 14, 7, 10.0, 54.0, -1
0, 15, 7, 10.0, 54.0, -1
0, 16, 3, 10.0, 54.0, -1
0, 17, 5, 10.0, 54.0, -1
0, 18, 3, 10.0, 54.0, -1
0, 19, 3, 10.0, 54.0, -1
0, 20, 7, 10.0, 54.0, -1
0, 21, 7, 10.0, 55.0, -1
0, 22, 3, 10.0, 55.0, -1
0, 23, 4, 10.0, 55.0, -1
0, 24, 4, 10.0, 55.0, -1
0, 25, 5, 10.0, 55.0, -1
0, 26, 7, 10.0, 55.0, -1
0, 27, 7, 10.0, 55.0, -1
0, 28, 5, 10.0, 55.0, -1
0, 29, 5, 10.0, 55.0, -1
0, 30, 4, 10.0, 55.0, -1
0, 31, 3, 10.0, 55.0, -1
0, 32, 5, 10.0, 55.0, -1
0, 33, 4, 10.0, 55.0, -1
0, 34, 3, 10.0, 55.0, -1
0, 35, 5, 10.0, 56.0, -1
0, 36, 4, 10.0, 56.0, -1
0, 37, 3, 10.0, 56.0, -1
0, 38, 4, 10.0, 56.0, -1
0, 39, 5, 10.0, 56.0, -1
0, 40, 3, 10.0, 56.0, -1
0, 41, 5, 10.0, 56.0, -1
0, 42, 3, 10.0, 56.0, -1
0, 43, 5, 10.0, 57.0, -1
0, 44, 1, 10.0, 57.0, -1
0, 45, 1, 10.0, 58.0, -1
0, 46, 7, 10.0, 58.0, -1
0, 47, 1, 10.0, 58.0, -1
0, 48, 1, 10.0, 59.0, -1
0, 49, 1, 10.0, 59.0, -1
0, 50, 1, 10.0, 59.0, -1
0, 51, 1, 10.0, 75.0, -1
0, 52, 1, 10.0, 78.0, -1
0, 53, 1, 10.0, 80.0, -1
0, 54, 1, 10.0, 80.0, -1
0, 55, 2, 11.0, 55.0, -1
0, 56, 6, 11.0, 55.0, -1
0, 57, 6, 11.0, 55.0, -1
0, 58, 2, 11.0, 56.0, -1
0, 59, 6, 11.0, 56.0, -1
0, 60, 6, 11.0, 56.0, -1
0, 61, 2, 11.0, 56.0, -1
0, 62, 2, 11.0, 57.0, -1
0, 63, 2, 11.0, 57.0, -1
0, 64, 6, 11.0, 57.0, -1
0, 65, 2, 11.0, 57.0, -1
0, 66, 2, 11.0, 57.0, -1
0, 67, 6, 11.0, 57.0, -1
0, 68, 6, 11.0, 58.0, -1
0, 69, 2, 11.0, 58.0, -1
0, 70, 2, 11.0, 58.0, -1
0, 71, 2, 11.0, 59.0, -1
0, 72, 6, 11.0, 59.0, -1
0, 73, 6, 11.0, 59.0, -1
0, 74, 6, 11.0, 60.0, -1
0, 75, 8, 12.0, 54.0, -1
0, 76, 8, 12.0, 55.0, -1
0, 77, 8, 12.0, 55.0, -1
0, 78, 8, 12.0, 56.0, -1
0, 79, 8, 12.0, 56.0, -1
0, 80, 8, 12.0, 56.0, -1
0, 81, 8, 12.0, 56.0, -1
0, 82, 8, 12.0, 57.0, -1
0, 83, 8, 12.0, 58.0, -1
0, 84, 8, 12.0, 60.0, -1
0, 85, 0, 51.0, 94.0, -1
0, 86, 0, 52.0, 96.0, -1
0, 87, 0, 53.0, 94.0, -1
0, 88, 0, 53.0, 97.0, -1
0, 89, 0, 53.0, 97.0, -1
0, 90, 4, 53.0, 97.0, -1
0, 91, 7, 54.0, 96.0, -1
0, 92, 7, 54.0, 97.0, -1
0, 93, 7, 54.0, 97.0, -1
0, 94, 0, 54.0, 98.0, -1
0, 95, 7, 54.0, 98.0, -1
0, 96, 0, 54.0, 99.0, -1
0, 97, 7, 54.0, 99.0, -1
0, 98, 4, 54.0, 99.0, -1
0, 99, 4, 54.0, 101.0, -1
0, 100, 5, 55.0, 97.0, -1
0, 101, 7, 55.0, 98.0, -1
0, 102, 3, 55.0, 98.0, -1
0, 103, 4, 55.0, 98.0, -1
0, 104, 7, 55.0, 98.0, -1
0, 105, 0, 55.0, 99.0, -1
0, 106, 3, 55.0, 99.0, -1
0, 107, 8, 55.0, 99.0, -1
0, 108, 5, 55.0, 99.0, -1
0, 109, 7, 55.0, 100.0, -1
0, 110, 3, 55.0, 100.0, -1
0, 111, 3, 55.0, 100.0, -1
0, 112, 7, 55.0, 100.0, -1
0, 113, 4, 55.0, 100.0, -1
0, 114, 3, 56.0, 99.0, -1
0, 115, 4, 56.0, 99.0, -1
0, 116, 5, 56.0, 100.0, -1
0, 117, 2, 56.0, 100.0, -1
0, 118, 6, 56.0, 100.0, -1
0, 119, 5, 56.0, 100.0, -1
0, 120, 3, 56.0, 100.0, -1
0, 121, 3, 56.0, 101.0, -1
0, 122, 6, 56.0, 101.0, -1
0, 123, 8, 56.0, 101.0, -1
0, 124, 4, 56.0, 101.0, -1
0, 125, 6, 56.0, 101.0, -1
0, 126, 4, 56.0, 102.0, -1
0, 127, 8, 56.0, 102.0, -1
0, 128, 5, 56.0, 102.0, -1
0, 129, 8, 56.0, 102.0, -1
0, 130, 5, 56.0, 102.0, -1
0, 131, 8, 56.0, 103.0, -1
0, 132, 2, 56.0, 103.0, -1
0, 133, 6, 56.0, 104.0, -1
0, 134, 2, 57.0, 100.0, -1
0, 135, 8, 57.0, 100.0, -1
0, 136, 6, 57.0, 101.0, -1
0, 137, 8, 57.0, 101.0, -1
0, 138, 2, 57.0, 101.0, -1
0, 139, 3, 57.0, 101.0, -1
0, 140, 3, 57.0, 101.0, -1
0, 141, 2, 57.0, 102.0, -1
0, 142, 5, 57.0, 102.0, -1
0, 143, 4, 57.0, 102.0, -1
0, 144, 5, 57.0, 103.0, -1
0, 145, 2, 57.0, 103.0, -1
0, 146, 8, 57.0, 103.0, -1
0, 147, 6, 58.0, 100.0, -1
0, 148, 6, 58.0, 101.0, -1
0, 149, 8, 58.0, 102.0, -1
0, 150, 1, 58.0, 102.0, -1
0, 151, 7, 58.0, 103.0, -1
0, 152, 5, 58.0, 103.0, -1
0, 153, 2, 58.0, 103.0, -1
0, 154, 1, 58.0, 103.0, -1
0, 155, 6, 59.0, 101.0, -1
0, 156, 1, 59.0, 102.0, -1
0, 157, 1, 59.0, 102.0, -1
0, 158, 2, 59.0, 104.0, -1
0, 159, 2, 59.0, 104.0, -1
0, 160, 2, 59.0, 105.0, -1
0, 161, 1, 60.0, 101.0, -1
0, 162, 6, 60.0, 105.0, -1
0, 163, 1, 60.0, 105.0, -1
0, 164, 6, 61.0, 104.0, -1
0, 165, 8, 61.0, 106.0, -1
0, 166, 1, 75.0, 121.0, -1
0, 167, 1, 79.0, 123.0, -1
0, 168, 1, 80.0, 125.0, -1
0, 169, 1, 80.0, 125.0, -1
0, 170, 0, 94.0, 138.0, -1
0, 171, 0, 95.0, 141.0, -1
0, 172, 0, 96.0, 139.0, -1
0, 173, 7, 96.0, 139.0, -1
0, 174, 0, 97.0, 139.0, -1
0, 175, 0, 97.0, 140.0, -1
0, 176, 7, 97.0, 141.0, -1
0, 177, 7, 97.0, 144.0, -1
0, 178, 7, 98.0, 140.0, -1
0, 179, 3, 98.0, 141.0, -1
0, 180, 4, 98.0, 142.0, -1
0, 181, 0, 98.0, 142.0, -1
0, 182, 5, 98.0, 143.0, -1
0, 183, 4, 98.0, 145.0, -1
0, 184, 0, 99.0, 142.0, -1
0, 185, 7, 99.0, 143.0, -1
0, 186, 4, 99.0, 143.0, -1
0, 187, 7, 99.0, 143.0, -1
0, 188, 4, 99.0, 143.0, -1
0, 189, 0, 99.0, 143.0, -1
0, 190, 8, 99.0, 144.0, -1
0, 191, 3, 99.0, 144.0, -1
0, 192, 5, 99.0, 144.0, -1
0, 193, 3, 99.0, 145.0, -1
0, 194, 7, 99.0, 145.0, -1
0, 195, 8, 100.0, 142.0, -1
0, 196, 2, 100.0, 143.0, -1
0, 197, 6, 100.0, 143.0, -1
0, 198, 2, 100.0, 144.0, -1
0, 199, 3, 100.0, 144.0, -1
0, 200, 6, 100.0, 144.0, -1
0, 201, 7, 100.0, 146.0, -1
0, 202, 3, 100.0, 146.0, -1
0, 203, 7, 100.0, 146.0, -1
0, 204, 5, 100.0, 146.0, -1
0, 205, 3, 101.0, 144.0, -1
0, 206, 6, 101.0, 144.0, -1
0, 207, 1, 101.0, 145.0, -1
0, 208, 6, 101.0, 145.0, -1
0, 209, 3, 101.0, 145.0, -1
0, 210, 4, 101.0, 145.0, -1
0, 211, 4, 101.0, 145.0, -1
0, 212, 6, 101.0, 146.0, -1
0, 213, 5, 101.0, 146.0, -1
0, 214, 8, 101.0, 146.0, -1
0, 215, 2, 101.0, 147.0, -1
0, 216, 8, 101.0, 147.0, -1
0, 217, 4, 101.0, 147.0, -1
0, 218, 6, 101.0, 149.0, -1
0, 219, 1, 102.0, 144.0, -1
0, 220, 2, 102.0, 145.0, -1
0, 221, 8, 102.0, 146.0, -1
0, 222, 1, 102.0, 146.0, -1
0, 223, 3, 102.0, 146.0, -1
0, 224, 4, 102.0, 147.0, -1
0, 225, 1, 102.0, 147.0, -1
0, 226, 5, 102.0, 147.0, -1
0, 227, 5, 102.0, 147.0, -1
0, 228, 8, 102.0, 147.0, -1
0, 229, 4, 102.0, 148.0, -1
0, 230, 6, 102.0, 148.0, -1
0, 231, 3, 102.0, 149.0, -1
0, 232, 8, 102.0, 149.0, -1
0, 233, 5, 103.0, 145.0, -1
0, 234, 2, 103.0, 146.0, -1
0, 235, 5, 103.0, 147.0, -1
0, 236, 2, 103.0, 147.0, -1
0, 237, 8, 103.0, 147.0, -1
0, 238, 5, 103.0, 148.0, -1
0, 239, 7, 103.0, 148.0, -1
0, 240, 8, 103.0, 148.0, -1
0, 241, 6, 104.0, 146.0, -1
0, 242, 1, 104.0, 149.0, -1
0, 243, 6, 104.0, 149.0, -1
0, 244, 2, 104.0, 149.0, -1
0, 245, 2, 104.0, 149.0, -1
0, 246, 2, 104.0, 151.0, -1
0, 247, 6, 105.0, 149.0, -1
0, 248, 1, 105.0, 150.0, -1
0, 249, 2, 105.0, 150.0, -1
0, 250, 8, 106.0, 153.0, -1
0, 251, 1, 121.0, 165.0, -1
0, 252, 1, 123.0, 167.0, -1
0, 253, 1, 125.0, 168.0, -1
0, 254, 1, 125.0, 170.0, -1
0, 255, 0, 139.0, 181.0, -1
0, 256, 7, 140.0, 182.0, -1
0, 257, 0, 140.0, 183.0, -1
0, 258, 0, 140.0, 184.0, -1
0, 259, 0, 141.0, 185.0, -1
0, 260, 7, 141.0, 186.0, -1
0, 261, 0, 142.0, 184.0, -1
0, 262, 3, 142.0, 186.0, -1
0, 263, 7, 142.0, 186.0, -1
0, 264, 0, 143.0, 183.0, -1
0, 265, 8, 143.0, 187.0, -1
0, 266, 0, 143.0, 187.0, -1
0, 267, 4, 143.0, 190.0, -1
0, 268, 7, 144.0, 185.0, -1
0, 269, 7, 144.0, 186.0, -1
0, 270, 0, 144.0, 186.0, -1
0, 271, 6, 144.0, 188.0, -1
0, 272, 4, 144.0, 188.0, -1
0, 273, 2, 144.0, 190.0, -1
0, 274, 4, 144.0, 191.0, -1
0, 275, 5, 144.0, 193.0, -1
0, 276, 6, 145.0, 187.0, -1
0, 277, 3, 145.0, 187.0, -1
0, 278, 3, 145.0, 187.0, -1
0, 279, 7, 145.0, 188.0, -1
0, 280, 5, 145.0, 189.0, -1
0, 281, 4, 145.0, 189.0, -1
0, 282, 1, 145.0, 189.0, -1
0, 283, 2, 145.0, 191.0, -1
0, 284, 6, 145.0, 191.0, -1
0, 285, 3, 145.0, 191.0, -1
0, 286, 8, 145.0, 191.0, -1
0, 287, 7, 146.0, 188.0, -1
0, 288, 4, 146.0, 188.0, -1
0, 289, 7, 146.0, 189.0, -1
0, 290, 3, 146.0, 189.0, -1
0, 291, 3, 146.0, 190.0, -1
0, 292, 2, 146.0, 190.0, -1
0, 293, 6, 146.0, 191.0, -1
0, 294, 1, 146.0, 191.0, -1
0, 295, 4, 146.0, 191.0, -1
0, 296, 5, 146.0, 193.0, -1
0, 297, 8, 147.0, 192.0, -1
0, 298, 1, 147.0, 192.0, -1
0, 299, 6, 147.0, 193.0, -1
0, 300, 3, 147.0, 194.0, -1
1, 301, 5, 147.0, 191.0, -1
1, 302, 2, 147.0, 193.0, -1
1, 303, 8, 147.0, 194.0, -1
1, 304, 8, 148.0, 193.0, -1
1, 305, 8, 148.0, 195.0, -1
1, 306, 4, 148.0, 195.0, -1
0, 307, 7, 149.0, 194.0, 196.0
0, 308, 2, 149.0, 194.0, 200.0
0, 309, 3, 149.0, 194.0, 201.0
0, 310, 6, 149.0, 194.0, 204.0
0, 311, 3, 149.0, 194.0, 207.0
0, 312, 7, 149.0, 194.0, 210.0
0, 313, 4, 149.0, 193.0, 214.0
0, 314, 6, 149.0, 194.0, 220.0
0, 315, 4, 149.0, 194.0, 231.0
0, 316, 5, 149.0, 194.0, 233.0
0, 317, 8, 149.0, 194.0, 234.0
0, 318, 8, 149.0, 194.0, 235.0
0, 319, 5, 149.0, 194.0, 249.0
0, 320, 5, 149.0, 194.0, 252.0
0, 321, 2, 150.0, 194.0, 197.0
0, 322, 1, 150.0, 194.0, 200.0
0, 323, 2, 150.0, 194.0, 201.0
0, 324, 6, 150.0, 193.0, 203.0
0, 325, 8, 150.0, 193.0, 205.0
0, 326, 5, 150.0, 194.0, 205.0
0, 327, 2, 150.0, 194.0, 207.0
0, 328, 5, 150.0, 194.0, 209.0
0, 329, 6, 150.0, 193.0, 211.0
0, 330, 1, 150.0, 194.0, 213.0
0, 331, 6, 150.0, 194.0, 246.0
0, 332, 1, 151.0, 194.0, 207.0
0, 333, 2, 151.0, 194.0, 208.0
0, 334, 2, 152.0, 194.0, 241.0
0, 335, 8, 154.0, 194.0, 206.0
0, 336, 1, 166.0, 194.0, 212.0
0, 337, 1, 168.0, 194.0, 212.0
0, 338, 1, 168.0, 195.0, 234.0
0, 339, 1, 170.0, 193.0, 227.0
0, 340, 0, 182.0, 210.0, 254.0
0, 341, 7, 183.0, 204.0, 239.0
0, 342, 0, 184.0, 205.0, 235.0
0, 343, 0, 184.0, 232.0, 314.0
0, 344, 0, 185.0, 193.0, 202.0
0, 345, 0, 185.0, 196.0, 213.0
0, 346, 7, 186.0, 194.0, 199.0
0, 347, 0, 186.0, 198.0, 216.0
0, 348, 0, 187.0, 194.0, 196.0
0, 349, 7, 187.0, 194.0, 206.0
0, 350, 7, 187.0, 197.0, 214.0
0, 351, 8, 187.0, 204.0, 230.0
0, 352, 3, 187.0, 205.0, 235.0
0, 353, 6, 187.0, 218.0, 266.0
0, 354, 7, 187.0, 224.0, 283.0
0, 355, 3, 188.0, 194.0, 200.0
0, 356, 7, 188.0, 200.0, 219.0
0, 357, 0, 188.0, 211.0, 243.0
0, 358, 3, 188.0, 236.0, 319.0
0, 359, 6, 189.0, 194.0, 197.0
0, 360, 4, 189.0, 204.0, 229.0
0, 361, 7, 189.0, 206.0, 230.0
0, 362, 4, 189.0, 214.0, 250.0
0, 363, 5, 190.0, 194.0, 196.0
0, 364, 1, 190.0, 196.0, 202.0
0, 365, 4, 190.0, 196.0, 203.0
0, 366, 3, 190.0, 199.0, 211.0
0, 367, 7, 190.0, 201.0, 216.0
0, 368, 3, 190.0, 215.0, 256.0
0, 369, 2, 191.0, 198.0, 204.0
0, 370, 2, 191.0, 201.0, 215.0
0, 371, 8, 191.0, 201.0, 215.0
0, 372, 4, 191.0, 202.0, 219.0
0, 373, 6, 191.0, 202.0, 220.0
0, 374, 3, 191.0, 219.0, 266.0
0, 375, 2, 191.0, 220.0, 269.0
0, 376, 1, 192.0, 194.0, 198.0
0, 377, 4, 192.0, 199.0, 208.0
0, 378, 6, 192.0, 199.0, 210.0
0, 379, 4, 192.0, 199.0, 212.0
0, 380, 5, 192.0, 209.0, 236.0
0, 381, 1, 193.0, 200.0, 212.0
0, 382, 8, 193.0, 201.0, 214.0
0, 383, 8, 193.0, 210.0, 233.0
0, 384, 5, 193.0, 225.0, 277.0
0, 385, 5, 194.0, 197.0, 198.0
0, 386, 2, 194.0, 201.0, 214.0
0, 387, 6, 194.0, 208.0, 225.0
0, 388, 3, 195.0, 212.0, 241.0
0, 389, 8, 195.0, 217.0, 255.0
0, 390, 4, 196.0, 203.0, 210.0
0, 391, 8, 196.0, 216.0, 250.0
0, 392, 7, 197.0, 204.0, 213.0
0, 393, 5, 197.0, 204.0, 218.0
0, 394, 0, 197.0, 212.0, 235.0
0, 395, 2, 198.0, 205.0, 213.0
0, 396, 6, 198.0, 216.0, 247.0
0, 397, 5, 199.0, 220.0, 254.0
0, 398, 1, 199.0, 222.0, 261.0
0, 399, 7, 200.0, 209.0, 222.0
0, 400, 2, 201.0, 204.0, 213.0
0, 401, 3, 201.0, 209.0, 221.0
0, 402, 1, 201.0, 208.0, 221.0
0, 403, 3, 201.0, 229.0, 272.0
0, 404, 2, 202.0, 271.0, 383.0
0, 405, 0, 203.0, 210.0, 218.0
0, 406, 1, 203.0, 245.0, 315.0
0, 407, 6, 204.0, 211.0, 217.0
0, 408, 4, 204.0, 210.0, 218.0
0, 409, 6, 205.0, 208.0, 213.0
0, 410, 2, 205.0, 208.0, 214.0
0, 411, 8, 206.0, 210.0, 217.0
0, 412, 5, 206.0, 233.0, 277.0
0, 413, 7, 207.0, 213.0, 224.0
0, 414, 8, 207.0, 233.0, 276.0
0, 415, 3, 208.0, 210.0, 213.0
0, 416, 1, 208.0, 217.0, 229.0
0, 417, 2, 208.0, 240.0, 288.0
0, 418, 4, 209.0, 212.0, 220.0
0, 419, 2, 209.0, 212.0, 222.0
0, 420, 5, 210.0, 225.0, 246.0
0, 421, 6, 210.0, 227.0, 255.0
0, 422, 3, 211.0, 214.0, 216.0
0, 423, 4, 211.0, 218.0, 230.0
0, 424, 7, 211.0, 223.0, 245.0
0, 425, 6, 211.0, 236.0, 275.0
0, 426, 1, 212.0, 225.0, 241.0
0, 427, 1, 213.0, 226.0, 239.0
0, 428, 1, 213.0, 228.0, 248.0
0, 429, 3, 213.0, 239.0, 282.0
0, 430, 4, 213.0, 241.0, 285.0
0, 431, 6, 214.0, 217.0, 222.0
0, 432, 7, 214.0, 217.0, 223.0
0, 433, 2, 214.0, 217.0, 223.0
0, 434, 1, 214.0, 221.0, 233.0
0, 435, 2, 214.0, 222.0, 235.0
0, 436, 2, 214.0, 224.0, 236.0
0, 437, 0, 214.0, 223.0, 237.0
0, 438, 4, 215.0, 218.0, 222.0
0, 439, 2, 215.0, 218.0, 225.0
0, 440, 7, 215.0, 221.0, 229.0
0, 441, 8, 215.0, 223.0, 230.0
0, 442, 2, 215.0, 226.0, 242.0
0, 443, 8, 216.0, 219.0, 227.0
0, 444, 7, 217.0, 223.0, 230.0
0, 445, 8, 217.0, 225.0, 234.0
0, 446, 3, 217.0, 230.0, 250.0
0, 447, 0, 217.0, 243.0, 282.0
0, 448, 6, 218.0, 221.0, 224.0
0, 449, 5, 218.0, 242.0, 284.0
0, 450, 4, 219.0, 226.0, 235.0
0, 451, 0, 219.0, 226.0, 236.0
0, 452, 6, 220.0, 227.0, 237.0
0, 453, 7, 220.0, 229.0, 243.0
0, 454, 4, 220.0, 235.0, 259.0
0, 455, 6, 221.0, 238.0, 264.0
0, 456, 4, 221.0, 245.0, 285.0
0, 457, 4, 222.0, 225.0, 233.0
0, 458, 3, 222.0, 235.0, 254.0
0, 459, 1, 222.0, 236.0, 257.0
0, 460, 6, 222.0, 253.0, 302.0
0, 461, 7, 223.0, 230.0, 240.0
0, 462, 2, 223.0, 239.0, 264.0
0, 463, 7, 223.0, 242.0, 268.0
0, 464, 2, 224.0, 227.0, 233.0
0, 465, 6, 224.0, 227.0, 233.0
0, 466, 2, 225.0, 228.0, 232.0
0, 467, 7, 225.0, 228.0, 233.0
0, 468, 6, 226.0, 262.0, 315.0
0, 469, 1, 228.0, 231.0, 235.0
0, 470, 8, 228.0, 245.0, 269.0
0, 471, 1, 229.0, 232.0, 234.0
0, 472, 4, 229.0, 243.0, 264.0
0, 473, 7, 230.0, 233.0, 242.0
0, 474, 7, 230.0, 237.0, 243.0
0, 475, 4, 230.0, 253.0, 289.0
0, 476, 8, 231.0, 234.0, 241.0
0, 477, 4, 231.0, 241.0, 256.0
0, 478, 7, 231.0, 243.0, 262.0
0, 479, 8, 231.0, 250.0, 282.0
0, 480, 2, 233.0, 236.0, 245.0
0, 481, 2, 233.0, 243.0, 262.0
0, 482, 4, 233.0, 258.0, 296.0
0, 483, 7, 234.0, 241.0, 251.0
0, 484, 8, 234.0, 241.0, 254.0
0, 485, 1, 234.0, 244.0, 257.0
0, 486, 6, 234.0, 265.0, 315.0
0, 487, 5, 234.0, 265.0, 317.0
0, 488, 1, 234.0, 287.0, 382.0
0, 489, 1, 235.0, 239.0, 245.0
0, 490, 8, 235.0, 243.0, 248.0
0, 491, 1, 235.0, 245.0, 263.0
0, 492, 8, 235.0, 254.0, 282.0
0, 493, 0, 236.0, 239.0, 241.0
0, 494, 0, 236.0, 239.0, 242.0
0, 495, 3, 236.0, 239.0, 246.0
0, 496, 8, 236.0, 244.0, 255.0
0, 497, 2, 236.0, 253.0, 279.0
0, 498, 4, 236.0, 253.0, 281.0
0, 499, 5, 237.0, 240.0, 247.0
0, 500, 0, 237.0, 246.0, 260.0
0, 501, 2, 237.0, 256.0, 286.0
0, 502, 0, 238.0, 241.0, 245.0
0, 503, 6, 238.0, 252.0, 274.0
0, 504, 7, 239.0, 257.0, 286.0
0, 505, 1, 240.0, 272.0, 320.0
0, 506, 7, 241.0, 244.0, 253.0
1, 507, 0, 241.0, 286.0, -1
1, 508, 8, 241.0, 289.0, -1
1, 509, 2, 241.0, 289.0, -1
1, 510, 7, 242.0, 285.0, -1
1, 511, 0, 243.0, 286.0, -1
1, 512, 2, 243.0, 288.0, -1
1, 513, 0, 243.0, 289.0, -1
1, 514, 1, 243.0, 291.0, -1
1, 515, 7, 244.0, 289.0, -1
1, 516, 7, 244.0, 290.0, -1
1, 517, 3, 244.0, 290.0, -1
1, 518, 7, 245.0, 290.0, -1
1, 519, 2, 245.0, 300.0, -1
1, 520, 0, 246.0, 292.0, -1
1, 521, 5, 246.0, 293.0, -1
1, 522, 1, 246.0, 294.0, -1
1, 523, 6, 247.0, 291.0, -1
1, 524, 5, 247.0, 292.0, -1
1, 525, 6, 247.0, 292.0, -1
1, 526, 3, 247.0, 293.0, -1
1, 527, 1, 248.0, 295.0, -1
1, 528, 5, 249.0, 294.0, -1
1, 529, 8, 249.0, 294.0, -1
1, 530, 4, 250.0, 297.0, -1
1, 531, 7, 251.0, 295.0, -1
1, 532, 3, 251.0, 296.0, -1
1, 533, 8, 251.0, 298.0, -1
1, 534, 5, 252.0, 299.0, -1
1, 535, 7, 253.0, 299.0, -1
1, 536, 0, 254.0, 298.0, -1
1, 537, 8, 254.0, 299.0, -1
1, 538, 3, 254.0, 299.0, -1
1, 539, 5, 254.0, 303.0, -1
1, 540, 8, 255.0, 298.0, -1
1, 541, 6, 256.0, 301.0, -1
1, 542, 3, 256.0, 302.0, -1
1, 543, 4, 256.0, 304.0, -1
1, 544, 1, 257.0, 303.0, -1
1, 545, 8, 257.0, 307.0, -1
1, 546, 1, 258.0, 304.0, -1
1, 547, 4, 259.0, 303.0, -1
1, 548, 0, 260.0, 307.0, -1
1, 549, 1, 261.0, 310.0, -1
1, 550, 7, 262.0, 305.0, -1
1, 551, 2, 262.0, 308.0, -1
1, 552, 1, 263.0, 310.0, -1
1, 553, 4, 264.0, 307.0, -1
1, 554, 6, 264.0, 309.0, -1
1, 555, 2, 265.0, 311.0, -1
1, 556, 3, 266.0, 311.0, -1
1, 557, 6, 266.0, 313.0, -1
1, 558, 7, 268.0, 312.0, -1
1, 559, 8, 269.0, 315.0, -1
1, 560, 2, 270.0, 315.0, -1
1, 561, 3, 273.0, 319.0, -1
1, 562, 6, 275.0, 319.0, -1
1, 563, 6, 275.0, 322.0, -1
1, 564, 8, 276.0, 323.0, -1
1, 565, 5, 277.0, 321.0, -1
1, 566, 5, 277.0, 322.0, -1
1, 567, 2, 279.0, 324.0, -1
1, 568, 4, 281.0, 327.0, -1
1, 569, 3, 282.0, 326.0, -1
1, 570, 0, 282.0, 327.0, -1
1, 571, 8, 282.0, 327.0, -1
1, 572, 8, 282.0, 327.0, -1
1, 573, 7, 283.0, 328.0, -1
1, 574, 5, 284.0, 330.0, -1
1, 575, 7, 285.0, 328.0, -1
1, 576, 4, 285.0, 328.0, -1
1, 577, 4, 285.0, 331.0, -1
1, 578, 2, 286.0, 328.0, -1
1, 579, 0, 286.0, 330.0, -1
1, 580, 7, 286.0, 330.0, -1
1, 581, 0, 286.0, 331.0, -1
1, 582, 2, 288.0, 332.0, -1
1, 583, 2, 288.0, 333.0, -1
1, 584, 0, 289.0, 333.0, -1
1, 585, 7, 289.0, 333.0, -1
1, 586, 4, 289.0, 334.0, -1
1, 587, 8, 289.0, 336.0, -1
1, 588, 2, 289.0, 345.0, -1
1, 589, 7, 290.0, 334.0, -1
1, 590, 7, 290.0, 336.0, -1
1, 591, 3, 291.0, 336.0, -1
1, 592, 1, 291.0, 336.0, -1
1, 593, 6, 291.0, 337.0, -1
1, 594, 0, 292.0, 334.0, -1
1, 595, 6, 292.0, 337.0, -1
1, 596, 5, 292.0, 337.0, -1
1, 597, 5, 293.0, 335.0, -1
1, 598, 3, 293.0, 337.0, -1
1, 599, 5, 294.0, 338.0, -1
1, 600, 8, 294.0, 338.0, -1
1, 601, 1, 295.0, 338.0, -1
1, 602, 1, 295.0, 338.0, -1
1, 603, 7, 295.0, 339.0, -1
1, 604, 3, 296.0, 339.0, -1
1, 605, 4, 296.0, 342.0, -1
1, 606, 4, 297.0, 342.0, -1
1, 607, 8, 298.0, 341.0, -1
1, 608, 8, 298.0, 342.0, -1
1, 609, 0, 298.0, 343.0, -1
1, 610, 3, 299.0, 343.0, -1
1, 611, 5, 299.0, 343.0, -1
1, 612, 8, 299.0, 344.0, -1
1, 613, 7, 299.0, 348.0, -1
1, 614, 2, 300.0, 349.0, -1
1, 615, 6, 301.0, 347.0, -1
1, 616, 3, 302.0, 344.0, -1
1, 617, 6, 302.0, 350.0, -1
1, 618, 5, 303.0, 350.0, -1
1, 619, 4, 304.0, 348.0, -1
1, 620, 4, 304.0, 349.0, -1
1, 621, 1, 304.0, 350.0, -1
1, 622, 7, 305.0, 349.0, -1
1, 623, 1, 305.0, 350.0, -1
1, 624, 0, 307.0, 351.0, -1
1, 625, 4, 307.0, 352.0, -1
1, 626, 8, 307.0, 355.0, -1
1, 627, 2, 308.0, 353.0, -1
1, 628, 6, 309.0, 356.0, -1
1, 629, 1, 310.0, 354.0, -1
1, 630, 1, 310.0, 355.0, -1
1, 631, 3, 311.0, 354.0, -1
1, 632, 2, 311.0, 358.0, -1
1, 633, 7, 312.0, 358.0, -1
1, 634, 6, 313.0, 359.0, -1
1, 635, 0, 314.0, 356.0, -1
1, 636, 2, 315.0, 359.0, -1
1, 637, 6, 315.0, 359.0, -1
1, 638, 6, 315.0, 359.0, -1
1, 639, 1, 315.0, 362.0, -1
1, 640, 8, 315.0, 363.0, -1
1, 641, 5, 317.0, 362.0, -1
1, 642, 6, 319.0, 364.0, -1
1, 643, 3, 319.0, 365.0, -1
1, 644, 3, 320.0, 362.0, -1
1, 645, 1, 320.0, 367.0, -1
1, 646, 5, 322.0, 368.0, -1
1, 647, 6, 322.0, 372.0, -1
1, 648, 5, 323.0, 364.0, -1
1, 649, 8, 323.0, 368.0, -1
1, 650, 2, 325.0, 370.0, -1
1, 651, 3, 327.0, 371.0, -1
1, 652, 4, 328.0, 370.0, -1
1, 653, 8, 328.0, 371.0, -1
1, 654, 0, 328.0, 371.0, -1
1, 655, 8, 328.0, 373.0, -1
1, 656, 7, 329.0, 371.0, -1
1, 657, 2, 329.0, 372.0, -1
1, 658, 4, 329.0, 373.0, -1
1, 659, 7, 329.0, 373.0, -1
1, 660, 7, 331.0, 371.0, -1
1, 661, 0, 331.0, 375.0, -1
1, 662, 5, 331.0, 376.0, -1
1, 663, 0, 332.0, 376.0, -1
1, 664, 4, 332.0, 376.0, -1
1, 665, 2, 333.0, 378.0, -1
1, 666, 0, 334.0, 377.0, -1
1, 667, 2, 334.0, 378.0, -1
1, 668, 7, 334.0, 383.0, -1
1, 669, 4, 335.0, 377.0, -1
1, 670, 0, 335.0, 379.0, -1
1, 671, 7, 335.0, 380.0, -1
1, 672, 5, 336.0, 377.0, -1
1, 673, 8, 337.0, 378.0, -1
1, 674, 7, 337.0, 380.0, -1
1, 675, 3, 337.0, 381.0, -1
1, 676, 1, 337.0, 390.0, -1
1, 677, 5, 338.0, 380.0, -1
1, 678, 3, 338.0, 381.0, -1
1, 679, 6, 338.0, 381.0, -1
1, 680, 6, 338.0, 384.0, -1
1, 681, 5, 339.0, 384.0, -1
1, 682, 8, 339.0, 385.0, -1
1, 683, 1, 339.0, 390.0, -1
1, 684, 1, 339.0, 390.0, -1
1, 685, 7, 340.0, 382.0, -1
1, 686, 3, 340.0, 384.0, -1
1, 687, 8, 342.0, 389.0, -1
1, 688, 4, 343.0, 384.0, -1
1, 689, 4, 343.0, 385.0, -1
1, 690, 8, 343.0, 388.0, -1
1, 691, 0, 344.0, 386.0, -1
1, 692, 3, 344.0, 389.0, -1
1, 693, 5, 344.0, 389.0, -1
1, 694, 3, 345.0, 386.0, -1
1, 695, 8, 345.0, 388.0, -1
1, 696, 2, 346.0, 393.0, -1
1, 697, 6, 348.0, 392.0, -1
1, 698, 7, 349.0, 392.0, -1
1, 699, 4, 349.0, 392.0, -1
1, 700, 4, 350.0, 394.0, -1
1, 701, 7, 350.0, 394.0, -1
1, 702, 2, 350.0, 395.0, -1
1, 703, 1, 350.0, 401.0, -1
1, 704, 5, 351.0, 395.0, -1
1, 705, 6, 351.0, 395.0, -1
1, 706, 1, 351.0, 399.0, -1
1, 707, 0, 352.0, 395.0, -1
1, 708, 4, 353.0, 396.0, -1
1, 709, 2, 353.0, 401.0, -1
1, 710, 3, 355.0, 397.0, -1
1, 711, 1, 355.0, 401.0, -1
1, 712, 1, 356.0, 400.0, -1
1, 713, 8, 356.0, 404.0, -1
1, 714, 0, 357.0, 401.0, -1
1, 715, 6, 357.0, 402.0, -1
1, 716, 2, 359.0, 402.0, -1
1, 717, 7, 359.0, 404.0, -1
1, 718, 6, 360.0, 403.0, -1
1, 719, 6, 360.0, 403.0, -1
1, 720, 6, 360.0, 404.0, -1
1, 721, 2, 360.0, 417.0, -1
1, 722, 5, 362.0, 407.0, -1
1, 723, 3, 363.0, 406.0, -1
1, 724, 1, 363.0, 412.0, -1
1, 725, 8, 364.0, 410.0, -1
1, 726, 6, 364.0, 412.0, -1
1, 727, 5, 365.0, 410.0, -1
1, 728, 3, 366.0, 409.0, -1
1, 729, 1, 368.0, 426.0, -1
1, 730, 5, 369.0, 413.0, -1
1, 731, 8, 369.0, 415.0, -1
1, 732, 3, 371.0, 414.0, -1
1, 733, 2, 371.0, 415.0, -1
1, 734, 4, 371.0, 416.0, -1
1, 735, 0, 372.0, 414.0, -1
1, 736, 7, 372.0, 416.0, -1
1, 737, 6, 372.0, 417.0, -1
1, 738, 7, 372.0, 417.0, -1
1, 739, 8, 372.0, 418.0, -1
1, 740, 2, 373.0, 417.0, -1
1, 741, 4, 374.0, 418.0, -1
1, 742, 8, 374.0, 419.0, -1
1, 743, 7, 374.0, 419.0, -1
1, 744, 5, 376.0, 420.0, -1
1, 745, 0, 376.0, 421.0, -1
1, 746, 0, 377.0, 418.0, -1
1, 747, 0, 377.0, 420.0, -1
1, 748, 4, 377.0, 421.0, -1
1, 749, 5, 378.0, 422.0, -1
1, 750, 4, 378.0, 422.0, -1
1, 751, 2, 379.0, 422.0, -1
1, 752, 2, 379.0, 423.0, -1
1, 753, 8, 379.0, 424.0, -1
1, 754, 0, 380.0, 424.0, -1
1, 755, 7, 381.0, 424.0, -1
1, 756, 3, 381.0, 424.0, -1
1, 757, 5, 381.0, 426.0, -1
1, 758, 7, 381.0, 427.0, -1
1, 759, 3, 382.0, 425.0, -1
1, 760, 6, 382.0, 428.0, -1
1, 761, 7, 383.0, 426.0, -1
1, 762, 1, 383.0, 427.0, -1
1, 763, 2, 384.0, 428.0, -1
1, 764, 5, 384.0, 429.0, -1
1, 765, 6, 384.0, 429.0, -1
1, 766, 7, 384.0, 435.0, -1
1, 767, 3, 385.0, 428.0, -1
1, 768, 4, 385.0, 429.0, -1
1, 769, 8, 385.0, 434.0, -1
1, 770, 4, 386.0, 429.0, -1
1, 771, 0, 387.0, 430.0, -1
1, 772, 3, 387.0, 434.0, -1
1, 773, 8, 389.0, 433.0, -1
1, 774, 8, 389.0, 434.0, -1
1, 775, 8, 389.0, 435.0, -1
1, 776, 3, 390.0, 433.0, -1
1, 777, 1, 390.0, 433.0, -1
1, 778, 5, 390.0, 436.0, -1
1, 779, 1, 391.0, 433.0, -1
1, 780, 1, 391.0, 435.0, -1
1, 781, 3, 391.0, 438.0, -1
1, 782, 7, 392.0, 435.0, -1
1, 783, 4, 393.0, 436.0, -1
1, 784, 6, 393.0, 436.0, -1
1, 785, 4, 394.0, 439.0, -1
1, 786, 2, 394.0, 441.0, -1
1, 787, 5, 395.0, 438.0, -1
1, 788, 7, 395.0, 439.0, -1
1, 789, 2, 395.0, 440.0, -1
1, 790, 0, 396.0, 439.0, -1
1, 791, 4, 396.0, 441.0, -1
1, 792, 6, 396.0, 445.0, -1
1, 793, 3, 398.0, 443.0, -1
1, 794, 1, 399.0, 448.0, -1
1, 795, 0, 401.0, 441.0, -1
1, 796, 1, 401.0, 446.0, -1
1, 797, 1, 401.0, 447.0, -1
1, 798, 2, 402.0, 448.0, -1
1, 799, 1, 402.0, 448.0, -1
1, 800, 2, 402.0, 449.0, -1
2, 801, 8, 404.0, 452.0, -1
2, 802, 6, 404.0, 454.0, -1
2, 803, 7, 405.0, 448.0, -1
2, 804, 6, 405.0, 451.0, -1
2, 805, 6, 405.0, 451.0, -1
2, 806, 6, 405.0, 451.0, -1
2, 807, 3, 406.0, 450.0, -1
2, 808, 5, 408.0, 455.0, -1
2, 809, 3, 410.0, 457.0, -1
2, 810, 5, 411.0, 458.0, -1
2, 811, 8, 411.0, 459.0, -1
1, 812, 1, 412.0, 448.0, 485.0
1, 813, 6, 412.0, 448.0, 489.0
1, 814, 0, 414.0, 448.0, 454.0
1, 815, 5, 414.0, 448.0, 459.0
1, 816, 3, 415.0, 448.0, 455.0
1, 817, 2, 415.0, 448.0, 466.0
1, 818, 8, 416.0, 448.0, 467.0
1, 819, 4, 416.0, 451.0, 511.0
1, 820, 2, 417.0, 449.0, 485.0
1, 821, 7, 417.0, 449.0, 504.0
1, 822, 2, 418.0, 448.0, 451.0
1, 823, 7, 418.0, 449.0, 476.0
1, 824, 6, 418.0, 448.0, 488.0
1, 825, 8, 419.0, 448.0, 456.0
1, 826, 0, 419.0, 448.0, 459.0
1, 827, 8, 419.0, 448.0, 463.0
1, 828, 4, 419.0, 448.0, 469.0
1, 829, 5, 420.0, 448.0, 454.0
1, 830, 0, 420.0, 448.0, 458.0
1, 831, 7, 420.0, 448.0, 458.0
1, 832, 0, 421.0, 448.0, 451.0
1, 833, 4, 421.0, 448.0, 468.0
1, 834, 5, 422.0, 448.0, 460.0
1, 835, 4, 422.0, 448.0, 461.0
1, 836, 2, 423.0, 459.0, 518.0
1, 837, 8, 424.0, 448.0, 460.0
1, 838, 7, 424.0, 448.0, 461.0
1, 839, 2, 424.0, 448.0, 464.0
1, 840, 0, 424.0, 449.0, 487.0
1, 841, 3, 425.0, 448.0, 467.0
1, 842, 7, 426.0, 448.0, 465.0
1, 843, 1, 426.0, 449.0, 485.0
1, 844, 3, 426.0, 451.0, 496.0
1, 845, 5, 426.0, 453.0, 500.0
1, 846, 1, 427.0, 450.0, 485.0
1, 847, 7, 428.0, 450.0, 487.0
1, 848, 2, 428.0, 480.0, 572.0
1, 849, 3, 429.0, 448.0, 459.0
1, 850, 6, 429.0, 449.0, 464.0
1, 851, 5, 429.0, 448.0, 466.0
1, 852, 4, 430.0, 448.0, 454.0
1, 853, 6, 430.0, 448.0, 464.0
1, 854, 4, 430.0, 467.0, 532.0
1, 855, 0, 431.0, 449.0, 474.0
1, 856, 3, 433.0, 448.0, 450.0
1, 857, 8, 433.0, 448.0, 460.0
1, 858, 3, 434.0, 448.0, 454.0
1, 859, 1, 434.0, 452.0, 479.0
1, 860, 8, 434.0, 459.0, 492.0
1, 861, 1, 434.0, 466.0, 514.0
1, 862, 8, 434.0, 479.0, 555.0
1, 863, 7, 435.0, 450.0, 466.0
1, 864, 8, 435.0, 452.0, 480.0
1, 865, 7, 436.0, 448.0, 451.0
1, 866, 1, 436.0, 451.0, 474.0
1, 867, 5, 436.0, 459.0, 497.0
1, 868, 4, 437.0, 449.0, 467.0
1, 869, 6, 437.0, 462.0, 502.0
1, 870, 3, 438.0, 448.0, 450.0
1, 871, 7, 439.0, 448.0, 454.0
1, 872, 5, 439.0, 448.0, 455.0
1, 873, 4, 440.0, 448.0, 455.0
1, 874, 0, 440.0, 449.0, 459.0
1, 875, 2, 440.0, 450.0, 464.0
1, 876, 2, 441.0, 456.0, 473.0
1, 877, 4, 441.0, 472.0, 518.0
1, 878, 0, 442.0, 454.0, 469.0
1, 879, 3, 443.0, 469.0, 516.0
1, 880, 6, 445.0, 455.0, 470.0
1, 881, 1, 446.0, 454.0, 466.0
1, 882, 1, 447.0, 454.0, 467.0
1, 883, 2, 448.0, 451.0, 455.0
1, 884, 7, 449.0, 456.0, 464.0
1, 885, 2, 449.0, 457.0, 470.0
1, 886, 1, 449.0, 466.0, 489.0
1, 887, 1, 449.0, 467.0, 491.0
1, 888, 3, 450.0, 457.0, 471.0
1, 889, 3, 450.0, 484.0, 540.0
1, 890, 3, 451.0, 454.0, 456.0
1, 891, 6, 451.0, 459.0, 471.0
1, 892, 6, 451.0, 465.0, 484.0
1, 893, 6, 451.0, 469.0, 496.0
1, 894, 2, 451.0, 478.0, 516.0
1, 895, 7, 452.0, 459.0, 466.0
1, 896, 0, 452.0, 471.0, 505.0
1, 897, 8, 453.0, 461.0, 470.0
1, 898, 5, 454.0, 461.0, 469.0
1, 899, 6, 454.0, 462.0, 475.0
1, 900, 4, 454.0, 469.0, 496.0
1, 901, 0, 454.0, 473.0, 501.0
1, 902, 7, 454.0, 477.0, 510.0
1, 903, 3, 455.0, 459.0, 468.0
1, 904, 4, 455.0, 465.0, 476.0
1, 905, 5, 455.0, 465.0, 479.0
1, 906, 3, 455.0, 481.0, 524.0
1, 907, 5, 455.0, 484.0, 526.0
1, 908, 2, 456.0, 464.0, 478.0
1, 909, 3, 456.0, 500.0, 569.0
1, 910, 8, 456.0, 521.0, 635.0
1, 911, 3, 457.0, 465.0, 473.0
1, 912, 7, 459.0, 462.0, 467.0
1, 913, 5, 459.0, 462.0, 467.0
1, 914, 0, 459.0, 462.0, 469.0
1, 915, 0, 459.0, 466.0, 473.0
1, 916, 5, 459.0, 467.0, 477.0
1, 917, 0, 459.0, 485.0, 523.0
1, 918, 3, 459.0, 486.0, 533.0
1, 919, 8, 460.0, 469.0, 480.0
1, 920, 8, 460.0, 468.0, 481.0
1, 921, 5, 460.0, 492.0, 538.0
1, 922, 8, 461.0, 466.0, 468.0
1, 923, 7, 462.0, 465.0, 473.0
1, 924, 4, 462.0, 465.0, 474.0
1, 925, 8, 463.0, 479.0, 498.0
1, 926, 7, 464.0, 467.0, 468.0
1, 927, 6, 464.0, 472.0, 483.0
1, 928, 6, 464.0, 477.0, 497.0
1, 929, 2, 464.0, 483.0, 511.0
1, 930, 2, 464.0, 490.0, 529.0
1, 931, 5, 466.0, 476.0, 487.0
1, 932, 7, 466.0, 477.0, 492.0
1, 933, 7, 466.0, 478.0, 493.0
1, 934, 7, 466.0, 482.0, 501.0
1, 935, 1, 466.0, 494.0, 532.0
1, 936, 2, 466.0, 493.0, 537.0
1, 937, 8, 467.0, 471.0, 477.0
1, 938, 1, 467.0, 474.0, 485.0
1, 939, 3, 467.0, 475.0, 488.0
1, 940, 4, 467.0, 477.0, 493.0
1, 941, 8, 468.0, 472.0, 474.0
1, 942, 7, 468.0, 472.0, 477.0
1, 943, 5, 468.0, 471.0, 477.0
1, 944, 4, 468.0, 472.0, 481.0
1, 945, 3, 468.0, 475.0, 484.0
1, 946, 0, 469.0, 472.0, 476.0
1, 947, 5, 469.0, 472.0, 478.0
1, 948, 7, 469.0, 480.0, 495.0
1, 949, 4, 469.0, 482.0, 503.0
1, 950, 2, 470.0, 478.0, 486.0
1, 951, 8, 470.0, 478.0, 487.0
1, 952, 0, 470.0, 495.0, 533.0
1, 953, 6, 471.0, 475.0, 477.0
1, 954, 6, 471.0, 478.0, 485.0
1, 955, 3, 471.0, 496.0, 539.0
1, 956, 0, 473.0, 481.0, 491.0
1, 957, 2, 473.0, 484.0, 500.0
1, 958, 3, 474.0, 482.0, 493.0
1, 959, 8, 474.0, 487.0, 505.0
1, 960, 7, 474.0, 488.0, 511.0
1, 961, 0, 474.0, 491.0, 515.0
1, 962, 1, 474.0, 499.0, 535.0
1, 963, 6, 475.0, 479.0, 486.0
1, 964, 4, 475.0, 490.0, 513.0
1, 965, 4, 476.0, 496.0, 524.0
1, 966, 7, 476.0, 507.0, 559.0
1, 967, 5, 477.0, 480.0, 485.0
1, 968, 6, 477.0, 481.0, 486.0
1, 969, 5, 477.0, 480.0, 486.0
1, 970, 7, 477.0, 485.0, 495.0
1, 971, 0, 477.0, 492.0, 512.0
1, 972, 8, 478.0, 482.0, 485.0
1, 973, 5, 479.0, 482.0, 486.0
1, 974, 8, 480.0, 484.0, 486.0
1, 975, 1, 480.0, 494.0, 514.0
1, 976, 5, 480.0, 498.0, 524.0
1, 977, 2, 480.0, 519.0, 576.0
1, 978, 8, 481.0, 485.0, 494.0
1, 979, 8, 481.0, 489.0, 496.0
1, 980, 4, 481.0, 507.0, 542.0
1, 981, 6, 483.0, 486.0, 492.0
1, 982, 6, 484.0, 505.0, 536.0
1, 983, 1, 485.0, 488.0, 496.0
1, 984, 6, 485.0, 495.0, 509.0
1, 985, 1, 485.0, 495.0, 512.0
1, 986, 3, 485.0, 498.0, 520.0
1, 987, 8, 485.0, 510.0, 546.0
1, 988, 5, 485.0, 518.0, 572.0
1, 989, 8, 486.0, 494.0, 500.0
1, 990, 6, 486.0, 494.0, 504.0
1, 991, 2, 486.0, 496.0, 507.0
1, 992, 6, 486.0, 497.0, 510.0
1, 993, 5, 486.0, 497.0, 514.0
1, 994, 5, 486.0, 505.0, 534.0
1, 995, 1, 486.0, 518.0, 572.0
1, 996, 1, 486.0, 540.0, 631.0
1, 997, 7, 487.0, 490.0, 491.0
1, 998, 2, 487.0, 491.0, 498.0
1, 999, 5, 487.0, 491.0, 500.0
1, 1000, 3, 488.0, 491.0, 494.0
1, 1001, 0, 488.0, 495.0, 506.0
1, 1002, 8, 488.0, 506.0, 530.0
1, 1003, 6, 489.0, 500.0, 513.0
1, 1004, 6, 489.0, 508.0, 531.0
1, 1005, 1, 489.0, 506.0, 534.0
1, 1006, 1, 491.0, 494.0, 497.0
1, 1007, 0, 491.0, 494.0, 500.0
1, 1008, 7, 491.0, 505.0, 528.0
1, 1009, 7, 492.0, 511.0, 540.0
1, 1010, 8, 492.0, 524.0, 571.0
1, 1011, 6, 493.0, 498.0, 506.0
2, 1012, 7, 495.0, 539.0, -1
2, 1013, 7, 495.0, 540.0, -1
2, 1014, 3, 495.0, 542.0, -1
2, 1015, 4, 495.0, 542.0, -1
2, 1016, 7, 495.0, 542.0, -1
2, 1017, 8, 495.0, 544.0, -1
2, 1018, 8, 496.0, 541.0, -1
2, 1019, 3, 496.0, 541.0, -1
2, 1020, 4, 496.0, 542.0, -1
2, 1021, 3, 496.0, 544.0, -1
2, 1022, 6, 496.0, 545.0, -1
2, 1023, 1, 496.0, 556.0, -1
2, 1024, 6, 497.0, 540.0, -1
2, 1025, 5, 497.0, 544.0, -1
2, 1026, 1, 497.0, 551.0, -1
2, 1027, 2, 498.0, 546.0, -1
2, 1028, 8, 499.0, 544.0, -1
2, 1029, 0, 500.0, 545.0, -1
2, 1030, 5, 500.0, 545.0, -1
2, 1031, 8, 500.0, 545.0, -1
2, 1032, 5, 500.0, 546.0, -1
2, 1033, 2, 500.0, 556.0, -1
2, 1034, 7, 501.0, 548.0, -1
2, 1035, 0, 502.0, 545.0, -1
2, 1036, 6, 502.0, 550.0, -1
2, 1037, 4, 503.0, 548.0, -1
2, 1038, 7, 504.0, 550.0, -1
2, 1039, 6, 504.0, 550.0, -1
2, 1040, 0, 505.0, 550.0, -1
2, 1041, 8, 505.0, 553.0, -1
2, 1042, 0, 506.0, 548.0, -1
2, 1043, 6, 506.0, 551.0, -1
2, 1044, 2, 507.0, 550.0, -1
2, 1045, 6, 509.0, 556.0, -1
2, 1046, 7, 510.0, 555.0, -1
2, 1047, 6, 510.0, 557.0, -1
2, 1048, 2, 511.0, 556.0, -1
2, 1049, 4, 511.0, 557.0, -1
2, 1050, 0, 512.0, 556.0, -1
2, 1051, 7, 512.0, 558.0, -1
2, 1052, 1, 512.0, 574.0, -1
2, 1053, 4, 513.0, 559.0, -1
2, 1054, 6, 513.0, 563.0, -1
2, 1055, 1, 514.0, 559.0, -1
2, 1056, 1, 514.0, 559.0, -1
2, 1057, 5, 515.0, 557.0, -1
2, 1058, 0, 515.0, 559.0, -1
2, 1059, 2, 516.0, 560.0, -1
2, 1060, 3, 517.0, 563.0, -1
2, 1061, 4, 518.0, 564.0, -1
2, 1062, 2, 518.0, 575.0, -1
2, 1063, 3, 520.0, 566.0, -1
2, 1064, 0, 523.0, 567.0, -1
2, 1065, 3, 524.0, 570.0, -1
2, 1066, 4, 524.0, 570.0, -1
2, 1067, 5, 524.0, 571.0, -1
2, 1068, 5, 526.0, 572.0, -1
2, 1069, 7, 528.0, 573.0, -1
2, 1070, 2, 529.0, 573.0, -1
2, 1071, 8, 530.0, 576.0, -1
2, 1072, 6, 531.0, 577.0, -1
2, 1073, 4, 532.0, 577.0, -1
2, 1074, 1, 532.0, 578.0, -1
2, 1075, 0, 533.0, 576.0, -1
2, 1076, 3, 533.0, 579.0, -1
2, 1077, 1, 534.0, 579.0, -1
2, 1078, 5, 535.0, 579.0, -1
2, 1079, 1, 535.0, 580.0, -1
2, 1080, 6, 536.0, 583.0, -1
2, 1081, 2, 537.0, 583.0, -1
2, 1082, 5, 538.0, 583.0, -1
2, 1083, 3, 539.0, 582.0, -1
2, 1084, 7, 539.0, 583.0, -1
2, 1085, 3, 540.0, 583.0, -1
2, 1086, 7, 540.0, 583.0, -1
2, 1087, 7, 540.0, 586.0, -1
2, 1088, 6, 540.0, 586.0, -1
2, 1089, 8, 541.0, 585.0, -1
2, 1090, 3, 541.0, 585.0, -1
2, 1091, 3, 542.0, 586.0, -1
2, 1092, 4, 542.0, 587.0, -1
2, 1093, 4, 542.0, 588.0, -1
2, 1094, 4, 543.0, 585.0, -1
2, 1095, 7, 543.0, 588.0, -1
2, 1096, 8, 544.0, 588.0, -1
2, 1097, 8, 544.0, 588.0, -1
2, 1098, 3, 545.0, 588.0, -1
2, 1099, 5, 545.0, 591.0, -1
2, 1100, 0, 546.0, 586.0, -1
2, 1101, 0, 546.0, 588.0, -1
2, 1102, 5, 546.0, 590.0, -1
2, 1103, 6, 546.0, 590.0, -1
2, 1104, 8, 546.0, 590.0, -1
2, 1105, 5, 547.0, 591.0, -1
2, 1106, 8, 547.0, 592.0, -1
2, 1107, 2, 547.0, 593.0, -1
2, 1108, 0, 549.0, 592.0, -1
2, 1109, 4, 549.0, 593.0, -1
2, 1110, 7, 549.0, 596.0, -1
2, 1111, 0, 551.0, 594.0, -1
2, 1112, 6, 551.0, 596.0, -1
2, 1113, 7, 551.0, 597.0, -1
2, 1114, 6, 551.0, 598.0, -1
2, 1115, 2, 551.0, 603.0, -1
2, 1116, 6, 552.0, 596.0, -1
2, 1117, 1, 552.0, 602.0, -1
2, 1118, 8, 554.0, 597.0, -1
2, 1119, 7, 556.0, 600.0, -1
2, 1120, 8, 556.0, 602.0, -1
2, 1121, 0, 557.0, 599.0, -1
2, 1122, 6, 557.0, 602.0, -1
2, 1123, 2, 557.0, 602.0, -1
2, 1124, 2, 557.0, 604.0, -1
2, 1125, 1, 557.0, 605.0, -1
2, 1126, 4, 558.0, 602.0, -1
2, 1127, 5, 558.0, 603.0, -1
2, 1128, 6, 558.0, 603.0, -1
2, 1129, 7, 559.0, 603.0, -1
2, 1130, 7, 560.0, 601.0, -1
2, 1131, 4, 560.0, 603.0, -1
2, 1132, 0, 560.0, 605.0, -1
2, 1133, 1, 560.0, 606.0, -1
2, 1134, 1, 560.0, 607.0, -1
2, 1135, 2, 561.0, 609.0, -1
2, 1136, 3, 564.0, 607.0, -1
2, 1137, 6, 564.0, 612.0, -1
2, 1138, 4, 565.0, 608.0, -1
2, 1139, 3, 567.0, 609.0, -1
2, 1140, 0, 568.0, 611.0, -1
2, 1141, 3, 570.0, 615.0, -1
2, 1142, 4, 571.0, 614.0, -1
2, 1143, 3, 571.0, 615.0, -1
2, 1144, 5, 572.0, 617.0, -1
2, 1145, 8, 572.0, 620.0, -1
2, 1146, 2, 573.0, 615.0, -1
2, 1147, 5, 573.0, 615.0, -1
2, 1148, 5, 573.0, 617.0, -1
2, 1149, 1, 573.0, 621.0, -1
2, 1150, 2, 574.0, 617.0, -1
2, 1151, 7, 574.0, 618.0, -1
2, 1152, 1, 575.0, 623.0, -1
2, 1153, 0, 576.0, 618.0, -1
2, 1154, 2, 576.0, 624.0, -1
2, 1155, 4, 577.0, 620.0, -1
2, 1156, 8, 577.0, 625.0, -1
2, 1157, 2, 577.0, 628.0, -1
2, 1158, 6, 578.0, 622.0, -1
2, 1159, 1, 579.0, 623.0, -1
2, 1160, 1, 579.0, 625.0, -1
2, 1161, 5, 580.0, 620.0, -1
2, 1162, 3, 580.0, 623.0, -1
2, 1163, 1, 581.0, 629.0, -1
2, 1164, 3, 583.0, 628.0, -1
2, 1165, 2, 583.0, 635.0, -1
2, 1166, 7, 584.0, 626.0, -1
2, 1167, 7, 584.0, 627.0, -1
2, 1168, 3, 584.0, 627.0, -1
2, 1169, 6, 584.0, 629.0, -1
2, 1170, 5, 584.0, 630.0, -1
2, 1171, 8, 586.0, 629.0, -1
2, 1172, 3, 586.0, 629.0, -1
2, 1173, 4, 586.0, 630.0, -1
2, 1174, 0, 587.0, 628.0, -1
2, 1175, 3, 587.0, 630.0, -1
2, 1176, 6, 587.0, 635.0, -1
2, 1177, 7, 587.0, 635.0, -1
2, 1178, 4, 588.0, 630.0, -1
2, 1179, 4, 588.0, 632.0, -1
2, 1180, 8, 588.0, 632.0, -1
2, 1181, 3, 589.0, 631.0, -1
2, 1182, 0, 589.0, 632.0, -1
2, 1183, 7, 589.0, 633.0, -1
2, 1184, 8, 589.0, 637.0, -1
2, 1185, 5, 590.0, 633.0, -1
2, 1186, 5, 591.0, 635.0, -1
2, 1187, 6, 591.0, 636.0, -1
2, 1188, 8, 591.0, 639.0, -1
2, 1189, 5, 592.0, 635.0, -1
2, 1190, 8, 592.0, 636.0, -1
2, 1191, 0, 593.0, 636.0, -1
2, 1192, 4, 594.0, 638.0, -1
2, 1193, 2, 594.0, 639.0, -1
2, 1194, 0, 595.0, 637.0, -1
2, 1195, 8, 597.0, 639.0, -1
2, 1196, 6, 597.0, 639.0, -1
2, 1197, 6, 597.0, 642.0, -1
2, 1198, 7, 597.0, 642.0, -1
2, 1199, 6, 598.0, 640.0, -1
2, 1200, 7, 598.0, 640.0, -1
2, 1201, 0, 600.0, 641.0, -1
2, 1202, 7, 601.0, 647.0, -1
2, 1203, 6, 602.0, 645.0, -1
2, 1204, 7, 602.0, 651.0, -1
2, 1205, 2, 603.0, 645.0, -1
2, 1206, 4, 603.0, 646.0, -1
2, 1207, 1, 603.0, 646.0, -1
2, 1208, 8, 603.0, 650.0, -1
2, 1209, 2, 604.0, 648.0, -1
2, 1210, 7, 604.0, 649.0, -1
2, 1211, 4, 604.0, 649.0, -1
2, 1212, 5, 604.0, 649.0, -1
2, 1213, 6, 604.0, 655.0, -1
2, 1214, 0, 605.0, 648.0, -1
2, 1215, 2, 605.0, 653.0, -1
2, 1216, 1, 606.0, 649.0, -1
2, 1217, 1, 607.0, 653.0, -1
2, 1218, 1, 607.0, 654.0, -1
2, 1219, 3, 608.0, 652.0, -1
2, 1220, 4, 609.0, 653.0, -1
2, 1221, 3, 610.0, 654.0, -1
2, 1222, 2, 610.0, 660.0, -1
2, 1223, 0, 612.0, 656.0, -1
2, 1224, 6, 612.0, 660.0, -1
2, 1225, 4, 614.0, 658.0, -1
2, 1226, 3, 615.0, 660.0, -1
2, 1227, 2, 616.0, 657.0, -1
2, 1228, 5, 616.0, 660.0, -1
2, 1229, 3, 616.0, 662.0, -1
2, 1230, 5, 618.0, 662.0, -1
2, 1231, 5, 618.0, 664.0, -1
2, 1232, 2, 618.0, 664.0, -1
2, 1233, 7, 618.0, 666.0, -1
2, 1234, 0, 619.0, 662.0, -1
2, 1235, 8, 620.0, 664.0, -1
2, 1236, 5, 620.0, 664.0, -1
2, 1237, 4, 621.0, 666.0, -1
2, 1238, 1, 621.0, 666.0, -1
2, 1239, 6, 623.0, 667.0, -1
2, 1240, 1, 624.0, 666.0, -1
2, 1241, 1, 624.0, 667.0, -1
2, 1242, 2, 624.0, 668.0, -1
2, 1243, 3, 624.0, 671.0, -1
2, 1244, 1, 626.0, 671.0, -1
2, 1245, 8, 626.0, 674.0, -1
2, 1246, 7, 627.0, 670.0, -1
2, 1247, 7, 627.0, 670.0, -1
2, 1248, 3, 628.0, 671.0, -1
2, 1249, 0, 629.0, 672.0, -1
2, 1250, 3, 629.0, 672.0, -1
2, 1251, 8, 629.0, 676.0, -1
2, 1252, 2, 629.0, 679.0, -1
2, 1253, 4, 630.0, 673.0, -1
2, 1254, 4, 630.0, 673.0, -1
2, 1255, 3, 630.0, 675.0, -1
2, 1256, 1, 630.0, 676.0, -1
2, 1257, 6, 630.0, 677.0, -1
2, 1258, 3, 631.0, 674.0, -1
2, 1259, 5, 631.0, 676.0, -1
2, 1260, 1, 631.0, 683.0, -1
2, 1261, 3, 632.0, 676.0, -1
2, 1262, 0, 633.0, 676.0, -1
2, 1263, 8, 633.0, 677.0, -1
2, 1264, 4, 633.0, 678.0, -1
2, 1265, 5, 634.0, 676.0, -1
2, 1266, 7, 634.0, 678.0, -1
2, 1267, 6, 635.0, 680.0, -1
2, 1268, 7, 635.0, 682.0, -1
2, 1269, 8, 635.0, 686.0, -1
2, 1270, 5, 636.0, 678.0, -1
2, 1271, 5, 636.0, 679.0, -1
2, 1272, 2, 636.0, 680.0, -1
2, 1273, 6, 636.0, 681.0, -1
2, 1274, 0, 637.0, 678.0, -1
2, 1275, 0, 637.0, 681.0, -1
2, 1276, 8, 637.0, 682.0, -1
2, 1277, 4, 638.0, 681.0, -1
2, 1278, 8, 638.0, 683.0, -1
2, 1279, 8, 639.0, 692.0, -1
2, 1280, 8, 640.0, 684.0, -1
2, 1281, 2, 640.0, 688.0, -1
2, 1282, 6, 640.0, 689.0, -1
2, 1283, 7, 641.0, 685.0, -1
2, 1284, 6, 641.0, 685.0, -1
2, 1285, 0, 642.0, 685.0, -1
2, 1286, 0, 643.0, 688.0, -1
2, 1287, 6, 643.0, 690.0, -1
2, 1288, 7, 643.0, 690.0, -1
2, 1289, 6, 645.0, 691.0, -1
2, 1290, 2, 646.0, 691.0, -1
2, 1291, 4, 647.0, 693.0, -1
2, 1292, 1, 647.0, 693.0, -1
2, 1293, 0, 648.0, 690.0, -1
2, 1294, 7, 648.0, 696.0, -1
2, 1295, 2, 649.0, 693.0, -1
2, 1296, 7, 649.0, 696.0, -1
2, 1297, 4, 649.0, 697.0, -1
2, 1298, 1, 650.0, 693.0, -1
2, 1299, 5, 650.0, 694.0, -1
3, 1300, 7, 653.0, 697.0, -1
3, 1301, 8, 653.0, 698.0, -1
3, 1302, 4, 653.0, 698.0, -1
3, 1303, 3, 653.0, 700.0, -1
3, 1304, 2, 654.0, 699.0, -1
3, 1305, 1, 654.0, 699.0, -1
3, 1306, 3, 655.0, 702.0, -1
3, 1307, 1, 655.0, 702.0, -1
3, 1308, 6, 656.0, 705.0, -1
3, 1309, 0, 657.0, 701.0, -1
3, 1310, 4, 658.0, 702.0, -1
3, 1311, 2, 658.0, 703.0, -1
2, 1312, 2, 660.0, 697.0, 703.0
2, 1313, 5, 660.0, 697.0, 707.0
2, 1314, 6, 660.0, 696.0, 738.0
2, 1315, 3, 660.0, 697.0, 741.0
2, 1316, 5, 662.0, 696.0, 703.0
2, 1317, 3, 662.0, 697.0, 714.0
2, 1318, 0, 663.0, 697.0, 716.0
2, 1319, 2, 665.0, 697.0, 700.0
2, 1320, 5, 665.0, 696.0, 733.0
2, 1321, 5, 665.0, 700.0, 753.0
2, 1322, 8, 665.0, 704.0, 766.0
2, 1323, 1, 666.0, 697.0, 733.0
2, 1324, 1, 667.0, 696.0, 703.0
2, 1325, 4, 667.0, 697.0, 709.0
2, 1326, 7, 667.0, 697.0, 726.0
2, 1327, 1, 668.0, 697.0, 711.0
2, 1328, 6, 668.0, 697.0, 717.0
2, 1329, 2, 669.0, 697.0, 708.0
2, 1330, 3, 671.0, 697.0, 700.0
2, 1331, 7, 671.0, 697.0, 703.0
2, 1332, 7, 671.0, 697.0, 707.0
2, 1333, 1, 672.0, 697.0, 706.0
2, 1334, 3, 672.0, 697.0, 715.0
2, 1335, 0, 673.0, 696.0, 707.0
2, 1336, 3, 673.0, 710.0, 769.0
2, 1337, 8, 674.0, 697.0, 710.0
2, 1338, 4, 674.0, 696.0, 711.0
2, 1339, 4, 674.0, 697.0, 712.0
2, 1340, 3, 674.0, 702.0, 745.0
2, 1341, 3, 675.0, 697.0, 716.0
2, 1342, 8, 676.0, 697.0, 715.0
2, 1343, 5, 676.0, 698.0, 734.0
2, 1344, 3, 676.0, 703.0, 745.0
2, 1345, 5, 676.0, 705.0, 751.0
2, 1346, 0, 677.0, 696.0, 729.0
2, 1347, 1, 677.0, 699.0, 733.0
2, 1348, 8, 677.0, 728.0, 817.0
2, 1349, 6, 678.0, 697.0, 706.0
2, 1350, 0, 678.0, 697.0, 712.0
2, 1351, 5, 678.0, 697.0, 712.0
2, 1352, 4, 679.0, 697.0, 703.0
2, 1353, 7, 679.0, 697.0, 713.0
2, 1354, 6, 680.0, 697.0, 706.0
2, 1355, 2, 680.0, 697.0, 725.0
2, 1356, 5, 680.0, 718.0, 782.0
2, 1357, 2, 681.0, 697.0, 699.0
2, 1358, 0, 681.0, 698.0, 722.0
2, 1359, 6, 682.0, 705.0, 740.0
2, 1360, 4, 682.0, 713.0, 764.0
2, 1361, 7, 683.0, 697.0, 703.0
2, 1362, 8, 683.0, 731.0, 810.0
2, 1363, 1, 684.0, 697.0, 716.0
2, 1364, 8, 684.0, 701.0, 726.0
2, 1365, 8, 684.0, 701.0, 726.0
2, 1366, 7, 685.0, 697.0, 701.0
2, 1367, 6, 686.0, 698.0, 714.0
2, 1368, 0, 686.0, 708.0, 740.0
2, 1369, 8, 686.0, 710.0, 748.0
2, 1370, 0, 688.0, 696.0, 698.0
2, 1371, 2, 689.0, 697.0, 704.0
2, 1372, 6, 690.0, 697.0, 703.0
2, 1373, 6, 691.0, 699.0, 704.0
2, 1374, 0, 691.0, 698.0, 710.0
2, 1375, 7, 691.0, 701.0, 714.0
2, 1376, 6, 691.0, 703.0, 718.0
2, 1377, 2, 691.0, 722.0, 767.0
2, 1378, 8, 692.0, 705.0, 723.0
2, 1379, 4, 693.0, 700.0, 713.0
2, 1380, 1, 693.0, 703.0, 719.0
2, 1381, 2, 693.0, 722.0, 769.0
2, 1382, 1, 694.0, 701.0, 712.0
2, 1383, 5, 695.0, 698.0, 704.0
2, 1384, 7, 696.0, 703.0, 713.0
2, 1385, 7, 696.0, 713.0, 736.0
2, 1386, 7, 697.0, 705.0, 717.0
2, 1387, 4, 697.0, 715.0, 739.0
2, 1388, 8, 698.0, 731.0, 786.0
2, 1389, 0, 699.0, 702.0, 703.0
2, 1390, 4, 699.0, 707.0, 719.0
2, 1391, 2, 699.0, 707.0, 721.0
2, 1392, 2, 699.0, 714.0, 735.0
2, 1393, 1, 700.0, 717.0, 746.0
2, 1394, 3, 700.0, 720.0, 754.0
2, 1395, 2, 700.0, 724.0, 763.0
2, 1396, 3, 701.0, 708.0, 715.0
2, 1397, 7, 701.0, 708.0, 718.0
2, 1398, 3, 702.0, 709.0, 725.0
2, 1399, 0, 702.0, 716.0, 742.0
2, 1400, 4, 702.0, 723.0, 754.0
2, 1401, 6, 703.0, 707.0, 715.0
2, 1402, 1, 703.0, 710.0, 718.0
2, 1403, 7, 703.0, 713.0, 723.0
2, 1404, 7, 703.0, 713.0, 728.0
2, 1405, 5, 703.0, 727.0, 760.0
2, 1406, 4, 703.0, 728.0, 768.0
2, 1407, 2, 703.0, 732.0, 778.0
2, 1408, 2, 704.0, 712.0, 719.0
2, 1409, 5, 704.0, 711.0, 720.0
2, 1410, 2, 704.0, 713.0, 725.0
2, 1411, 1, 704.0, 749.0, 816.0
2, 1412, 0, 704.0, 768.0, 873.0
2, 1413, 6, 705.0, 709.0, 714.0
2, 1414, 6, 705.0, 712.0, 719.0
2, 1415, 6, 706.0, 710.0, 715.0
2, 1416, 1, 706.0, 710.0, 717.0
2, 1417, 7, 707.0, 714.0, 725.0
2, 1418, 5, 707.0, 734.0, 777.0
2, 1419, 6, 707.0, 734.0, 778.0
2, 1420, 2, 708.0, 719.0, 732.0
2, 1421, 0, 708.0, 738.0, 783.0
2, 1422, 4, 710.0, 713.0, 716.0
2, 1423, 0, 710.0, 714.0, 721.0
2, 1424, 8, 710.0, 714.0, 723.0
2, 1425, 4, 711.0, 726.0, 746.0
2, 1426, 0, 712.0, 720.0, 730.0
2, 1427, 4, 712.0, 724.0, 746.0
2, 1428, 1, 712.0, 731.0, 761.0
2, 1429, 1, 713.0, 716.0, 718.0
2, 1430, 4, 713.0, 723.0, 741.0
2, 1431, 7, 713.0, 725.0, 742.0
2, 1432, 7, 713.0, 728.0, 749.0
2, 1433, 5, 713.0, 739.0, 778.0
2, 1434, 7, 714.0, 739.0, 777.0
2, 1435, 6, 714.0, 741.0, 781.0
2, 1436, 8, 715.0, 718.0, 724.0
2, 1437, 6, 715.0, 719.0, 726.0
2, 1438, 6, 715.0, 725.0, 735.0
2, 1439, 6, 715.0, 724.0, 736.0
2, 1440, 3, 715.0, 725.0, 736.0
2, 1441, 3, 715.0, 725.0, 739.0
2, 1442, 3, 716.0, 719.0, 725.0
2, 1443, 0, 716.0, 720.0, 729.0
2, 1444, 1, 716.0, 724.0, 732.0
2, 1445, 3, 717.0, 720.0, 725.0
2, 1446, 1, 717.0, 720.0, 726.0
2, 1447, 7, 717.0, 721.0, 726.0
2, 1448, 4, 717.0, 727.0, 744.0
2, 1449, 1, 718.0, 725.0, 732.0
2, 1450, 6, 718.0, 726.0, 736.0
2, 1451, 6, 718.0, 731.0, 749.0
2, 1452, 1, 718.0, 747.0, 790.0
2, 1453, 7, 719.0, 723.0, 726.0
2, 1454, 6, 719.0, 727.0, 735.0
2, 1455, 4, 719.0, 726.0, 736.0
2, 1456, 2, 719.0, 729.0, 746.0
2, 1457, 1, 719.0, 749.0, 786.0
2, 1458, 2, 721.0, 730.0, 742.0
2, 1459, 5, 721.0, 736.0, 761.0
2, 1460, 0, 722.0, 739.0, 764.0
2, 1461, 0, 722.0, 745.0, 781.0
2, 1462, 7, 723.0, 727.0, 734.0
2, 1463, 8, 723.0, 737.0, 755.0
2, 1464, 8, 723.0, 739.0, 759.0
2, 1465, 8, 724.0, 757.0, 807.0
2, 1466, 2, 725.0, 729.0, 736.0
2, 1467, 2, 725.0, 729.0, 736.0
2, 1468, 3, 725.0, 733.0, 744.0
2, 1469, 3, 725.0, 741.0, 764.0
2, 1470, 3, 725.0, 746.0, 776.0
2, 1471, 8, 726.0, 730.0, 733.0
2, 1472, 7, 726.0, 730.0, 734.0
2, 1473, 7, 726.0, 729.0, 735.0
2, 1474, 6, 726.0, 739.0, 759.0
2, 1475, 1, 726.0, 745.0, 769.0
2, 1476, 8, 726.0, 764.0, 816.0
2, 1477, 7, 727.0, 730.0, 733.0
2, 1478, 7, 727.0, 734.0, 741.0
2, 1479, 7, 728.0, 753.0, 787.0
2, 1480, 0, 729.0, 732.0, 738.0
2, 1481, 0, 729.0, 733.0, 741.0
2, 1482, 0, 730.0, 749.0, 785.0
2, 1483, 2, 732.0, 736.0, 744.0
2, 1484, 1, 732.0, 743.0, 756.0
2, 1485, 1, 732.0, 746.0, 765.0
2, 1486, 5, 733.0, 740.0, 753.0
2, 1487, 1, 733.0, 745.0, 760.0
2, 1488, 7, 733.0, 757.0, 792.0
2, 1489, 1, 733.0, 767.0, 817.0
2, 1490, 7, 734.0, 742.0, 753.0
2, 1491, 7, 734.0, 765.0, 815.0
2, 1492, 8, 734.0, 786.0, 872.0
2, 1493, 6, 735.0, 739.0, 746.0
2, 1494, 7, 735.0, 739.0, 748.0
2, 1495, 5, 735.0, 745.0, 758.0
2, 1496, 6, 735.0, 745.0, 761.0
2, 1497, 4, 736.0, 739.0, 742.0
2, 1498, 2, 736.0, 746.0, 759.0
2, 1499, 2, 736.0, 747.0, 762.0
2, 1500, 3, 736.0, 753.0, 777.0
2, 1501, 7, 736.0, 755.0, 777.0
2, 1502, 2, 736.0, 756.0, 784.0
2, 1503, 6, 737.0, 740.0, 741.0
2, 1504, 6, 737.0, 741.0, 748.0
2, 1505, 6, 738.0, 755.0, 780.0
2, 1506, 4, 739.0, 742.0, 744.0
2, 1507, 0, 739.0, 742.0, 748.0
2, 1508, 3, 739.0, 754.0, 781.0
2, 1509, 6, 740.0, 760.0, 789.0
2, 1510, 4, 741.0, 747.0, 753.0
2, 1511, 0, 741.0, 775.0, 822.0
3, 1512, 6, 742.0, 784.0, -1
3, 1513, 3, 742.0, 786.0, -1
3, 1514, 7, 742.0, 788.0, -1
3, 1515, 0, 743.0, 786.0, -1
3, 1516, 2, 743.0, 788.0, -1
3, 1517, 7, 743.0, 793.0, -1
3, 1518, 0, 744.0, 785.0, -1
3, 1519, 4, 744.0, 790.0, -1
3, 1520, 4, 745.0, 789.0, -1
3, 1521, 4, 745.0, 791.0, -1
3, 1522, 2, 745.0, 791.0, -1
3, 1523, 3, 745.0, 793.0, -1
3, 1524, 3, 746.0, 791.0, -1
3, 1525, 3, 746.0, 793.0, -1
3, 1526, 6, 747.0, 790.0, -1
3, 1527, 1, 747.0, 791.0, -1
3, 1528, 4, 747.0, 791.0, -1
3, 1529, 4, 747.0, 791.0, -1
3, 1530, 2, 747.0, 798.0, -1
3, 1531, 6, 749.0, 791.0, -1
3, 1532, 0, 749.0, 795.0, -1
3, 1533, 7, 749.0, 795.0, -1
3, 1534, 8, 749.0, 795.0, -1
3, 1535, 7, 750.0, 795.0, -1
3, 1536, 6, 750.0, 798.0, -1
3, 1537, 5, 752.0, 799.0, -1
3, 1538, 4, 754.0, 796.0, -1
3, 1539, 5, 754.0, 797.0, -1
3, 1540, 7, 754.0, 798.0, -1
3, 1541, 5, 754.0, 798.0, -1
3, 1542, 3, 755.0, 798.0, -1
3, 1543, 8, 755.0, 798.0, -1
3, 1544, 4, 755.0, 798.0, -1
3, 1545, 1, 757.0, 802.0, -1
3, 1546, 5, 759.0, 801.0, -1
3, 1547, 2, 760.0, 804.0, -1
3, 1548, 8, 760.0, 807.0, -1
3, 1549, 6, 760.0, 807.0, -1
3, 1550, 1, 761.0, 806.0, -1
3, 1551, 5, 761.0, 807.0, -1
3, 1552, 5, 762.0, 806.0, -1
3, 1553, 6, 762.0, 809.0, -1
3, 1554, 1, 762.0, 810.0, -1
3, 1555, 2, 763.0, 810.0, -1
3, 1556, 2, 763.0, 810.0, -1
3, 1557, 4, 765.0, 808.0, -1
3, 1558, 0, 765.0, 808.0, -1
3, 1559, 3, 765.0, 809.0, -1
3, 1560, 1, 766.0, 815.0, -1
3, 1561, 8, 767.0, 813.0, -1
3, 1562, 2, 768.0, 812.0, -1
3, 1563, 4, 769.0, 813.0, -1
3, 1564, 3, 770.0, 814.0, -1
3, 1565, 2, 770.0, 821.0, -1
3, 1566, 1, 770.0, 822.0, -1
3, 1567, 3, 777.0, 821.0, -1
3, 1568, 3, 778.0, 820.0, -1
3, 1569, 7, 778.0, 822.0, -1
3, 1570, 7, 778.0, 823.0, -1
3, 1571, 5, 778.0, 823.0, -1
3, 1572, 5, 779.0, 823.0, -1
3, 1573, 6, 779.0, 826.0, -1
3, 1574, 2, 779.0, 829.0, -1
3, 1575, 6, 781.0, 825.0, -1
3, 1576, 0, 781.0, 828.0, -1
3, 1577, 3, 782.0, 825.0, -1
3, 1578, 6, 782.0, 827.0, -1
3, 1579, 5, 783.0, 825.0, -1
3, 1580, 0, 784.0, 826.0, -1
3, 1581, 2, 785.0, 828.0, -1
3, 1582, 6, 785.0, 831.0, -1
3, 1583, 0, 785.0, 831.0, -1
3, 1584, 0, 786.0, 831.0, -1
3, 1585, 8, 786.0, 832.0, -1
3, 1586, 1, 786.0, 833.0, -1
3, 1587, 0, 787.0, 830.0, -1
3, 1588, 7, 787.0, 831.0, -1
3, 1589, 3, 787.0, 832.0, -1
3, 1590, 2, 789.0, 832.0, -1
3, 1591, 7, 789.0, 835.0, -1
3, 1592, 1, 790.0, 834.0, -1
3, 1593, 4, 790.0, 837.0, -1
3, 1594, 6, 790.0, 837.0, -1
3, 1595, 4, 791.0, 834.0, -1
3, 1596, 6, 791.0, 839.0, -1
3, 1597, 3, 792.0, 835.0, -1
3, 1598, 6, 792.0, 835.0, -1
3, 1599, 4, 792.0, 836.0, -1
3, 1600, 4, 792.0, 836.0, -1
3, 1601, 4, 792.0, 836.0, -1
3, 1602, 2, 792.0, 837.0, -1
3, 1603, 1, 792.0, 845.0, -1
3, 1604, 3, 793.0, 836.0, -1
3, 1605, 7, 793.0, 836.0, -1
3, 1606, 3, 793.0, 837.0, -1
3, 1607, 7, 794.0, 838.0, -1
3, 1608, 0, 796.0, 840.0, -1
3, 1609, 8, 796.0, 840.0, -1
3, 1610, 7, 796.0, 842.0, -1
3, 1611, 7, 796.0, 846.0, -1
3, 1612, 4, 797.0, 841.0, -1
3, 1613, 5, 798.0, 843.0, -1
3, 1614, 5, 799.0, 839.0, -1
3, 1615, 8, 799.0, 842.0, -1
3, 1616, 3, 799.0, 843.0, -1
3, 1617, 4, 799.0, 843.0, -1
3, 1618, 7, 799.0, 845.0, -1
3, 1619, 6, 799.0, 846.0, -1
3, 1620, 2, 799.0, 850.0, -1
3, 1621, 5, 800.0, 844.0, -1
3, 1622, 5, 802.0, 845.0, -1
3, 1623, 1, 803.0, 846.0, -1
3, 1624, 2, 804.0, 854.0, -1
3, 1625, 1, 806.0, 848.0, -1
3, 1626, 5, 807.0, 850.0, -1
3, 1627, 5, 808.0, 850.0, -1
3, 1628, 8, 808.0, 852.0, -1
3, 1629, 8, 808.0, 853.0, -1
3, 1630, 6, 808.0, 855.0, -1
3, 1631, 4, 809.0, 851.0, -1
3, 1632, 0, 809.0, 852.0, -1
3, 1633, 3, 809.0, 853.0, -1
3, 1634, 6, 809.0, 857.0, -1
3, 1635, 2, 810.0, 854.0, -1
3, 1636, 2, 811.0, 854.0, -1
3, 1637, 8, 811.0, 856.0, -1
3, 1638, 1, 811.0, 856.0, -1
3, 1639, 4, 813.0, 858.0, -1
3, 1640, 2, 813.0, 867.0, -1
3, 1641, 8, 814.0, 859.0, -1
3, 1642, 3, 815.0, 859.0, -1
3, 1643, 1, 815.0, 859.0, -1
3, 1644, 1, 816.0, 858.0, -1
3, 1645, 7, 816.0, 864.0, -1
3, 1646, 1, 817.0, 865.0, -1
3, 1647, 8, 817.0, 867.0, -1
3, 1648, 8, 818.0, 865.0, -1
3, 1649, 3, 821.0, 864.0, -1
3, 1650, 2, 821.0, 871.0, -1
3, 1651, 3, 822.0, 866.0, -1
3, 1652, 1, 822.0, 872.0, -1
3, 1653, 7, 823.0, 868.0, -1
3, 1654, 0, 823.0, 868.0, -1
3, 1655, 7, 823.0, 870.0, -1
3, 1656, 5, 824.0, 867.0, -1
3, 1657, 5, 824.0, 870.0, -1
3, 1658, 5, 825.0, 870.0, -1
3, 1659, 3, 826.0, 869.0, -1
3, 1660, 6, 826.0, 871.0, -1
3, 1661, 6, 826.0, 876.0, -1
3, 1662, 0, 827.0, 871.0, -1
3, 1663, 0, 828.0, 870.0, -1
3, 1664, 6, 828.0, 871.0, -1
3, 1665, 2, 829.0, 873.0, -1
3, 1666, 2, 830.0, 874.0, -1
3, 1667, 0, 831.0, 874.0, -1
3, 1668, 0, 831.0, 876.0, -1
3, 1669, 6, 832.0, 876.0, -1
3, 1670, 0, 832.0, 876.0, -1
3, 1671, 7, 832.0, 879.0, -1
3, 1672, 8, 832.0, 881.0, -1
3, 1673, 3, 833.0, 876.0, -1
3, 1674, 2, 833.0, 878.0, -1
3, 1675, 4, 834.0, 878.0, -1
3, 1676, 1, 834.0, 879.0, -1
3, 1677, 1, 834.0, 879.0, -1
3, 1678, 6, 836.0, 879.0, -1
3, 1679, 3, 836.0, 880.0, -1
3, 1680, 4, 836.0, 881.0, -1
3, 1681, 7, 836.0, 882.0, -1
3, 1682, 7, 837.0, 880.0, -1
3, 1683, 4, 837.0, 880.0, -1
3, 1684, 4, 837.0, 880.0, -1
3, 1685, 6, 837.0, 881.0, -1
3, 1686, 4, 837.0, 881.0, -1
3, 1687, 3, 837.0, 881.0, -1
3, 1688, 2, 837.0, 889.0, -1
3, 1689, 3, 838.0, 883.0, -1
3, 1690, 5, 839.0, 880.0, -1
3, 1691, 7, 839.0, 885.0, -1
3, 1692, 6, 839.0, 885.0, -1
3, 1693, 0, 840.0, 886.0, -1
3, 1694, 8, 841.0, 885.0, -1
3, 1695, 7, 842.0, 886.0, -1
3, 1696, 4, 842.0, 887.0, -1
3, 1697, 8, 842.0, 888.0, -1
3, 1698, 3, 843.0, 887.0, -1
3, 1699, 4, 844.0, 887.0, -1
3, 1700, 5, 844.0, 890.0, -1
3, 1701, 7, 845.0, 889.0, -1
3, 1702, 5, 845.0, 890.0, -1
3, 1703, 1, 845.0, 891.0, -1
3, 1704, 7, 846.0, 889.0, -1
3, 1705, 5, 846.0, 891.0, -1
3, 1706, 1, 847.0, 892.0, -1
3, 1707, 6, 847.0, 892.0, -1
3, 1708, 1, 848.0, 897.0, -1
3, 1709, 2, 850.0, 895.0, -1
3, 1710, 5, 851.0, 895.0, -1
3, 1711, 4, 851.0, 895.0, -1
3, 1712, 5, 851.0, 895.0, -1
3, 1713, 0, 852.0, 894.0, -1
3, 1714, 3, 853.0, 898.0, -1
3, 1715, 8, 853.0, 898.0, -1
3, 1716, 8, 854.0, 897.0, -1
3, 1717, 2, 855.0, 897.0, -1
3, 1718, 2, 855.0, 900.0, -1
3, 1719, 2, 855.0, 903.0, -1
3, 1720, 1, 856.0, 899.0, -1
3, 1721, 6, 856.0, 901.0, -1
3, 1722, 8, 856.0, 903.0, -1
3, 1723, 6, 857.0, 905.0, -1
3, 1724, 3, 859.0, 901.0, -1
3, 1725, 1, 859.0, 902.0, -1
3, 1726, 4, 859.0, 903.0, -1
3, 1727, 1, 860.0, 906.0, -1
3, 1728, 8, 860.0, 906.0, -1
3, 1729, 7, 864.0, 909.0, -1
3, 1730, 3, 865.0, 906.0, -1
3, 1731, 3, 866.0, 910.0, -1
3, 1732, 8, 866.0, 910.0, -1
3, 1733, 1, 866.0, 913.0, -1
3, 1734, 8, 867.0, 911.0, -1
3, 1735, 0, 868.0, 911.0, -1
3, 1736, 5, 868.0, 913.0, -1
3, 1737, 7, 868.0, 915.0, -1
3, 1738, 2, 868.0, 920.0, -1
3, 1739, 3, 869.0, 912.0, -1
3, 1740, 5, 870.0, 913.0, -1
3, 1741, 5, 870.0, 913.0, -1
3, 1742, 7, 870.0, 915.0, -1
3, 1743, 2, 871.0, 914.0, -1
3, 1744, 0, 871.0, 915.0, -1
3, 1745, 0, 872.0, 914.0, -1
3, 1746, 6, 872.0, 918.0, -1
3, 1747, 6, 872.0, 922.0, -1
3, 1748, 0, 873.0, 917.0, -1
3, 1749, 2, 873.0, 919.0, -1
3, 1750, 8, 873.0, 919.0, -1
3, 1751, 1, 873.0, 922.0, -1
3, 1752, 0, 874.0, 917.0, -1
3, 1753, 2, 874.0, 921.0, -1
3, 1754, 0, 876.0, 918.0, -1
3, 1755, 6, 876.0, 920.0, -1
3, 1756, 6, 877.0, 921.0, -1
3, 1757, 0, 877.0, 921.0, -1
3, 1758, 3, 877.0, 921.0, -1
3, 1759, 4, 878.0, 923.0, -1
3, 1760, 2, 878.0, 931.0, -1
3, 1761, 1, 879.0, 923.0, -1
3, 1762, 3, 880.0, 924.0, -1
3, 1763, 7, 880.0, 925.0, -1
3, 1764, 7, 880.0, 925.0, -1
3, 1765, 6, 880.0, 926.0, -1
3, 1766, 4, 880.0, 927.0, -1
3, 1767, 1, 880.0, 934.0, -1
3, 1768, 5, 881.0, 922.0, -1
3, 1769, 4, 881.0, 925.0, -1
3, 1770, 6, 881.0, 925.0, -1
3, 1771, 4, 881.0, 926.0, -1
3, 1772, 8, 881.0, 927.0, -1
3, 1773, 4, 882.0, 926.0, -1
3, 1774, 3, 882.0, 927.0, -1
3, 1775, 4, 882.0, 928.0, -1
3, 1776, 7, 882.0, 929.0, -1
3, 1777, 3, 883.0, 928.0, -1
3, 1778, 7, 885.0, 932.0, -1
3, 1779, 0, 886.0, 930.0, -1
3, 1780, 7, 886.0, 931.0, -1
3, 1781, 6, 886.0, 933.0, -1
3, 1782, 8, 886.0, 933.0, -1
3, 1783, 3, 887.0, 933.0, -1
3, 1784, 4, 887.0, 933.0, -1
3, 1785, 4, 888.0, 932.0, -1
3, 1786, 8, 888.0, 934.0, -1
3, 1787, 7, 889.0, 934.0, -1
3, 1788, 2, 889.0, 945.0, -1
3, 1789, 7, 890.0, 938.0, -1
3, 1790, 5, 891.0, 935.0, -1
3, 1791, 5, 891.0, 935.0, -1
3, 1792, 1, 891.0, 936.0, -1
3, 1793, 5, 891.0, 936.0, -1
3, 1794, 1, 892.0, 939.0, -1
3, 1795, 6, 893.0, 939.0, -1
3, 1796, 0, 895.0, 938.0, -1
3, 1797, 2, 895.0, 939.0, -1
3, 1798, 4, 895.0, 939.0, -1
3, 1799, 5, 895.0, 940.0, -1
4, 1800, 5, 896.0, 940.0, -1
4, 1801, 2, 897.0, 940.0, -1
4, 1802, 1, 897.0, 943.0, -1
4, 1803, 8, 897.0, 945.0, -1
4, 1804, 3, 898.0, 944.0, -1
4, 1805, 8, 898.0, 947.0, -1
4, 1806, 1, 899.0, 949.0, -1
4, 1807, 2, 900.0, 945.0, -1
4, 1808, 3, 902.0, 946.0, -1
4, 1809, 6, 902.0, 950.0, -1
4, 1810, 1, 903.0, 953.0, -1
4, 1811, 8, 904.0, 948.0, -1
4, 1812, 4, 904.0, 948.0, -1
4, 1813, 2, 904.0, 957.0, -1
3, 1814, 6, 905.0, 945.0, 983.0
3, 1815, 8, 906.0, 945.0, 957.0
3, 1816, 1, 906.0, 946.0, 987.0
3, 1817, 3, 907.0, 946.0, 952.0
3, 1818, 7, 910.0, 945.0, 952.0
3, 1819, 3, 910.0, 945.0, 963.0
3, 1820, 8, 910.0, 945.0, 966.0
3, 1821, 8, 911.0, 946.0, 1002.0
3, 1822, 0, 911.0, 947.0, 1003.0
3, 1823, 5, 913.0, 946.0, 949.0
3, 1824, 1, 913.0, 945.0, 982.0
3, 1825, 3, 913.0, 946.0, 982.0
3, 1826, 0, 914.0, 945.0, 953.0
3, 1827, 5, 914.0, 946.0, 959.0
3, 1828, 5, 914.0, 946.0, 978.0
3, 1829, 7, 915.0, 945.0, 956.0
3, 1830, 7, 915.0, 945.0, 960.0
3, 1831, 2, 915.0, 946.0, 967.0
3, 1832, 0, 916.0, 946.0, 952.0
3, 1833, 0, 917.0, 946.0, 949.0
3, 1834, 0, 917.0, 946.0, 956.0
3, 1835, 6, 919.0, 945.0, 953.0
3, 1836, 2, 919.0, 946.0, 958.0
3, 1837, 0, 919.0, 946.0, 961.0
3, 1838, 8, 919.0, 954.0, 1009.0
3, 1839, 6, 920.0, 945.0, 959.0
3, 1840, 2, 920.0, 946.0, 960.0
3, 1841, 0, 921.0, 946.0, 959.0
3, 1842, 6, 921.0, 949.0, 993.0
3, 1843, 5, 922.0, 945.0, 964.0
3, 1844, 3, 922.0, 946.0, 966.0
3, 1845, 2, 922.0, 951.0, 994.0
3, 1846, 6, 923.0, 947.0, 983.0
3, 1847, 1, 923.0, 952.0, 997.0
3, 1848, 1, 924.0, 948.0, 981.0
3, 1849, 4, 924.0, 947.0, 982.0
3, 1850, 3, 924.0, 976.0, 1069.0
3, 1851, 7, 925.0, 945.0, 950.0
3, 1852, 4, 925.0, 946.0, 955.0
3, 1853, 6, 925.0, 945.0, 960.0
3, 1854, 7, 925.0, 945.0, 961.0
3, 1855, 4, 926.0, 945.0, 961.0
3, 1856, 6, 926.0, 964.0, 1025.0
3, 1857, 3, 927.0, 945.0, 947.0
3, 1858, 4, 927.0, 945.0, 956.0
3, 1859, 4, 927.0, 946.0, 974.0
3, 1860, 8, 928.0, 946.0, 974.0
3, 1861, 3, 928.0, 953.0, 990.0
3, 1862, 4, 928.0, 962.0, 1011.0
3, 1863, 7, 929.0, 946.0, 951.0
3, 1864, 0, 930.0, 975.0, 1044.0
3, 1865, 7, 931.0, 945.0, 962.0
3, 1866, 2, 931.0, 950.0, 978.0
3, 1867, 7, 932.0, 945.0, 948.0
3, 1868, 4, 932.0, 947.0, 973.0
3, 1869, 8, 933.0, 945.0, 948.0
3, 1870, 4, 933.0, 945.0, 962.0
3, 1871, 6, 933.0, 957.0, 994.0
3, 1872, 3, 933.0, 957.0, 997.0
3, 1873, 8, 934.0, 945.0, 951.0
3, 1874, 1, 934.0, 946.0, 951.0
3, 1875, 7, 934.0, 945.0, 956.0
3, 1876, 5, 935.0, 946.0, 954.0
3, 1877, 5, 935.0, 946.0, 959.0
3, 1878, 1, 936.0, 948.0, 963.0
3, 1879, 5, 937.0, 966.0, 1011.0
3, 1880, 7, 938.0, 951.0, 967.0
3, 1881, 0, 938.0, 964.0, 1004.0
3, 1882, 6, 939.0, 947.0, 959.0
3, 1883, 2, 939.0, 947.0, 959.0
3, 1884, 1, 939.0, 950.0, 964.0
3, 1885, 4, 940.0, 946.0, 949.0
3, 1886, 2, 940.0, 947.0, 957.0
3, 1887, 5, 940.0, 957.0, 980.0
3, 1888, 5, 940.0, 958.0, 983.0
3, 1889, 1, 943.0, 951.0, 963.0
3, 1890, 2, 945.0, 956.0, 966.0
3, 1891, 3, 945.0, 978.0, 1032.0
3, 1892, 8, 946.0, 949.0, 951.0
3, 1893, 3, 946.0, 955.0, 968.0
3, 1894, 2, 946.0, 962.0, 985.0
3, 1895, 8, 947.0, 965.0, 993.0
3, 1896, 8, 948.0, 956.0, 963.0
3, 1897, 7, 948.0, 955.0, 965.0
3, 1898, 4, 948.0, 964.0, 990.0
3, 1899, 8, 948.0, 968.0, 1002.0
3, 1900, 3, 948.0, 973.0, 1009.0
3, 1901, 4, 949.0, 957.0, 965.0
3, 1902, 1, 949.0, 956.0, 969.0
3, 1903, 5, 949.0, 969.0, 999.0
3, 1904, 7, 950.0, 960.0, 975.0
3, 1905, 0, 950.0, 972.0, 1003.0
3, 1906, 6, 950.0, 974.0, 1012.0
3, 1907, 8, 951.0, 956.0, 963.0
3, 1908, 8, 951.0, 959.0, 972.0
3, 1909, 0, 952.0, 959.0, 967.0
3, 1910, 1, 952.0, 959.0, 970.0
3, 1911, 7, 952.0, 982.0, 1024.0
3, 1912, 3, 952.0, 997.0, 1067.0
3, 1913, 7, 952.0, 1018.0, 1133.0
3, 1914, 0, 953.0, 960.0, 967.0
3, 1915, 5, 954.0, 957.0, 963.0
3, 1916, 6, 954.0, 958.0, 963.0
3, 1917, 1, 954.0, 961.0, 968.0
3, 1918, 4, 955.0, 958.0, 966.0
3, 1919, 7, 956.0, 965.0, 976.0
3, 1920, 4, 956.0, 984.0, 1028.0
3, 1921, 7, 956.0, 989.0, 1034.0
3, 1922, 2, 957.0, 960.0, 961.0
3, 1923, 8, 957.0, 965.0, 977.0
3, 1924, 0, 957.0, 982.0, 1028.0
3, 1925, 2, 958.0, 962.0, 970.0
3, 1926, 2, 958.0, 962.0, 970.0
3, 1927, 6, 959.0, 967.0, 978.0
3, 1928, 6, 959.0, 973.0, 992.0
3, 1929, 0, 959.0, 974.0, 994.0
3, 1930, 5, 959.0, 977.0, 1005.0
3, 1931, 5, 960.0, 963.0, 965.0
3, 1932, 6, 960.0, 971.0, 987.0
3, 1933, 7, 960.0, 974.0, 990.0
3, 1934, 2, 960.0, 976.0, 999.0
3, 1935, 2, 960.0, 987.0, 1028.0
3, 1936, 4, 961.0, 971.0, 983.0
3, 1937, 0, 961.0, 986.0, 1024.0
3, 1938, 7, 961.0, 987.0, 1028.0
3, 1939, 2, 962.0, 966.0, 973.0
3, 1940, 4, 962.0, 970.0, 983.0
3, 1941, 7, 962.0, 974.0, 987.0
3, 1942, 3, 963.0, 966.0, 969.0
3, 1943, 5, 963.0, 967.0, 972.0
3, 1944, 6, 963.0, 967.0, 972.0
3, 1945, 1, 963.0, 966.0, 975.0
3, 1946, 8, 963.0, 971.0, 980.0
3, 1947, 8, 963.0, 971.0, 984.0
3, 1948, 5, 964.0, 968.0, 972.0
3, 1949, 1, 964.0, 974.0, 989.0
3, 1950, 1, 965.0, 969.0, 974.0
3, 1951, 5, 965.0, 972.0, 979.0
3, 1952, 7, 965.0, 979.0, 1000.0
3, 1953, 4, 965.0, 993.0, 1039.0
3, 1954, 8, 966.0, 970.0, 973.0
3, 1955, 3, 966.0, 974.0, 984.0
3, 1956, 4, 966.0, 974.0, 985.0
3, 1957, 2, 966.0, 994.0, 1030.0
3, 1958, 0, 967.0, 975.0, 984.0
3, 1959, 7, 967.0, 976.0, 987.0
3, 1960, 0, 967.0, 978.0, 992.0
3, 1961, 2, 967.0, 983.0, 1008.0
3, 1962, 3, 968.0, 986.0, 1013.0
3, 1963, 1, 968.0, 994.0, 1030.0
3, 1964, 1, 969.0, 981.0, 1000.0
3, 1965, 1, 970.0, 975.0, 982.0
3, 1966, 3, 970.0, 985.0, 1007.0
3, 1967, 2, 970.0, 991.0, 1020.0
3, 1968, 2, 970.0, 1006.0, 1060.0
3, 1969, 8, 972.0, 975.0, 981.0
3, 1970, 5, 972.0, 975.0, 981.0
3, 1971, 6, 972.0, 980.0, 990.0
3, 1972, 5, 972.0, 987.0, 1010.0
3, 1973, 4, 973.0, 977.0, 980.0
3, 1974, 2, 973.0, 979.0, 986.0
3, 1975, 4, 974.0, 978.0, 981.0
3, 1976, 1, 974.0, 992.0, 1017.0
3, 1977, 8, 974.0, 1010.0, 1062.0
3, 1978, 1, 975.0, 979.0, 981.0
3, 1979, 7, 975.0, 983.0, 989.0
3, 1980, 8, 975.0, 988.0, 1007.0
3, 1981, 7, 976.0, 1000.0, 1032.0
3, 1982, 8, 977.0, 981.0, 990.0
3, 1983, 2, 978.0, 983.0, 990.0
3, 1984, 6, 978.0, 991.0, 1009.0
3, 1985, 5, 978.0, 998.0, 1031.0
3, 1986, 5, 979.0, 989.0, 1004.0
3, 1987, 8, 980.0, 984.0, 992.0
3, 1988, 5, 980.0, 990.0, 1006.0
3, 1989, 4, 980.0, 1006.0, 1050.0
3, 1990, 4, 981.0, 988.0, 999.0
3, 1991, 8, 981.0, 989.0, 1001.0
3, 1992, 1, 981.0, 1014.0, 1066.0
3, 1993, 1, 981.0, 1018.0, 1075.0
3, 1994, 5, 981.0, 1034.0, 1120.0
3, 1995, 1, 982.0, 992.0, 998.0
3, 1996, 1, 982.0, 994.0, 1007.0
3, 1997, 3, 982.0, 995.0, 1010.0
3, 1998, 4, 982.0, 1002.0, 1035.0
3, 1999, 6, 983.0, 987.0, 995.0
3, 2000, 6, 983.0, 1001.0, 1025.0
3, 2001, 5, 984.0, 986.0, 987.0
3, 2002, 0, 984.0, 987.0, 990.0
3, 2003, 4, 984.0, 987.0, 995.0
3, 2004, 4, 984.0, 991.0, 1003.0
3, 2005, 3, 985.0, 994.0, 1009.0
3, 2006, 8, 985.0, 1003.0, 1026.0
3, 2007, 4, 985.0, 1004.0, 1035.0
3, 2008, 2, 986.0, 989.0, 996.0
3, 2009, 2, 987.0, 989.0, 992.0
3, 2010, 7, 988.0, 995.0, 1001.0
3, 2011, 6, 988.0, 1002.0, 1024.0
3, 2012, 1, 988.0, 1008.0, 1040.0
3, 2013, 5, 988.0, 1019.0, 1068.0
4, 2014, 7, 989.0, 1035.0, -1
4, 2015, 6, 990.0, 1034.0, -1
4, 2016, 0, 990.0, 1034.0, -1
4, 2017, 7, 990.0, 1035.0, -1
4, 2018, 7, 990.0, 1038.0, -1
4, 2019, 8, 990.0, 1039.0, -1
4, 2020, 1, 990.0, 1042.0, -1
4, 2021, 3, 991.0, 1035.0, -1
4, 2022, 2, 991.0, 1037.0, -1
4, 2023, 4, 991.0, 1038.0, -1
4, 2024, 8, 992.0, 1037.0, -1
4, 2025, 6, 992.0, 1038.0, -1
4, 2026, 6, 993.0, 1037.0, -1
4, 2027, 8, 993.0, 1038.0, -1
4, 2028, 0, 993.0, 1040.0, -1
4, 2029, 2, 993.0, 1044.0, -1
4, 2030, 6, 995.0, 1039.0, -1
4, 2031, 0, 995.0, 1041.0, -1
4, 2032, 6, 995.0, 1044.0, -1
4, 2033, 4, 995.0, 1045.0, -1
4, 2034, 2, 995.0, 1051.0, -1
4, 2035, 2, 997.0, 1050.0, -1
4, 2036, 3, 998.0, 1042.0, -1
4, 2037, 1, 998.0, 1043.0, -1
4, 2038, 1, 998.0, 1044.0, -1
4, 2039, 5, 999.0, 1045.0, -1
4, 2040, 2, 999.0, 1051.0, -1
4, 2041, 4, 1000.0, 1045.0, -1
4, 2042, 7, 1000.0, 1046.0, -1
4, 2043, 1, 1000.0, 1050.0, -1
4, 2044, 7, 1001.0, 1048.0, -1
4, 2045, 8, 1002.0, 1046.0, -1
4, 2046, 8, 1002.0, 1048.0, -1
4, 2047, 0, 1003.0, 1045.0, -1
4, 2048, 8, 1003.0, 1047.0, -1
4, 2049, 0, 1003.0, 1047.0, -1
4, 2050, 0, 1004.0, 1048.0, -1
4, 2051, 4, 1004.0, 1050.0, -1
4, 2052, 5, 1004.0, 1052.0, -1
4, 2053, 5, 1005.0, 1053.0, -1
4, 2054, 5, 1006.0, 1049.0, -1
4, 2055, 3, 1007.0, 1052.0, -1
4, 2056, 8, 1007.0, 1055.0, -1
4, 2057, 1, 1007.0, 1061.0, -1
4, 2058, 2, 1009.0, 1051.0, -1
4, 2059, 3, 1009.0, 1057.0, -1
4, 2060, 5, 1010.0, 1055.0, -1
4, 2061, 3, 1010.0, 1056.0, -1
4, 2062, 6, 1010.0, 1059.0, -1
4, 2063, 8, 1010.0, 1061.0, -1
4, 2064, 5, 1011.0, 1057.0, -1
4, 2065, 3, 1011.0, 1058.0, -1
4, 2066, 4, 1011.0, 1063.0, -1
4, 2067, 6, 1012.0, 1057.0, -1
4, 2068, 3, 1013.0, 1061.0, -1
4, 2069, 1, 1017.0, 1066.0, -1
4, 2070, 2, 1021.0, 1067.0, -1
4, 2071, 0, 1024.0, 1068.0, -1
4, 2072, 6, 1025.0, 1069.0, -1
4, 2073, 6, 1025.0, 1070.0, -1
4, 2074, 6, 1025.0, 1070.0, -1
4, 2075, 7, 1025.0, 1071.0, -1
4, 2076, 8, 1026.0, 1073.0, -1
4, 2077, 2, 1028.0, 1072.0, -1
4, 2078, 0, 1028.0, 1073.0, -1
4, 2079, 4, 1028.0, 1073.0, -1
4, 2080, 7, 1028.0, 1073.0, -1
4, 2081, 2, 1030.0, 1072.0, -1
4, 2082, 1, 1031.0, 1074.0, -1
4, 2083, 5, 1031.0, 1079.0, -1
4, 2084, 3, 1032.0, 1078.0, -1
4, 2085, 7, 1032.0, 1078.0, -1
4, 2086, 0, 1034.0, 1078.0, -1
4, 2087, 6, 1034.0, 1079.0, -1
4, 2088, 7, 1034.0, 1080.0, -1
4, 2089, 3, 1035.0, 1080.0, -1
4, 2090, 7, 1035.0, 1082.0, -1
4, 2091, 4, 1036.0, 1081.0, -1
4, 2092, 7, 1036.0, 1081.0, -1
4, 2093, 4, 1036.0, 1081.0, -1
4, 2094, 2, 1037.0, 1082.0, -1
4, 2095, 6, 1037.0, 1084.0, -1
4, 2096, 8, 1037.0, 1087.0, -1
4, 2097, 4, 1038.0, 1083.0, -1
4, 2098, 6, 1038.0, 1083.0, -1
4, 2099, 7, 1038.0, 1084.0, -1
4, 2100, 8, 1038.0, 1086.0, -1
4, 2101, 8, 1039.0, 1085.0, -1
4, 2102, 4, 1039.0, 1089.0, -1
4, 2103, 0, 1040.0, 1081.0, -1
4, 2104, 1, 1040.0, 1085.0, -1
4, 2105, 6, 1040.0, 1085.0, -1
4, 2106, 0, 1041.0, 1084.0, -1
4, 2107, 3, 1042.0, 1084.0, -1
4, 2108, 1, 1042.0, 1087.0, -1
4, 2109, 0, 1044.0, 1088.0, -1
4, 2110, 1, 1044.0, 1091.0, -1
4, 2111, 6, 1044.0, 1092.0, -1
4, 2112, 1, 1044.0, 1094.0, -1
4, 2113, 2, 1044.0, 1094.0, -1
4, 2114, 0, 1045.0, 1088.0, -1
4, 2115, 4, 1045.0, 1088.0, -1
4, 2116, 5, 1045.0, 1091.0, -1
4, 2117, 7, 1046.0, 1090.0, -1
4, 2118, 8, 1046.0, 1091.0, -1
4, 2119, 4, 1046.0, 1092.0, -1
4, 2120, 8, 1047.0, 1092.0, -1
4, 2121, 0, 1048.0, 1091.0, -1
4, 2122, 0, 1048.0, 1092.0, -1
4, 2123, 7, 1048.0, 1096.0, -1
4, 2124, 5, 1049.0, 1095.0, -1
4, 2125, 8, 1050.0, 1093.0, -1
4, 2126, 2, 1050.0, 1094.0, -1
4, 2127, 4, 1050.0, 1095.0, -1
4, 2128, 4, 1050.0, 1095.0, -1
4, 2129, 1, 1050.0, 1101.0, -1
4, 2130, 2, 1051.0, 1103.0, -1
4, 2131, 2, 1051.0, 1104.0, -1
4, 2132, 3, 1052.0, 1095.0, -1
4, 2133, 5, 1052.0, 1097.0, -1
4, 2134, 2, 1052.0, 1105.0, -1
4, 2135, 5, 1053.0, 1096.0, -1
4, 2136, 5, 1055.0, 1098.0, -1
4, 2137, 8, 1055.0, 1101.0, -1
4, 2138, 3, 1056.0, 1101.0, -1
4, 2139, 3, 1057.0, 1102.0, -1
4, 2140, 6, 1057.0, 1103.0, -1
4, 2141, 5, 1057.0, 1104.0, -1
4, 2142, 3, 1058.0, 1101.0, -1
4, 2143, 6, 1059.0, 1104.0, -1
4, 2144, 2, 1060.0, 1111.0, -1
4, 2145, 3, 1061.0, 1104.0, -1
4, 2146, 8, 1061.0, 1106.0, -1
4, 2147, 1, 1061.0, 1110.0, -1
4, 2148, 8, 1062.0, 1108.0, -1
4, 2149, 4, 1064.0, 1112.0, -1
4, 2150, 1, 1066.0, 1111.0, -1
4, 2151, 2, 1067.0, 1111.0, -1
4, 2152, 1, 1067.0, 1117.0, -1
4, 2153, 0, 1068.0, 1112.0, -1
4, 2154, 5, 1068.0, 1113.0, -1
4, 2155, 3, 1068.0, 1113.0, -1
4, 2156, 3, 1069.0, 1115.0, -1
4, 2157, 6, 1069.0, 1115.0, -1
4, 2158, 6, 1070.0, 1115.0, -1
4, 2159, 6, 1070.0, 1116.0, -1
4, 2160, 7, 1071.0, 1117.0, -1
4, 2161, 2, 1072.0, 1116.0, -1
4, 2162, 2, 1072.0, 1116.0, -1
4, 2163, 4, 1073.0, 1117.0, -1
4, 2164, 0, 1073.0, 1118.0, -1
4, 2165, 8, 1073.0, 1121.0, -1
4, 2166, 1, 1074.0, 1119.0, -1
4, 2167, 7, 1074.0, 1121.0, -1
4, 2168, 1, 1075.0, 1129.0, -1
4, 2169, 0, 1078.0, 1121.0, -1
4, 2170, 7, 1078.0, 1124.0, -1
4, 2171, 3, 1078.0, 1125.0, -1
4, 2172, 6, 1079.0, 1126.0, -1
4, 2173, 5, 1079.0, 1127.0, -1
4, 2174, 7, 1080.0, 1123.0, -1
4, 2175, 3, 1080.0, 1124.0, -1
4, 2176, 4, 1081.0, 1123.0, -1
4, 2177, 0, 1081.0, 1124.0, -1
4, 2178, 7, 1081.0, 1126.0, -1
4, 2179, 4, 1081.0, 1126.0, -1
4, 2180, 7, 1082.0, 1127.0, -1
4, 2181, 2, 1082.0, 1130.0, -1
4, 2182, 4, 1083.0, 1127.0, -1
4, 2183, 6, 1083.0, 1129.0, -1
4, 2184, 7, 1084.0, 1126.0, -1
4, 2185, 0, 1084.0, 1127.0, -1
4, 2186, 6, 1084.0, 1130.0, -1
4, 2187, 3, 1084.0, 1130.0, -1
4, 2188, 8, 1085.0, 1130.0, -1
4, 2189, 6, 1085.0, 1136.0, -1
4, 2190, 1, 1086.0, 1128.0, -1
4, 2191, 8, 1087.0, 1133.0, -1
4, 2192, 1, 1088.0, 1132.0, -1
4, 2193, 8, 1088.0, 1135.0, -1
4, 2194, 0, 1089.0, 1132.0, -1
4, 2195, 4, 1089.0, 1132.0, -1
4, 2196, 0, 1089.0, 1132.0, -1
4, 2197, 4, 1090.0, 1133.0, -1
4, 2198, 7, 1091.0, 1135.0, -1
4, 2199, 1, 1092.0, 1135.0, -1
4, 2200, 8, 1092.0, 1135.0, -1
4, 2201, 0, 1092.0, 1135.0, -1
4, 2202, 5, 1092.0, 1138.0, -1
4, 2203, 0, 1093.0, 1137.0, -1
4, 2204, 4, 1093.0, 1137.0, -1
4, 2205, 6, 1093.0, 1139.0, -1
4, 2206, 8, 1093.0, 1140.0, -1
4, 2207, 8, 1094.0, 1137.0, -1
4, 2208, 2, 1095.0, 1137.0, -1
4, 2209, 2, 1095.0, 1140.0, -1
4, 2210, 1, 1095.0, 1146.0, -1
4, 2211, 5, 1096.0, 1139.0, -1
4, 2212, 3, 1096.0, 1140.0, -1
4, 2213, 4, 1096.0, 1146.0, -1
4, 2214, 4, 1096.0, 1148.0, -1
4, 2215, 5, 1097.0, 1141.0, -1
4, 2216, 7, 1097.0, 1141.0, -1
4, 2217, 5, 1098.0, 1140.0, -1
4, 2218, 5, 1099.0, 1142.0, -1
4, 2219, 3, 1101.0, 1143.0, -1
4, 2220, 3, 1102.0, 1146.0, -1
4, 2221, 8, 1102.0, 1148.0, -1
4, 2222, 1, 1102.0, 1152.0, -1
4, 2223, 2, 1103.0, 1147.0, -1
4, 2224, 3, 1103.0, 1147.0, -1
4, 2225, 6, 1104.0, 1148.0, -1
4, 2226, 3, 1105.0, 1147.0, -1
4, 2227, 5, 1105.0, 1149.0, -1
4, 2228, 6, 1105.0, 1153.0, -1
4, 2229, 2, 1105.0, 1154.0, -1
4, 2230, 2, 1106.0, 1154.0, -1
4, 2231, 8, 1107.0, 1153.0, -1
4, 2232, 8, 1109.0, 1155.0, -1
4, 2233, 1, 1111.0, 1156.0, -1
4, 2234, 2, 1112.0, 1158.0, -1
4, 2235, 2, 1112.0, 1160.0, -1
4, 2236, 1, 1112.0, 1161.0, -1
4, 2237, 0, 1113.0, 1154.0, -1
4, 2238, 4, 1113.0, 1159.0, -1
4, 2239, 5, 1114.0, 1157.0, -1
4, 2240, 3, 1114.0, 1157.0, -1
4, 2241, 3, 1116.0, 1158.0, -1
4, 2242, 6, 1116.0, 1161.0, -1
4, 2243, 6, 1116.0, 1161.0, -1
4, 2244, 6, 1117.0, 1164.0, -1
4, 2245, 2, 1117.0, 1168.0, -1
4, 2246, 2, 1117.0, 1169.0, -1
4, 2247, 1, 1118.0, 1161.0, -1
4, 2248, 7, 1118.0, 1162.0, -1
4, 2249, 4, 1118.0, 1164.0, -1
4, 2250, 0, 1119.0, 1161.0, -1
4, 2251, 5, 1120.0, 1161.0, -1
4, 2252, 1, 1120.0, 1178.0, -1
4, 2253, 7, 1121.0, 1165.0, -1
4, 2254, 0, 1122.0, 1165.0, -1
4, 2255, 8, 1122.0, 1171.0, -1
4, 2256, 4, 1124.0, 1167.0, -1
4, 2257, 7, 1124.0, 1168.0, -1
4, 2258, 0, 1125.0, 1167.0, -1
4, 2259, 3, 1125.0, 1170.0, -1
4, 2260, 7, 1125.0, 1172.0, -1
4, 2261, 3, 1126.0, 1170.0, -1
4, 2262, 7, 1126.0, 1170.0, -1
4, 2263, 6, 1127.0, 1171.0, -1
4, 2264, 4, 1127.0, 1172.0, -1
4, 2265, 7, 1127.0, 1174.0, -1
4, 2266, 4, 1128.0, 1169.0, -1
4, 2267, 5, 1128.0, 1169.0, -1
4, 2268, 0, 1128.0, 1172.0, -1
4, 2269, 7, 1128.0, 1175.0, -1
4, 2270, 1, 1129.0, 1172.0, -1
4, 2271, 6, 1130.0, 1173.0, -1
4, 2272, 1, 1130.0, 1174.0, -1
4, 2273, 8, 1130.0, 1176.0, -1
4, 2274, 6, 1130.0, 1180.0, -1
4, 2275, 3, 1131.0, 1176.0, -1
4, 2276, 2, 1131.0, 1179.0, -1
4, 2277, 1, 1132.0, 1176.0, -1
4, 2278, 0, 1132.0, 1177.0, -1
4, 2279, 0, 1133.0, 1176.0, -1
4, 2280, 4, 1133.0, 1178.0, -1
4, 2281, 4, 1134.0, 1177.0, -1
4, 2282, 8, 1134.0, 1179.0, -1
4, 2283, 7, 1134.0, 1182.0, -1
4, 2284, 1, 1135.0, 1185.0, -1
4, 2285, 8, 1136.0, 1179.0, -1
4, 2286, 0, 1136.0, 1180.0, -1
4, 2287, 7, 1136.0, 1182.0, -1
4, 2288, 8, 1136.0, 1184.0, -1
4, 2289, 6, 1136.0, 1184.0, -1
4, 2290, 0, 1138.0, 1181.0, -1
4, 2291, 2, 1138.0, 1181.0, -1
4, 2292, 4, 1138.0, 1182.0, -1
4, 2293, 8, 1138.0, 1185.0, -1
4, 2294, 5, 1139.0, 1182.0, -1
4, 2295, 6, 1140.0, 1183.0, -1
4, 2296, 5, 1140.0, 1185.0, -1
4, 2297, 3, 1140.0, 1186.0, -1
4, 2298, 8, 1140.0, 1187.0, -1
4, 2299, 5, 1140.0, 1188.0, -1
4, 2300, 5, 1150.0, 1188.0, 1191.0
4, 2301, 7, 1150.0, 1188.0, 1194.0
4, 2302, 6, 1150.0, 1188.0, 1194.0
4, 2303, 3, 1150.0, 1188.0, 1197.0
4, 2304, 1, 1150.0, 1188.0, 1198.0
4, 2305, 5, 1150.0, 1188.0, 1201.0
4, 2306, 5, 1150.0, 1188.0, 1204.0
4, 2307, 4, 1150.0, 1188.0, 1209.0
4, 2308, 5, 1150.0, 1188.0, 1211.0
4, 2309, 3, 1150.0, 1188.0, 1220.0
4, 2310, 2, 1150.0, 1187.0, 1221.0
4, 2311, 4, 1150.0, 1188.0, 1228.0
4, 2312, 2, 1150.0, 1188.0, 1229.0
4, 2313, 3, 1150.0, 1188.0, 1230.0
4, 2314, 3, 1150.0, 1188.0, 1244.0
4, 2315, 8, 1150.0, 1188.0, 1245.0
4, 2316, 8, 1153.0, 1188.0, 1199.0
4, 2317, 1, 1153.0, 1188.0, 1202.0
4, 2318, 6, 1154.0, 1188.0, 1194.0
4, 2319, 2, 1155.0, 1188.0, 1192.0
4, 2320, 8, 1155.0, 1188.0, 1198.0
4, 2321, 0, 1155.0, 1188.0, 1198.0
4, 2322, 2, 1155.0, 1188.0, 1204.0
4, 2323, 1, 1157.0, 1188.0, 1199.0
4, 2324, 5, 1157.0, 1194.0, 1251.0
4, 2325, 2, 1158.0, 1188.0, 1203.0
4, 2326, 3, 1158.0, 1188.0, 1203.0
4, 2327, 3, 1159.0, 1188.0, 1235.0
4, 2328, 4, 1160.0, 1188.0, 1202.0
4, 2329, 2, 1161.0, 1188.0, 1206.0
4, 2330, 0, 1161.0, 1188.0, 1227.0
4, 2331, 6, 1162.0, 1188.0, 1206.0
4, 2332, 6, 1162.0, 1188.0, 1221.0
4, 2333, 1, 1162.0, 1188.0, 1221.0
4, 2334, 5, 1162.0, 1187.0, 1222.0
4, 2335, 1, 1162.0, 1191.0, 1236.0
4, 2336, 7, 1163.0, 1212.0, 1297.0
4, 2337, 4, 1165.0, 1188.0, 1198.0
4, 2338, 6, 1165.0, 1188.0, 1203.0
4, 2339, 7, 1165.0, 1188.0, 1206.0
4, 2340, 0, 1166.0, 1188.0, 1193.0
4, 2341, 0, 1168.0, 1188.0, 1202.0
4, 2342, 2, 1168.0, 1189.0, 1216.0
4, 2343, 4, 1168.0, 1206.0, 1273.0
4, 2344, 2, 1169.0, 1188.0, 1189.0
4, 2345, 7, 1169.0, 1188.0, 1197.0
4, 2346, 4, 1170.0, 1188.0, 1217.0
4, 2347, 5, 1170.0, 1202.0, 1249.0
4, 2348, 3, 1171.0, 1188.0, 1195.0
4, 2349, 6, 1171.0, 1188.0, 1205.0
4, 2350, 3, 1171.0, 1195.0, 1236.0
4, 2351, 7, 1171.0, 1220.0, 1295.0
4, 2352, 8, 1172.0, 1189.0, 1218.0
4, 2353, 1, 1173.0, 1188.0, 1192.0
4, 2354, 0, 1173.0, 1188.0, 1202.0
4, 2355, 7, 1173.0, 1188.0, 1212.0
4, 2356, 4, 1173.0, 1197.0, 1236.0
4, 2357, 7, 1174.0, 1188.0, 1190.0
4, 2358, 6, 1174.0, 1199.0, 1236.0
4, 2359, 7, 1175.0, 1188.0, 1194.0
4, 2360, 1, 1175.0, 1188.0, 1195.0
4, 2361, 3, 1176.0, 1188.0, 1200.0
4, 2362, 1, 1177.0, 1188.0, 1194.0
4, 2363, 8, 1177.0, 1188.0, 1200.0
4, 2364, 0, 1177.0, 1188.0, 1204.0
4, 2365, 4, 1178.0, 1190.0, 1209.0
4, 2366, 1, 1178.0, 1204.0, 1246.0
4, 2367, 0, 1178.0, 1206.0, 1249.0
4, 2368, 2, 1179.0, 1188.0, 1192.0
4, 2369, 8, 1179.0, 1189.0, 1199.0
4, 2370, 8, 1179.0, 1188.0, 1199.0
4, 2371, 4, 1179.0, 1189.0, 1205.0
4, 2372, 0, 1181.0, 1188.0, 1197.0
4, 2373, 6, 1181.0, 1198.0, 1221.0
4, 2374, 7, 1182.0, 1192.0, 1201.0
4, 2375, 2, 1182.0, 1191.0, 1202.0
4, 2376, 0, 1182.0, 1198.0, 1220.0
4, 2377, 7, 1182.0, 1214.0, 1267.0
4, 2378, 4, 1183.0, 1188.0, 1189.0
4, 2379, 6, 1183.0, 1191.0, 1203.0
4, 2380, 5, 1183.0, 1197.0, 1219.0
4, 2381, 8, 1184.0, 1201.0, 1230.0
4, 2382, 8, 1185.0, 1205.0, 1238.0
4, 2383, 6, 1185.0, 1207.0, 1242.0
4, 2384, 5, 1186.0, 1193.0, 1200.0
4, 2385, 1, 1186.0, 1194.0, 1203.0
4, 2386, 3, 1187.0, 1202.0, 1230.0
4, 2387, 8, 1188.0, 1196.0, 1209.0
4, 2388, 5, 1189.0, 1209.0, 1241.0
4, 2389, 2, 1190.0, 1197.0, 1207.0
4, 2390, 4, 1190.0, 1212.0, 1251.0
4, 2391, 7, 1190.0, 1215.0, 1255.0
4, 2392, 1, 1192.0, 1199.0, 1212.0
4, 2393, 5, 1192.0, 1202.0, 1218.0
4, 2394, 2, 1193.0, 1198.0, 1206.0
4, 2395, 2, 1193.0, 1223.0, 1266.0
4, 2396, 0, 1194.0, 1200.0, 1211.0
4, 2397, 6, 1194.0, 1259.0, 1358.0
4, 2398, 1, 1195.0, 1202.0, 1208.0
4, 2399, 6, 1195.0, 1202.0, 1210.0
4, 2400, 7, 1195.0, 1203.0, 1211.0
4, 2401, 7, 1195.0, 1237.0, 1302.0
4, 2402, 1, 1196.0, 1199.0, 1205.0
4, 2403, 3, 1196.0, 1199.0, 1206.0
4, 2404, 0, 1198.0, 1201.0, 1208.0
4, 2405, 1, 1198.0, 1205.0, 1217.0
4, 2406, 8, 1198.0, 1206.0, 1218.0
4, 2407, 7, 1198.0, 1225.0, 1267.0
4, 2408, 3, 1198.0, 1225.0, 1270.0
4, 2409, 4, 1198.0, 1229.0, 1283.0
4, 2410, 0, 1199.0, 1202.0, 1203.0
4, 2411, 8, 1199.0, 1203.0, 1211.0
4, 2412, 8, 1199.0, 1204.0, 1211.0
4, 2413, 8, 1199.0, 1214.0, 1233.0
4, 2414, 5, 1200.0, 1207.0, 1218.0
4, 2415, 3, 1200.0, 1213.0, 1237.0
4, 2416, 1, 1200.0, 1218.0, 1244.0
4, 2417, 8, 1201.0, 1228.0, 1265.0
4, 2418, 7, 1202.0, 1205.0, 1207.0
4, 2419, 5, 1202.0, 1215.0, 1232.0
4, 2420, 2, 1203.0, 1206.0, 1214.0
4, 2421, 4, 1203.0, 1213.0, 1224.0
4, 2422, 0, 1203.0, 1213.0, 1229.0
4, 2423, 1, 1203.0, 1219.0, 1240.0
4, 2424, 0, 1203.0, 1228.0, 1263.0
4, 2425, 2, 1203.0, 1231.0, 1272.0
4, 2426, 1, 1204.0, 1208.0, 1212.0
4, 2427, 6, 1204.0, 1208.0, 1213.0
4, 2428, 0, 1204.0, 1211.0, 1219.0
4, 2429, 0, 1204.0, 1211.0, 1223.0
4, 2430, 6, 1204.0, 1212.0, 1225.0
4, 2431, 3, 1204.0, 1214.0, 1230.0
4, 2432, 5, 1205.0, 1208.0, 1211.0
4, 2433, 6, 1205.0, 1209.0, 1214.0
4, 2434, 1, 1205.0, 1209.0, 1215.0
4, 2435, 2, 1205.0, 1209.0, 1218.0
4, 2436, 4, 1205.0, 1216.0, 1234.0
4, 2437, 7, 1206.0, 1213.0, 1220.0
4, 2438, 2, 1206.0, 1214.0, 1224.0
4, 2439, 3, 1206.0, 1218.0, 1243.0
4, 2440, 6, 1206.0, 1234.0, 1274.0
4, 2441, 2, 1207.0, 1210.0, 1214.0
4, 2442, 7, 1207.0, 1214.0, 1223.0
4, 2443, 2, 1207.0, 1234.0, 1272.0
4, 2444, 0, 1209.0, 1216.0, 1225.0
4, 2445, 1, 1209.0, 1220.0, 1235.0
4, 2446, 8, 1209.0, 1224.0, 1247.0
4, 2447, 4, 1210.0, 1217.0, 1230.0
4, 2448, 6, 1210.0, 1227.0, 1254.0
4, 2449, 4, 1210.0, 1233.0, 1272.0
4, 2450, 5, 1211.0, 1223.0, 1242.0
4, 2451, 5, 1212.0, 1216.0, 1224.0
4, 2452, 7, 1212.0, 1227.0, 1247.0
4, 2453, 0, 1212.0, 1227.0, 1248.0
4, 2454, 8, 1212.0, 1233.0, 1261.0
4, 2455, 8, 1212.0, 1243.0, 1291.0
4, 2456, 7, 1213.0, 1217.0, 1223.0
4, 2457, 1, 1213.0, 1217.0, 1223.0
4, 2458, 1, 1213.0, 1221.0, 1231.0
4, 2459, 6, 1214.0, 1218.0, 1221.0
4, 2460, 6, 1214.0, 1218.0, 1225.0
4, 2461, 2, 1215.0, 1219.0, 1223.0
4, 2462, 1, 1215.0, 1232.0, 1259.0
4, 2463, 2, 1215.0, 1251.0, 1302.0
4, 2464, 2, 1216.0, 1231.0, 1251.0
4, 2465, 4, 1217.0, 1220.0, 1223.0
4, 2466, 5, 1218.0, 1221.0, 1228.0
4, 2467, 2, 1218.0, 1223.0, 1232.0
4, 2468, 1, 1218.0, 1226.0, 1233.0
4, 2469, 5, 1218.0, 1238.0, 1271.0
4, 2470, 8, 1218.0, 1241.0, 1274.0
4, 2471, 5, 1219.0, 1229.0, 1243.0
4, 2472, 8, 1219.0, 1232.0, 1252.0
4, 2473, 0, 1220.0, 1223.0, 1230.0
4, 2474, 7, 1220.0, 1243.0, 1281.0
4, 2475, 6, 1221.0, 1230.0, 1243.0
4, 2476, 3, 1221.0, 1231.0, 1248.0
4, 2477, 1, 1221.0, 1252.0, 1300.0
4, 2478, 0, 1221.0, 1252.0, 1309.0
4, 2479, 2, 1221.0, 1274.0, 1367.0
4, 2480, 5, 1222.0, 1229.0, 1236.0
4, 2481, 6, 1222.0, 1231.0, 1241.0
4, 2482, 6, 1222.0, 1234.0, 1246.0
4, 2483, 7, 1223.0, 1226.0, 1228.0
4, 2484, 4, 1223.0, 1226.0, 1233.0
4, 2485, 1, 1223.0, 1228.0, 1236.0
4, 2486, 7, 1223.0, 1234.0, 1249.0
4, 2487, 2, 1223.0, 1244.0, 1277.0
4, 2488, 4, 1224.0, 1227.0, 1230.0
4, 2489, 0, 1224.0, 1233.0, 1244.0
4, 2490, 5, 1224.0, 1242.0, 1270.0
4, 2491, 2, 1224.0, 1243.0, 1270.0
4, 2492, 0, 1225.0, 1228.0, 1234.0
4, 2493, 6, 1225.0, 1236.0, 1250.0
4, 2494, 6, 1225.0, 1243.0, 1270.0
4, 2495, 0, 1228.0, 1231.0, 1233.0
4, 2496, 0, 1229.0, 1232.0, 1241.0
4, 2497, 5, 1229.0, 1244.0, 1269.0
4, 2498, 4, 1229.0, 1248.0, 1283.0
4, 2499, 7, 1229.0, 1260.0, 1305.0
