0, 0, 7, 9.0, 20.0, -1
0, 1, 7, 9.0, 20.0, -1
0, 2, 7, 9.0, 20.0, -1
0, 3, 7, 9.0, 20.0, -1
0, 4, 7, 9.0, 20.0, -1
0, 5, 7, 9.0, 21.0, -1
0, 6, 7, 9.0, 21.0, -1
0, 7, 7, 9.0, 21.0, -1
0, 8, 7, 9.0, 21.0, -1
0, 9, 4, 9.0, 22.0, -1
0, 10, 4, 9.0, 22.0, -1
0, 11, 4, 9.0, 22.0, -1
0, 12, 4, 9.0, 22.0, -1
0, 13, 4, 9.0, 22.0, -1
0, 14, 4, 9.0, 22.0, -1
0, 15, 4, 9.0, 22.0, -1
0, 16, 4, 9.0, 23.0, -1
0, 17, 4, 9.0, 23.0, -1
0, 18, 4, 9.0, 23.0, -1
0, 19, 3, 10.0, 21.0, -1
0, 20, 3, 10.0, 21.0, -1
0, 21, 3, 10.0, 21.0, -1
0, 22, 3, 10.0, 22.0, -1
0, 23, 3, 10.0, 22.0, -1
0, 24, 3, 10.0, 22.0, -1
0, 25, 3, 10.0, 22.0, -1
0, 26, 3, 10.0, 22.0, -1
0, 27, 3, 10.0, 22.0, -1
0, 28, 1, 10.0, 22.0, -1
0, 29, 1, 10.0, 22.0, -1
0, 30, 1, 10.0, 22.0, -1
0, 31, 1, 10.0, 23.0, -1
0, 32, 1, 10.0, 23.0, -1
0, 33, 1, 10.0, 23.0, -1
0, 34, 1, 10.0, 23.0, -1
0, 35, 1, 10.0, 23.0, -1
0, 36, 1, 10.0, 23.0, -1
0, 37, 2, 10.0, 23.0, -1
0, 38, 2, 10.0, 23.0, -1
0, 39, 2, 10.0, 23.0, -1
0, 40, 1, 10.0, 23.0, -1
0, 41, 2, 10.0, 23.0, -1
0, 42, 2, 10.0, 23.0, -1
0, 43, 2, 10.0, 24.0, -1
0, 44, 2, 10.0, 24.0, -1
0, 45, 2, 10.0, 24.0, -1
0, 46, 2, 10.0, 24.0, -1
0, 47, 2, 10.0, 24.0, -1
0, 48, 5, 11.0, 23.0, -1
0, 49, 0, 11.0, 23.0, -1
0, 50, 0, 11.0, 24.0, -1
0, 51, 5, 11.0, 24.0, -1
0, 52, 5, 11.0, 24.0, -1
0, 53, 0, 11.0, 24.0, -1
0, 54, 0, 11.0, 24.0, -1
0, 55, 0, 11.0, 24.0, -1
0, 56, 5, 11.0, 24.0, -1
0, 57, 5, 11.0, 24.0, -1
0, 58, 5, 11.0, 24.0, -1
0, 59, 5, 11.0, 24.0, -1
0, 60, 5, 11.0, 24.0, -1
0, 61, 5, 11.0, 24.0, -1
0, 62, 5, 11.0, 24.0, -1
0, 63, 0, 11.0, 24.0, -1
0, 64, 0, 11.0, 24.0, -1
0, 65, 0, 11.0, 24.0, -1
0, 66, 0, 11.0, 25.0, -1
0, 67, 0, 11.0, 25.0, -1
0, 68, 6, 12.0, 24.0, -1
0, 69, 6, 12.0, 24.0, -1
0, 70, 6, 12.0, 25.0, -1
0, 71, 6, 12.0, 25.0, -1
0, 72, 6, 12.0, 25.0, -1
0, 73, 6, 12.0, 25.0, -1
0, 74, 6, 12.0, 25.0, -1
0, 75, 6, 12.0, 25.0, -1
0, 76, 6, 12.0, 25.0, -1
0, 77, 6, 12.0, 25.0, -1
0, 78, 8, 12.0, 25.0, -1
0, 79, 8, 12.0, 25.0, -1
0, 80, 8, 12.0, 25.0, -1
0, 81, 8, 12.0, 25.0, -1
0, 82, 8, 12.0, 25.0, -1
0, 83, 8, 12.0, 25.0, -1
0, 84, 8, 12.0, 26.0, -1
0, 85, 8, 12.0, 26.0, -1
0, 86, 8, 12.0, 26.0, -1
0, 87, 8, 12.0, 26.0, -1
1, 88, 7, 20.0, 32.0, -1
1, 89, 7, 20.0, 32.0, -1
1, 90, 7, 21.0, 33.0, -1
1, 91, 7, 21.0, 33.0, -1
1, 92, 7, 21.0, 33.0, -1
1, 93, 7, 21.0, 33.0, -1
1, 94, 7, 21.0, 33.0, -1
1, 95, 7, 21.0, 33.0, -1
1, 96, 7, 21.0, 33.0, -1
1, 97, 4, 22.0, 34.0, -1
1, 98, 3, 22.0, 34.0, -1
1, 99, 3, 22.0, 34.0, -1
1, 100, 4, 22.0, 34.0, -1
1, 101, 4, 22.0, 34.0, -1
1, 102, 3, 22.0, 34.0, -1
1, 103, 4, 22.0, 34.0, -1
1, 104, 3, 22.0, 34.0, -1
1, 105, 3, 22.0, 34.0, -1
1, 106, 3, 22.0, 35.0, -1
1, 107, 3, 22.0, 35.0, -1
1, 108, 3, 22.0, 35.0, -1
1, 109, 3, 22.0, 35.0, -1
1, 110, 2, 23.0, 35.0, -1
1, 111, 4, 23.0, 35.0, -1
1, 112, 4, 23.0, 35.0, -1
1, 113, 2, 23.0, 35.0, -1
1, 114, 1, 23.0, 35.0, -1
1, 115, 4, 23.0, 35.0, -1
1, 116, 1, 23.0, 35.0, -1
1, 117, 1, 23.0, 35.0, -1
1, 118, 1, 23.0, 35.0, -1
1, 119, 1, 23.0, 35.0, -1
1, 120, 4, 23.0, 35.0, -1
1, 121, 1, 23.0, 35.0, -1
1, 122, 1, 23.0, 36.0, -1
1, 123, 1, 23.0, 36.0, -1
1, 124, 4, 23.0, 36.0, -1
1, 125, 2, 23.0, 36.0, -1
1, 126, 4, 23.0, 36.0, -1
1, 127, 1, 23.0, 36.0, -1
1, 128, 1, 23.0, 37.0, -1
0, 129, 0, 24.0, 35.0, -1
1, 130, 2, 24.0, 36.0, -1
1, 131, 2, 24.0, 36.0, -1
1, 132, 5, 24.0, 37.0, -1
0, 133, 5, 25.0, 36.0, -1
0, 134, 0, 25.0, 36.0, -1
0, 135, 5, 25.0, 36.0, -1
0, 136, 2, 25.0, 36.0, -1
0, 137, 5, 25.0, 36.0, -1
0, 138, 0, 25.0, 36.0, -1
0, 139, 6, 25.0, 36.0, -1
0, 140, 5, 25.0, 36.0, -1
0, 141, 5, 25.0, 37.0, -1
0, 142, 0, 25.0, 37.0, -1
0, 143, 0, 25.0, 37.0, -1
0, 144, 0, 25.0, 37.0, -1
0, 145, 5, 25.0, 37.0, -1
0, 146, 6, 25.0, 37.0, -1
0, 147, 2, 25.0, 37.0, -1
0, 148, 0, 25.0, 37.0, -1
0, 149, 5, 25.0, 37.0, -1
0, 150, 2, 25.0, 37.0, -1
0, 151, 0, 25.0, 37.0, -1
0, 152, 5, 25.0, 37.0, -1
0, 153, 5, 25.0, 37.0, -1
0, 154, 2, 25.0, 37.0, -1
0, 155, 2, 25.0, 37.0, -1
0, 156, 6, 26.0, 37.0, -1
0, 157, 8, 26.0, 37.0, -1
0, 158, 0, 26.0, 37.0, -1
0, 159, 6, 26.0, 37.0, -1
0, 160, 8, 26.0, 37.0, -1
0, 161, 8, 26.0, 37.0, -1
0, 162, 0, 26.0, 37.0, -1
0, 163, 8, 26.0, 37.0, -1
0, 164, 6, 26.0, 37.0, -1
0, 165, 8, 26.0, 38.0, -1
0, 166, 6, 26.0, 38.0, -1
0, 167, 6, 26.0, 38.0, -1
0, 168, 6, 26.0, 38.0, -1
0, 169, 6, 26.0, 38.0, -1
0, 170, 6, 26.0, 38.0, -1
0, 171, 8, 26.0, 38.0, -1
0, 172, 8, 26.0, 38.0, -1
0, 173, 8, 27.0, 39.0, -1
0, 174, 8, 27.0, 39.0, -1
0, 175, 8, 27.0, 39.0, -1
1, 176, 7, 32.0, 44.0, -1
1, 177, 7, 32.0, 45.0, -1
1, 178, 7, 33.0, 44.0, -1
1, 179, 7, 33.0, 45.0, -1
1, 180, 7, 33.0, 45.0, -1
1, 181, 7, 33.0, 45.0, -1
1, 182, 7, 33.0, 45.0, -1
1, 183, 7, 33.0, 45.0, -1
1, 184, 3, 34.0, 45.0, -1
1, 185, 4, 34.0, 46.0, -1
1, 186, 3, 34.0, 46.0, -1
1, 187, 7, 34.0, 46.0, -1
1, 188, 4, 34.0, 46.0, -1
1, 189, 4, 34.0, 46.0, -1
1, 190, 4, 34.0, 46.0, -1
1, 191, 3, 34.0, 46.0, -1
1, 192, 3, 34.0, 47.0, -1
1, 193, 3, 34.0, 47.0, -1
1, 194, 3, 35.0, 46.0, -1
1, 195, 1, 35.0, 47.0, -1
1, 196, 2, 35.0, 47.0, -1
1, 197, 3, 35.0, 47.0, -1
1, 198, 2, 35.0, 47.0, -1
1, 199, 4, 35.0, 47.0, -1
1, 200, 3, 35.0, 47.0, -1
1, 201, 4, 35.0, 47.0, -1
1, 202, 3, 35.0, 47.0, -1
1, 203, 4, 35.0, 47.0, -1
1, 204, 1, 35.0, 48.0, -1
0, 205, 0, 36.0, 47.0, -1
1, 206, 1, 36.0, 48.0, -1
1, 207, 2, 36.0, 48.0, -1
1, 208, 1, 36.0, 48.0, -1
1, 209, 1, 36.0, 48.0, -1
1, 210, 4, 36.0, 48.0, -1
1, 211, 1, 36.0, 48.0, -1
1, 212, 4, 36.0, 48.0, -1
1, 213, 1, 36.0, 48.0, -1
1, 214, 1, 36.0, 48.0, -1
1, 215, 2, 36.0, 48.0, -1
1, 216, 2, 36.0, 49.0, -1
1, 217, 1, 36.0, 49.0, -1
1, 218, 4, 36.0, 49.0, -1
0, 219, 6, 37.0, 48.0, -1
0, 220, 0, 37.0, 48.0, -1
0, 221, 6, 37.0, 48.0, -1
0, 222, 5, 37.0, 48.0, -1
0, 223, 0, 37.0, 48.0, -1
0, 224, 0, 37.0, 48.0, -1
0, 225, 5, 37.0, 48.0, -1
0, 226, 0, 37.0, 48.0, -1
0, 227, 2, 37.0, 48.0, -1
0, 228, 0, 37.0, 49.0, -1
0, 229, 5, 37.0, 49.0, -1
0, 230, 5, 37.0, 49.0, -1
0, 231, 5, 37.0, 49.0, -1
0, 232, 5, 37.0, 49.0, -1
1, 233, 1, 37.0, 48.0, -1
1, 234, 5, 37.0, 49.0, -1
0, 235, 0, 38.0, 49.0, -1
0, 236, 0, 38.0, 49.0, -1
0, 237, 6, 38.0, 49.0, -1
0, 238, 8, 38.0, 49.0, -1
0, 239, 6, 38.0, 49.0, -1
0, 240, 6, 38.0, 49.0, -1
0, 241, 6, 38.0, 49.0, -1
0, 242, 0, 38.0, 49.0, -1
0, 243, 5, 38.0, 49.0, -1
0, 244, 0, 38.0, 49.0, -1
0, 245, 5, 38.0, 49.0, -1
0, 246, 8, 38.0, 49.0, -1
0, 247, 2, 38.0, 49.0, -1
0, 248, 8, 38.0, 49.0, -1
0, 249, 8, 38.0, 49.0, -1
0, 250, 8, 38.0, 50.0, -1
0, 251, 2, 38.0, 50.0, -1
0, 252, 2, 38.0, 50.0, -1
0, 253, 2, 38.0, 50.0, -1
0, 254, 5, 38.0, 50.0, -1
0, 255, 8, 39.0, 50.0, -1
0, 256, 8, 39.0, 50.0, -1
0, 257, 8, 39.0, 50.0, -1
0, 258, 6, 39.0, 50.0, -1
0, 259, 6, 39.0, 50.0, -1
0, 260, 6, 39.0, 51.0, -1
0, 261, 6, 39.0, 51.0, -1
0, 262, 8, 40.0, 51.0, -1
0, 263, 8, 40.0, 52.0, -1
1, 264, 7, 44.0, 56.0, -1
1, 265, 7, 45.0, 57.0, -1
1, 266, 7, 45.0, 57.0, -1
1, 267, 7, 45.0, 57.0, -1
1, 268, 7, 45.0, 57.0, -1
1, 269, 7, 45.0, 57.0, -1
1, 270, 7, 45.0, 58.0, -1
1, 271, 7, 45.0, 58.0, -1
1, 272, 4, 46.0, 58.0, -1
1, 273, 3, 46.0, 58.0, -1
1, 274, 4, 46.0, 58.0, -1
1, 275, 4, 46.0, 58.0, -1
1, 276, 7, 46.0, 58.0, -1
1, 277, 3, 46.0, 58.0, -1
1, 278, 3, 46.0, 58.0, -1
1, 279, 4, 46.0, 59.0, -1
1, 280, 3, 47.0, 59.0, -1
1, 281, 3, 47.0, 59.0, -1
1, 282, 2, 47.0, 59.0, -1
1, 283, 4, 47.0, 59.0, -1
1, 284, 2, 47.0, 59.0, -1
1, 285, 1, 47.0, 59.0, -1
1, 286, 3, 47.0, 59.0, -1
1, 287, 3, 47.0, 59.0, -1
1, 288, 4, 47.0, 59.0, -1
1, 289, 4, 47.0, 59.0, -1
1, 290, 3, 47.0, 60.0, -1
1, 291, 3, 47.0, 60.0, -1
0, 292, 0, 48.0, 59.0, -1
0, 293, 6, 48.0, 60.0, -1
0, 294, 5, 49.0, 60.0, -1
0, 295, 0, 49.0, 60.0, -1
0, 296, 5, 49.0, 60.0, -1
0, 297, 6, 49.0, 60.0, -1
0, 298, 0, 49.0, 60.0, -1
0, 299, 0, 49.0, 60.0, -1
0, 300, 5, 49.0, 61.0, -1
0, 301, 2, 49.0, 61.0, -1
0, 302, 0, 49.0, 61.0, -1
0, 303, 0, 49.0, 61.0, -1
1, 304, 2, 49.0, 60.0, -1
1, 305, 4, 49.0, 60.0, -1
1, 306, 1, 49.0, 60.0, -1
1, 307, 1, 49.0, 60.0, -1
1, 308, 1, 49.0, 60.0, -1
1, 309, 1, 49.0, 60.0, -1
1, 310, 1, 49.0, 61.0, -1
1, 311, 1, 49.0, 61.0, -1
1, 312, 1, 49.0, 61.0, -1
1, 313, 4, 49.0, 61.0, -1
1, 314, 5, 49.0, 61.0, -1
1, 315, 1, 49.0, 61.0, -1
1, 316, 2, 49.0, 61.0, -1
1, 317, 2, 49.0, 61.0, -1
1, 318, 4, 49.0, 62.0, -1
0, 319, 6, 50.0, 61.0, -1
0, 320, 0, 50.0, 61.0, -1
0, 321, 2, 50.0, 61.0, -1
0, 322, 0, 50.0, 61.0, -1
0, 323, 0, 50.0, 61.0, -1
0, 324, 8, 50.0, 61.0, -1
0, 325, 8, 50.0, 61.0, -1
0, 326, 0, 50.0, 61.0, -1
0, 327, 8, 50.0, 61.0, -1
0, 328, 5, 50.0, 61.0, -1
0, 329, 6, 50.0, 61.0, -1
0, 330, 5, 50.0, 61.0, -1
0, 331, 6, 50.0, 61.0, -1
0, 332, 8, 50.0, 62.0, -1
0, 333, 6, 50.0, 62.0, -1
0, 334, 5, 50.0, 62.0, -1
0, 335, 2, 50.0, 62.0, -1
0, 336, 5, 50.0, 62.0, -1
0, 337, 5, 50.0, 62.0, -1
0, 338, 8, 50.0, 62.0, -1
0, 339, 2, 50.0, 62.0, -1
1, 340, 1, 50.0, 61.0, -1
0, 341, 8, 51.0, 62.0, -1
0, 342, 8, 51.0, 62.0, -1
0, 343, 6, 51.0, 62.0, -1
0, 344, 6, 51.0, 62.0, -1
0, 345, 8, 51.0, 63.0, -1
0, 346, 2, 51.0, 63.0, -1
0, 347, 5, 51.0, 63.0, -1
0, 348, 6, 51.0, 63.0, -1
0, 349, 8, 52.0, 63.0, -1
0, 350, 8, 52.0, 64.0, -1
0, 351, 6, 52.0, 64.0, -1
1, 352, 7, 57.0, 68.0, -1
1, 353, 7, 58.0, 69.0, -1
1, 354, 7, 58.0, 69.0, -1
1, 355, 7, 58.0, 69.0, -1
1, 356, 7, 58.0, 69.0, -1
1, 357, 7, 58.0, 69.0, -1
1, 358, 3, 59.0, 70.0, -1
1, 359, 4, 59.0, 70.0, -1
1, 360, 7, 59.0, 70.0, -1
1, 361, 3, 59.0, 70.0, -1
1, 362, 7, 59.0, 70.0, -1
1, 363, 3, 59.0, 70.0, -1
1, 364, 7, 59.0, 70.0, -1
1, 365, 4, 59.0, 71.0, -1
1, 366, 4, 59.0, 71.0, -1
0, 367, 0, 60.0, 71.0, -1
1, 368, 2, 60.0, 71.0, -1
1, 369, 4, 60.0, 71.0, -1
1, 370, 3, 60.0, 71.0, -1
1, 371, 2, 60.0, 71.0, -1
1, 372, 4, 60.0, 71.0, -1
1, 373, 3, 60.0, 71.0, -1
1, 374, 3, 60.0, 71.0, -1
1, 375, 1, 60.0, 71.0, -1
1, 376, 4, 60.0, 71.0, -1
1, 377, 4, 60.0, 72.0, -1
1, 378, 3, 60.0, 72.0, -1
1, 379, 3, 60.0, 72.0, -1
0, 380, 0, 61.0, 72.0, -1
0, 381, 5, 61.0, 72.0, -1
0, 382, 5, 61.0, 73.0, -1
0, 383, 0, 61.0, 73.0, -1
0, 384, 5, 61.0, 73.0, -1
0, 385, 0, 61.0, 73.0, -1
0, 386, 0, 61.0, 73.0, -1
0, 387, 6, 61.0, 73.0, -1
0, 388, 6, 61.0, 73.0, -1
0, 389, 2, 61.0, 73.0, -1
1, 390, 1, 61.0, 72.0, -1
1, 391, 1, 61.0, 72.0, -1
1, 392, 1, 61.0, 72.0, -1
1, 393, 2, 61.0, 72.0, -1
1, 394, 4, 61.0, 72.0, -1
1, 395, 1, 61.0, 73.0, -1
1, 396, 1, 61.0, 73.0, -1
1, 397, 3, 61.0, 73.0, -1
0, 398, 2, 62.0, 73.0, -1
0, 399, 2, 62.0, 73.0, -1
0, 400, 6, 62.0, 73.0, -1
0, 401, 0, 62.0, 73.0, -1
0, 402, 0, 62.0, 73.0, -1
0, 403, 8, 62.0, 73.0, -1
0, 404, 5, 62.0, 73.0, -1
0, 405, 6, 62.0, 74.0, -1
0, 406, 6, 62.0, 74.0, -1
0, 407, 5, 62.0, 74.0, -1
0, 408, 8, 62.0, 74.0, -1
0, 409, 5, 62.0, 74.0, -1
0, 410, 5, 62.0, 74.0, -1
0, 411, 0, 62.0, 74.0, -1
0, 412, 8, 62.0, 74.0, -1
0, 413, 0, 62.0, 74.0, -1
0, 414, 6, 62.0, 74.0, -1
0, 415, 0, 62.0, 74.0, -1
0, 416, 8, 62.0, 74.0, -1
1, 417, 4, 62.0, 73.0, -1
1, 418, 1, 62.0, 73.0, -1
1, 419, 5, 62.0, 73.0, -1
1, 420, 2, 62.0, 73.0, -1
1, 421, 1, 62.0, 73.0, -1
1, 422, 1, 62.0, 73.0, -1
1, 423, 2, 62.0, 74.0, -1
1, 424, 1, 62.0, 74.0, -1
0, 425, 2, 63.0, 74.0, -1
0, 426, 6, 63.0, 74.0, -1
0, 427, 6, 63.0, 75.0, -1
0, 428, 8, 63.0, 75.0, -1
0, 429, 8, 63.0, 75.0, -1
0, 430, 8, 63.0, 75.0, -1
0, 431, 8, 63.0, 75.0, -1
0, 432, 5, 63.0, 76.0, -1
1, 433, 4, 63.0, 74.0, -1
0, 434, 6, 64.0, 75.0, -1
0, 435, 2, 64.0, 75.0, -1
0, 436, 5, 64.0, 76.0, -1
0, 437, 6, 64.0, 76.0, -1
0, 438, 8, 64.0, 76.0, -1
0, 439, 8, 64.0, 76.0, -1
1, 440, 7, 69.0, 81.0, -1
1, 441, 3, 70.0, 81.0, -1
1, 442, 7, 70.0, 81.0, -1
1, 443, 7, 70.0, 81.0, -1
1, 444, 7, 70.0, 82.0, -1
1, 445, 7, 70.0, 82.0, -1
1, 446, 7, 70.0, 82.0, -1
1, 447, 3, 71.0, 82.0, -1
1, 448, 7, 71.0, 82.0, -1
1, 449, 7, 71.0, 82.0, -1
1, 450, 7, 71.0, 83.0, -1
1, 451, 3, 71.0, 83.0, -1
1, 452, 4, 71.0, 83.0, -1
1, 453, 4, 71.0, 84.0, -1
0, 454, 0, 72.0, 83.0, -1
1, 455, 3, 72.0, 83.0, -1
1, 456, 3, 72.0, 83.0, -1
1, 457, 2, 72.0, 83.0, -1
1, 458, 2, 72.0, 83.0, -1
1, 459, 3, 72.0, 84.0, -1
1, 460, 3, 72.0, 84.0, -1
1, 461, 4, 72.0, 84.0, -1
1, 462, 4, 72.0, 84.0, -1
1, 463, 1, 72.0, 84.0, -1
1, 464, 4, 72.0, 84.0, -1
1, 465, 4, 72.0, 84.0, -1
1, 466, 4, 72.0, 84.0, -1
0, 467, 0, 73.0, 84.0, -1
0, 468, 0, 73.0, 85.0, -1
0, 469, 6, 73.0, 85.0, -1
0, 470, 5, 73.0, 85.0, -1
0, 471, 5, 73.0, 85.0, -1
0, 472, 5, 73.0, 85.0, -1
0, 473, 0, 73.0, 85.0, -1
0, 474, 0, 73.0, 85.0, -1
1, 475, 2, 73.0, 84.0, -1
1, 476, 3, 73.0, 85.0, -1
1, 477, 1, 73.0, 85.0, -1
1, 478, 4, 73.0, 85.0, -1
1, 479, 1, 73.0, 86.0, -1
1, 480, 1, 73.0, 86.0, -1
1, 481, 1, 73.0, 86.0, -1
0, 482, 2, 74.0, 85.0, -1
0, 483, 6, 74.0, 85.0, -1
0, 484, 6, 74.0, 85.0, -1
0, 485, 6, 74.0, 85.0, -1
0, 486, 5, 74.0, 85.0, -1
0, 487, 2, 74.0, 86.0, -1
0, 488, 2, 74.0, 86.0, -1
0, 489, 0, 74.0, 86.0, -1
0, 490, 5, 74.0, 86.0, -1
0, 491, 8, 74.0, 86.0, -1
0, 492, 6, 74.0, 86.0, -1
0, 493, 8, 74.0, 86.0, -1
0, 494, 0, 74.0, 87.0, -1
1, 495, 2, 74.0, 85.0, -1
1, 496, 1, 74.0, 85.0, -1
1, 497, 5, 74.0, 85.0, -1
1, 498, 1, 74.0, 85.0, -1
1, 499, 3, 74.0, 86.0, -1
1, 500, 4, 74.0, 86.0, -1
1, 501, 1, 74.0, 86.0, -1
1, 502, 1, 74.0, 87.0, -1
0, 503, 0, 75.0, 86.0, -1
0, 504, 6, 75.0, 87.0, -1
0, 505, 2, 75.0, 87.0, -1
0, 506, 8, 75.0, 87.0, -1
0, 507, 6, 75.0, 87.0, -1
0, 508, 0, 75.0, 87.0, -1
0, 509, 6, 75.0, 87.0, -1
0, 510, 0, 75.0, 87.0, -1
0, 511, 8, 75.0, 87.0, -1
0, 512, 5, 75.0, 87.0, -1
0, 513, 5, 75.0, 88.0, -1
1, 514, 4, 75.0, 86.0, -1
1, 515, 2, 75.0, 87.0, -1
1, 516, 1, 75.0, 88.0, -1
0, 517, 8, 76.0, 87.0, -1
0, 518, 2, 76.0, 88.0, -1
0, 519, 8, 76.0, 88.0, -1
0, 520, 8, 76.0, 88.0, -1
0, 521, 5, 76.0, 88.0, -1
0, 522, 8, 76.0, 88.0, -1
0, 523, 6, 76.0, 88.0, -1
0, 524, 5, 76.0, 88.0, -1
0, 525, 6, 76.0, 88.0, -1
0, 526, 8, 77.0, 89.0, -1
0, 527, 8, 77.0, 89.0, -1
1, 528, 3, 82.0, 93.0, -1
1, 529, 7, 82.0, 93.0, -1
1, 530, 7, 82.0, 93.0, -1
1, 531, 7, 82.0, 93.0, -1
1, 532, 7, 82.0, 94.0, -1
1, 533, 3, 83.0, 94.0, -1
1, 534, 3, 83.0, 95.0, -1
1, 535, 7, 83.0, 95.0, -1
1, 536, 7, 83.0, 95.0, -1
1, 537, 7, 83.0, 95.0, -1
1, 538, 7, 83.0, 95.0, -1
0, 539, 0, 84.0, 96.0, -1
1, 540, 2, 84.0, 95.0, -1
1, 541, 4, 84.0, 95.0, -1
1, 542, 3, 84.0, 95.0, -1
1, 543, 3, 84.0, 95.0, -1
1, 544, 2, 84.0, 95.0, -1
1, 545, 3, 84.0, 96.0, -1
1, 546, 7, 84.0, 96.0, -1
1, 547, 3, 84.0, 96.0, -1
1, 548, 4, 84.0, 96.0, -1
0, 549, 5, 85.0, 96.0, -1
0, 550, 0, 85.0, 96.0, -1
0, 551, 5, 85.0, 96.0, -1
0, 552, 0, 85.0, 97.0, -1
0, 553, 6, 85.0, 97.0, -1
1, 554, 2, 85.0, 96.0, -1
1, 555, 4, 85.0, 96.0, -1
1, 556, 3, 85.0, 96.0, -1
1, 557, 4, 85.0, 97.0, -1
1, 558, 4, 85.0, 97.0, -1
1, 559, 1, 85.0, 97.0, -1
1, 560, 4, 85.0, 97.0, -1
1, 561, 4, 85.0, 98.0, -1
0, 562, 5, 86.0, 97.0, -1
0, 563, 5, 86.0, 97.0, -1
0, 564, 2, 86.0, 98.0, -1
0, 565, 0, 86.0, 98.0, -1
0, 566, 0, 86.0, 98.0, -1
0, 567, 2, 86.0, 98.0, -1
0, 568, 6, 86.0, 98.0, -1
0, 569, 2, 86.0, 98.0, -1
0, 570, 0, 86.0, 98.0, -1
0, 571, 6, 86.0, 99.0, -1
0, 572, 6, 86.0, 99.0, -1
1, 573, 5, 86.0, 97.0, -1
1, 574, 2, 86.0, 97.0, -1
1, 575, 1, 86.0, 97.0, -1
1, 576, 4, 86.0, 97.0, -1
1, 577, 1, 86.0, 98.0, -1
1, 578, 1, 86.0, 99.0, -1
0, 579, 2, 87.0, 98.0, -1
0, 580, 0, 87.0, 99.0, -1
0, 581, 0, 87.0, 99.0, -1
0, 582, 8, 87.0, 99.0, -1
0, 583, 6, 87.0, 99.0, -1
0, 584, 8, 87.0, 99.0, -1
0, 585, 6, 87.0, 99.0, -1
0, 586, 5, 87.0, 99.0, -1
0, 587, 6, 87.0, 99.0, -1
0, 588, 8, 87.0, 99.0, -1
0, 589, 6, 87.0, 101.0, -1
1, 590, 1, 87.0, 98.0, -1
1, 591, 1, 87.0, 98.0, -1
1, 592, 3, 87.0, 99.0, -1
1, 593, 1, 87.0, 99.0, -1
1, 594, 4, 87.0, 99.0, -1
1, 595, 1, 87.0, 99.0, -1
1, 596, 1, 87.0, 99.0, -1
1, 597, 4, 87.0, 100.0, -1
0, 598, 5, 88.0, 99.0, -1
0, 599, 2, 88.0, 100.0, -1
0, 600, 8, 88.0, 100.0, -1
0, 601, 0, 88.0, 100.0, -1
0, 602, 0, 88.0, 100.0, -1
0, 603, 8, 88.0, 100.0, -1
0, 604, 5, 88.0, 101.0, -1
1, 605, 1, 88.0, 99.0, -1
1, 606, 2, 88.0, 100.0, -1
0, 607, 6, 89.0, 101.0, -1
0, 608, 6, 89.0, 101.0, -1
0, 609, 5, 89.0, 101.0, -1
0, 610, 8, 89.0, 101.0, -1
0, 611, 5, 89.0, 101.0, -1
0, 612, 8, 89.0, 101.0, -1
0, 613, 8, 89.0, 101.0, -1
0, 614, 8, 90.0, 138.0, 152.0
0, 615, 8, 90.0, 138.0, 158.0
1, 616, 3, 94.0, 105.0, -1
1, 617, 7, 94.0, 105.0, -1
1, 618, 7, 94.0, 105.0, -1
1, 619, 7, 94.0, 106.0, -1
1, 620, 3, 95.0, 106.0, -1
1, 621, 3, 95.0, 107.0, -1
1, 622, 7, 95.0, 107.0, -1
0, 623, 0, 96.0, 138.0, 158.0
1, 624, 2, 96.0, 107.0, -1
1, 625, 3, 96.0, 107.0, -1
1, 626, 2, 96.0, 107.0, -1
1, 627, 3, 96.0, 107.0, -1
1, 628, 7, 96.0, 108.0, -1
1, 629, 4, 96.0, 108.0, -1
1, 630, 7, 96.0, 108.0, -1
1, 631, 7, 96.0, 108.0, -1
1, 632, 3, 96.0, 108.0, -1
1, 633, 7, 96.0, 108.0, -1
0, 634, 5, 97.0, 137.0, 139.0
0, 635, 5, 97.0, 138.0, 146.0
0, 636, 0, 97.0, 138.0, 143.0
0, 637, 0, 97.0, 138.0, 145.0
0, 638, 5, 97.0, 138.0, 156.0
1, 639, 7, 97.0, 108.0, -1
1, 640, 4, 97.0, 108.0, -1
1, 641, 4, 97.0, 108.0, -1
1, 642, 3, 97.0, 108.0, -1
1, 643, 2, 97.0, 109.0, -1
1, 644, 4, 97.0, 109.0, -1
1, 645, 3, 97.0, 109.0, -1
1, 646, 4, 97.0, 109.0, -1
0, 647, 0, 98.0, 137.0, 152.0
0, 648, 5, 98.0, 137.0, 151.0
0, 649, 2, 98.0, 138.0, 139.0
0, 650, 2, 98.0, 138.0, 142.0
0, 651, 6, 98.0, 138.0, 151.0
0, 652, 0, 98.0, 138.0, 155.0
1, 653, 1, 98.0, 109.0, -1
1, 654, 1, 98.0, 109.0, -1
1, 655, 1, 98.0, 109.0, -1
1, 656, 2, 98.0, 109.0, -1
1, 657, 5, 98.0, 110.0, -1
1, 658, 4, 98.0, 110.0, -1
1, 659, 4, 98.0, 110.0, -1
1, 660, 4, 98.0, 110.0, -1
0, 661, 6, 99.0, 137.0, 150.0
0, 662, 2, 99.0, 137.0, 147.0
0, 663, 0, 99.0, 138.0, 155.0
0, 664, 0, 99.0, 138.0, 158.0
0, 665, 0, 99.0, 138.0, 143.0
0, 666, 2, 99.0, 138.0, 148.0
0, 667, 6, 99.0, 138.0, 141.0
0, 668, 8, 99.0, 138.0, 147.0
1, 669, 1, 99.0, 110.0, -1
1, 670, 1, 99.0, 111.0, -1
1, 671, 3, 100.0, 111.0, -1
1, 672, 2, 100.0, 111.0, -1
1, 673, 1, 100.0, 112.0, -1
1, 674, 4, 100.0, 112.0, -1
1, 675, 1, 100.0, 112.0, -1
1, 676, 1, 100.0, 112.0, -1
1, 677, 1, 100.0, 112.0, -1
1, 678, 4, 100.0, 112.0, -1
1, 679, 1, 100.0, 113.0, -1
0, 680, 8, 101.0, 112.0, -1
0, 681, 8, 101.0, 112.0, -1
0, 682, 0, 101.0, 113.0, -1
0, 683, 5, 101.0, 113.0, -1
0, 684, 8, 101.0, 113.0, -1
0, 685, 0, 101.0, 113.0, -1
0, 686, 6, 101.0, 113.0, -1
0, 687, 6, 101.0, 113.0, -1
0, 688, 5, 101.0, 113.0, -1
0, 689, 6, 101.0, 113.0, -1
0, 690, 6, 101.0, 114.0, -1
0, 691, 6, 101.0, 114.0, -1
0, 692, 5, 101.0, 114.0, -1
0, 693, 2, 102.0, 113.0, -1
0, 694, 8, 102.0, 113.0, -1
0, 695, 8, 102.0, 113.0, -1
0, 696, 5, 102.0, 114.0, -1
0, 697, 8, 102.0, 114.0, -1
0, 698, 6, 102.0, 114.0, -1
0, 699, 5, 102.0, 114.0, -1
0, 700, 6, 102.0, 114.0, -1
0, 701, 8, 102.0, 114.0, -1
1, 702, 3, 106.0, 117.0, -1
1, 703, 7, 106.0, 117.0, -1
1, 704, 7, 106.0, 118.0, -1
1, 705, 3, 106.0, 118.0, -1
1, 706, 7, 107.0, 118.0, -1
1, 707, 2, 108.0, 119.0, -1
1, 708, 2, 108.0, 119.0, -1
1, 709, 3, 108.0, 119.0, -1
1, 710, 7, 108.0, 119.0, -1
1, 711, 7, 108.0, 119.0, -1
1, 712, 3, 108.0, 119.0, -1
1, 713, 7, 108.0, 120.0, -1
1, 714, 3, 108.0, 120.0, -1
1, 715, 4, 108.0, 120.0, -1
1, 716, 7, 109.0, 120.0, -1
1, 717, 2, 109.0, 120.0, -1
1, 718, 3, 109.0, 120.0, -1
1, 719, 3, 109.0, 121.0, -1
1, 720, 4, 109.0, 121.0, -1
1, 721, 4, 109.0, 121.0, -1
1, 722, 7, 109.0, 121.0, -1
1, 723, 7, 109.0, 121.0, -1
1, 724, 4, 109.0, 122.0, -1
1, 725, 2, 110.0, 122.0, -1
1, 726, 1, 110.0, 122.0, -1
1, 727, 3, 110.0, 122.0, -1
1, 728, 1, 110.0, 122.0, -1
1, 729, 5, 110.0, 122.0, -1
1, 730, 4, 110.0, 122.0, -1
1, 731, 1, 110.0, 122.0, -1
1, 732, 4, 110.0, 122.0, -1
1, 733, 4, 111.0, 123.0, -1
1, 734, 4, 111.0, 123.0, -1
1, 735, 1, 111.0, 124.0, -1
1, 736, 1, 111.0, 124.0, -1
1, 737, 2, 112.0, 123.0, -1
1, 738, 1, 112.0, 124.0, -1
1, 739, 3, 112.0, 124.0, -1
1, 740, 1, 112.0, 124.0, -1
1, 741, 4, 112.0, 124.0, -1
0, 742, 0, 113.0, 125.0, -1
0, 743, 5, 113.0, 125.0, -1
0, 744, 8, 113.0, 125.0, -1
0, 745, 8, 113.0, 125.0, -1
1, 746, 1, 113.0, 151.0, 172.0
1, 747, 1, 113.0, 152.0, 166.0
1, 748, 4, 113.0, 152.0, 174.0
0, 749, 6, 114.0, 124.0, -1
0, 750, 0, 114.0, 125.0, -1
0, 751, 8, 114.0, 125.0, -1
0, 752, 2, 114.0, 125.0, -1
0, 753, 5, 114.0, 125.0, -1
0, 754, 8, 114.0, 125.0, -1
0, 755, 6, 114.0, 125.0, -1
0, 756, 5, 114.0, 126.0, -1
0, 757, 8, 114.0, 126.0, -1
0, 758, 6, 114.0, 126.0, -1
0, 759, 6, 114.0, 126.0, -1
0, 760, 6, 114.0, 126.0, -1
0, 761, 8, 114.0, 126.0, -1
1, 762, 1, 114.0, 152.0, 159.0
0, 763, 6, 115.0, 126.0, -1
0, 764, 5, 115.0, 127.0, -1
0, 765, 8, 115.0, 127.0, -1
0, 766, 6, 115.0, 127.0, -1
0, 767, 5, 115.0, 127.0, -1
1, 768, 3, 118.0, 151.0, 159.0
1, 769, 7, 118.0, 151.0, 152.0
1, 770, 7, 118.0, 151.0, 156.0
1, 771, 7, 118.0, 151.0, 167.0
1, 772, 2, 119.0, 151.0, 167.0
1, 773, 3, 119.0, 152.0, 166.0
1, 774, 7, 120.0, 151.0, 156.0
1, 775, 7, 120.0, 151.0, 167.0
1, 776, 2, 120.0, 151.0, 153.0
1, 777, 3, 120.0, 152.0, 170.0
1, 778, 3, 120.0, 152.0, 166.0
1, 779, 4, 121.0, 151.0, 176.0
1, 780, 7, 121.0, 151.0, 162.0
1, 781, 2, 121.0, 151.0, 171.0
1, 782, 3, 121.0, 152.0, 155.0
1, 783, 3, 121.0, 152.0, 157.0
1, 784, 7, 121.0, 152.0, 160.0
1, 785, 3, 121.0, 153.0, 162.0
1, 786, 4, 122.0, 134.0, -1
1, 787, 4, 122.0, 134.0, -1
1, 788, 4, 123.0, 134.0, -1
1, 789, 1, 123.0, 135.0, -1
1, 790, 4, 123.0, 135.0, -1
1, 791, 4, 123.0, 135.0, -1
1, 792, 4, 123.0, 136.0, -1
1, 793, 7, 124.0, 135.0, -1
1, 794, 5, 124.0, 135.0, -1
1, 795, 3, 124.0, 135.0, -1
1, 796, 7, 124.0, 135.0, -1
1, 797, 1, 124.0, 135.0, -1
1, 798, 2, 124.0, 135.0, -1
1, 799, 4, 124.0, 135.0, -1
1, 800, 1, 124.0, 135.0, -1
1, 801, 1, 124.0, 135.0, -1
1, 802, 1, 124.0, 136.0, -1
1, 803, 2, 124.0, 136.0, -1
1, 804, 3, 124.0, 137.0, -1
0, 805, 0, 125.0, 136.0, -1
0, 806, 8, 125.0, 136.0, -1
0, 807, 5, 125.0, 137.0, -1
0, 808, 0, 125.0, 137.0, -1
0, 809, 6, 125.0, 137.0, -1
1, 810, 1, 125.0, 137.0, -1
1, 811, 1, 125.0, 137.0, -1
1, 812, 4, 125.0, 138.0, -1
0, 813, 8, 126.0, 138.0, -1
1, 814, 5, 126.0, 136.0, -1
1, 815, 6, 126.0, 136.0, -1
1, 816, 6, 126.0, 137.0, -1
1, 817, 6, 126.0, 137.0, -1
1, 818, 8, 126.0, 137.0, -1
1, 819, 5, 126.0, 137.0, -1
1, 820, 8, 126.0, 138.0, -1
1, 821, 8, 126.0, 138.0, -1
1, 822, 2, 126.0, 138.0, -1
1, 823, 6, 127.0, 138.0, -1
1, 824, 6, 127.0, 138.0, -1
1, 825, 8, 127.0, 138.0, -1
1, 826, 5, 127.0, 138.0, -1
0, 827, 5, 128.0, 137.0, 139.0
0, 828, 6, 128.0, 138.0, 148.0
0, 829, 8, 129.0, 138.0, 147.0
0, 830, 4, 134.0, 144.0, 156.0
0, 831, 4, 134.0, 147.0, 169.0
0, 832, 5, 135.0, 138.0, 146.0
0, 833, 3, 135.0, 144.0, 155.0
0, 834, 1, 135.0, 144.0, 156.0
0, 835, 4, 135.0, 147.0, 168.0
0, 836, 7, 135.0, 151.0, 179.0
0, 837, 4, 136.0, 139.0, 142.0
0, 838, 1, 136.0, 140.0, 146.0
0, 839, 2, 136.0, 143.0, 151.0
0, 840, 0, 136.0, 143.0, 152.0
0, 841, 7, 136.0, 143.0, 151.0
0, 842, 4, 136.0, 144.0, 152.0
0, 843, 4, 136.0, 149.0, 171.0
1, 844, 4, 136.0, 151.0, 171.0
1, 845, 1, 136.0, 151.0, 162.0
1, 846, 1, 136.0, 177.0, 168.0
1, 847, 1, 136.0, 180.0, 161.0
0, 848, 5, 137.0, 144.0, 152.0
0, 849, 6, 137.0, 144.0, 155.0
0, 850, 8, 137.0, 146.0, 159.0
0, 851, 0, 137.0, 147.0, 162.0
1, 852, 1, 137.0, 149.0, -1
0, 853, 8, 138.0, 145.0, 157.0
1, 854, 6, 138.0, 149.0, -1
1, 855, 6, 138.0, 150.0, -1
1, 856, 8, 138.0, 150.0, -1
1, 857, 8, 138.0, 150.0, -1
1, 858, 2, 138.0, 150.0, -1
1, 859, 5, 138.0, 150.0, -1
1, 860, 8, 138.0, 150.0, -1
1, 861, 2, 138.0, 150.0, -1
1, 862, 6, 138.0, 150.0, -1
1, 863, 1, 138.0, 151.0, -1
1, 864, 4, 138.0, 152.0, -1
0, 865, 5, 139.0, 143.0, 151.0
0, 866, 5, 139.0, 143.0, 150.0
0, 867, 2, 139.0, 155.0, 178.0
1, 868, 6, 139.0, 151.0, -1
1, 869, 5, 139.0, 151.0, -1
1, 870, 5, 139.0, 151.0, -1
1, 871, 6, 139.0, 151.0, -1
1, 872, 8, 139.0, 151.0, -1
0, 873, 6, 141.0, 150.0, 165.0
1, 874, 3, 141.0, 151.0, 185.0
0, 875, 4, 142.0, 149.0, 156.0
0, 876, 2, 143.0, 146.0, 150.0
0, 877, 0, 143.0, 150.0, 156.0
0, 878, 0, 143.0, 152.0, 162.0
0, 879, 0, 145.0, 148.0, 155.0
0, 880, 5, 147.0, 150.0, 151.0
0, 881, 8, 147.0, 159.0, 175.0
0, 882, 1, 147.0, 160.0, 178.0
0, 883, 2, 147.0, 168.0, 201.0
0, 884, 5, 147.0, 194.0, 261.0
0, 885, 6, 148.0, 151.0, 155.0
0, 886, 8, 148.0, 158.0, 169.0
0, 887, 2, 149.0, 162.0, 181.0
0, 888, 6, 150.0, 160.0, 173.0
0, 889, 5, 150.0, 164.0, 185.0
1, 890, 1, 150.0, 152.0, 171.0
1, 891, 5, 150.0, 153.0, 166.0
1, 892, 8, 150.0, 154.0, 165.0
1, 893, 2, 150.0, 157.0, 184.0
1, 894, 8, 150.0, 157.0, 160.0
1, 895, 6, 150.0, 158.0, 162.0
1, 896, 6, 150.0, 160.0, 170.0
0, 897, 7, 151.0, 158.0, 169.0
0, 898, 2, 151.0, 159.0, 167.0
0, 899, 2, 151.0, 167.0, 197.0
1, 900, 6, 151.0, 154.0, 168.0
1, 901, 2, 151.0, 157.0, 167.0
1, 902, 6, 151.0, 158.0, 167.0
1, 903, 1, 151.0, 159.0, 175.0
1, 904, 5, 151.0, 161.0, 180.0
1, 905, 8, 151.0, 165.0, 156.0
0, 906, 5, 152.0, 157.0, 165.0
0, 907, 0, 152.0, 159.0, 165.0
0, 908, 4, 152.0, 163.0, 175.0
0, 909, 6, 152.0, 165.0, 183.0
0, 910, 0, 152.0, 165.0, 185.0
0, 911, 5, 152.0, 169.0, 193.0
0, 912, 5, 152.0, 172.0, 198.0
0, 913, 5, 152.0, 174.0, 203.0
1, 914, 5, 152.0, 159.0, 173.0
1, 915, 8, 152.0, 161.0, 163.0
1, 916, 6, 152.0, 162.0, 172.0
0, 917, 8, 153.0, 162.0, 175.0
1, 918, 7, 153.0, 155.0, 163.0
1, 919, 4, 153.0, 162.0, 192.0
1, 920, 2, 153.0, 169.0, 178.0
0, 921, 0, 155.0, 158.0, 161.0
0, 922, 6, 155.0, 159.0, 167.0
0, 923, 6, 155.0, 170.0, 193.0
0, 924, 0, 155.0, 174.0, 202.0
1, 925, 3, 155.0, 156.0, 170.0
0, 926, 1, 156.0, 163.0, 174.0
0, 927, 4, 156.0, 167.0, 183.0
0, 928, 3, 156.0, 170.0, 192.0
0, 929, 0, 156.0, 173.0, 194.0
0, 930, 0, 156.0, 189.0, 245.0
0, 931, 4, 156.0, 197.0, 265.0
1, 932, 7, 156.0, 162.0, 175.0
1, 933, 7, 156.0, 163.0, 163.0
0, 934, 5, 157.0, 161.0, 168.0
1, 935, 8, 157.0, 159.0, 170.0
1, 936, 3, 157.0, 165.0, 168.0
0, 937, 8, 158.0, 161.0, 166.0
0, 938, 8, 158.0, 165.0, 173.0
0, 939, 0, 158.0, 166.0, 175.0
0, 940, 0, 158.0, 167.0, 175.0
1, 941, 3, 159.0, 160.0, 191.0
1, 942, 1, 159.0, 164.0, 270.0
0, 943, 8, 160.0, 163.0, 168.0
1, 944, 8, 160.0, 202.0, 165.0
0, 945, 0, 161.0, 164.0, 172.0
1, 946, 7, 161.0, 172.0, 188.0
0, 947, 0, 162.0, 177.0, 195.0
1, 948, 1, 162.0, 163.0, 211.0
1, 949, 6, 162.0, 165.0, 194.0
1, 950, 3, 162.0, 171.0, 194.0
1, 951, 7, 162.0, 173.0, 182.0
1, 952, 1, 162.0, 183.0, 169.0
0, 953, 0, 163.0, 186.0, 221.0
1, 954, 8, 163.0, 174.0, 177.0
1, 955, 7, 163.0, 175.0, 185.0
1, 956, 7, 164.0, 173.0, 201.0
0, 957, 5, 165.0, 168.0, 170.0
0, 958, 6, 165.0, 202.0, 257.0
1, 959, 8, 165.0, 170.0, 183.0
1, 960, 8, 165.0, 179.0, 175.0
0, 961, 0, 166.0, 173.0, 182.0
0, 962, 8, 166.0, 174.0, 184.0
1, 963, 5, 166.0, 169.0, 203.0
1, 964, 3, 166.0, 172.0, 203.0
1, 965, 3, 166.0, 179.0, 211.0
1, 966, 1, 166.0, 181.0, 180.0
0, 967, 2, 167.0, 171.0, 178.0
1, 968, 7, 167.0, 173.0, 198.0
1, 969, 6, 167.0, 177.0, 205.0
1, 970, 7, 167.0, 179.0, 189.0
1, 971, 2, 167.0, 183.0, 216.0
1, 972, 2, 167.0, 187.0, 191.0
0, 973, 6, 168.0, 180.0, 199.0
1, 974, 5, 168.0, 171.0, 220.0
1, 975, 3, 168.0, 172.0, 254.0
1, 976, 1, 168.0, 177.0, 173.0
1, 977, 6, 168.0, 182.0, 180.0
1, 978, 1, 169.0, 179.0, 207.0
1, 979, 4, 169.0, 183.0, 282.0
1, 980, 8, 169.0, 189.0, 201.0
1, 981, 7, 169.0, 203.0, 193.0
1, 982, 8, 170.0, 177.0, 185.0
1, 983, 3, 170.0, 186.0, 179.0
1, 984, 8, 170.0, 209.0, 187.0
1, 985, 4, 171.0, 173.0, 188.0
1, 986, 6, 171.0, 174.0, 180.0
1, 987, 1, 171.0, 174.0, 205.0
1, 988, 4, 171.0, 175.0, 240.0
1, 989, 5, 171.0, 177.0, 179.0
1, 990, 4, 171.0, 178.0, 182.0
1, 991, 3, 171.0, 179.0, 187.0
1, 992, 0, 172.0, 175.0, 189.0
1, 993, 2, 172.0, 185.0, 178.0
1, 994, 6, 172.0, 197.0, 265.0
1, 995, 1, 172.0, 209.0, 191.0
1, 996, 8, 173.0, 176.0, 191.0
1, 997, 6, 173.0, 179.0, 182.0
1, 998, 5, 173.0, 179.0, 206.0
1, 999, 1, 174.0, 186.0, 178.0
