1, 0, 4, 9.0, 53.0, -1
1, 1, 4, 9.0, 54.0, -1
1, 2, 4, 9.0, 55.0, -1
1, 3, 4, 9.0, 55.0, -1
1, 4, 4, 9.0, 55.0, -1
1, 5, 4, 9.0, 55.0, -1
1, 6, 4, 9.0, 56.0, -1
1, 7, 4, 9.0, 56.0, -1
1, 8, 4, 9.0, 56.0, -1
1, 9, 4, 9.0, 56.0, -1
1, 10, 1, 10.0, 52.0, -1
1, 11, 1, 10.0, 53.0, -1
1, 12, 1, 10.0, 53.0, -1
1, 13, 1, 10.0, 53.0, -1
1, 14, 6, 10.0, 54.0, -1
1, 15, 1, 10.0, 54.0, -1
1, 16, 6, 10.0, 54.0, -1
1, 17, 6, 10.0, 54.0, -1
1, 18, 1, 10.0, 54.0, -1
1, 19, 1, 10.0, 54.0, -1
1, 20, 2, 10.0, 54.0, -1
1, 21, 6, 10.0, 55.0, -1
1, 22, 1, 10.0, 55.0, -1
1, 23, 2, 10.0, 55.0, -1
1, 24, 2, 10.0, 55.0, -1
1, 25, 1, 10.0, 56.0, -1
1, 26, 2, 10.0, 56.0, -1
1, 27, 6, 10.0, 56.0, -1
1, 28, 2, 10.0, 56.0, -1
1, 29, 6, 10.0, 56.0, -1
1, 30, 2, 10.0, 56.0, -1
1, 31, 6, 10.0, 56.0, -1
1, 32, 6, 10.0, 56.0, -1
1, 33, 6, 10.0, 56.0, -1
1, 34, 2, 10.0, 57.0, -1
1, 35, 6, 10.0, 57.0, -1
1, 36, 2, 10.0, 57.0, -1
1, 37, 2, 10.0, 57.0, -1
1, 38, 2, 10.0, 58.0, -1
1, 39, 3, 11.0, 53.0, -1
1, 40, 3, 11.0, 53.0, -1
1, 41, 3, 11.0, 55.0, -1
1, 42, 3, 11.0, 55.0, -1
1, 43, 3, 11.0, 55.0, -1
1, 44, 7, 11.0, 56.0, -1
1, 45, 7, 11.0, 56.0, -1
1, 46, 3, 11.0, 56.0, -1
1, 47, 7, 11.0, 56.0, -1
1, 48, 5, 11.0, 56.0, -1
1, 49, 5, 11.0, 57.0, -1
1, 50, 7, 11.0, 57.0, -1
1, 51, 7, 11.0, 57.0, -1
1, 52, 3, 11.0, 57.0, -1
1, 53, 5, 11.0, 58.0, -1
1, 54, 3, 11.0, 58.0, -1
1, 55, 3, 11.0, 58.0, -1
1, 56, 7, 11.0, 58.0, -1
1, 57, 7, 11.0, 58.0, -1
1, 58, 5, 11.0, 58.0, -1
1, 59, 7, 11.0, 58.0, -1
1, 60, 7, 11.0, 59.0, -1
1, 61, 5, 11.0, 59.0, -1
1, 62, 7, 11.0, 62.0, -1
1, 63, 0, 12.0, 54.0, -1
1, 64, 0, 12.0, 55.0, -1
1, 65, 8, 12.0, 56.0, -1
1, 66, 5, 12.0, 57.0, -1
1, 67, 8, 12.0, 57.0, -1
1, 68, 8, 12.0, 57.0, -1
1, 69, 8, 12.0, 57.0, -1
1, 70, 0, 12.0, 57.0, -1
1, 71, 8, 12.0, 57.0, -1
1, 72, 5, 12.0, 57.0, -1
1, 73, 8, 12.0, 58.0, -1
1, 74, 0, 12.0, 58.0, -1
1, 75, 8, 12.0, 58.0, -1
1, 76, 0, 12.0, 58.0, -1
1, 77, 5, 12.0, 58.0, -1
1, 78, 8, 12.0, 58.0, -1
1, 79, 8, 12.0, 58.0, -1
1, 80, 8, 12.0, 58.0, -1
1, 81, 5, 12.0, 59.0, -1
1, 82, 5, 12.0, 59.0, -1
1, 83, 0, 13.0, 57.0, -1
1, 84, 0, 13.0, 57.0, -1
1, 85, 0, 13.0, 59.0, -1
1, 86, 0, 13.0, 59.0, -1
1, 87, 0, 13.0, 60.0, -1
1, 88, 1, 53.0, 95.0, -1
1, 89, 1, 54.0, 96.0, -1
1, 90, 1, 54.0, 97.0, -1
1, 91, 3, 54.0, 98.0, -1
1, 92, 3, 54.0, 98.0, -1
1, 93, 1, 54.0, 100.0, -1
1, 94, 4, 54.0, 100.0, -1
1, 95, 1, 55.0, 95.0, -1
1, 96, 0, 55.0, 97.0, -1
1, 97, 1, 55.0, 98.0, -1
1, 98, 0, 55.0, 98.0, -1
1, 99, 6, 55.0, 98.0, -1
1, 100, 4, 55.0, 98.0, -1
1, 101, 4, 55.0, 99.0, -1
1, 102, 6, 55.0, 101.0, -1
1, 103, 4, 55.0, 101.0, -1
1, 104, 1, 55.0, 102.0, -1
1, 105, 2, 55.0, 102.0, -1
1, 106, 6, 55.0, 103.0, -1
1, 107, 1, 56.0, 97.0, -1
1, 108, 4, 56.0, 98.0, -1
1, 109, 7, 56.0, 99.0, -1
1, 110, 3, 56.0, 99.0, -1
1, 111, 2, 56.0, 99.0, -1
1, 112, 2, 56.0, 99.0, -1
1, 113, 1, 56.0, 99.0, -1
1, 114, 6, 56.0, 100.0, -1
1, 115, 2, 56.0, 100.0, -1
1, 116, 3, 56.0, 101.0, -1
1, 117, 7, 56.0, 101.0, -1
1, 118, 4, 56.0, 101.0, -1
1, 119, 4, 56.0, 101.0, -1
1, 120, 4, 56.0, 101.0, -1
1, 121, 6, 56.0, 101.0, -1
1, 122, 3, 56.0, 102.0, -1
1, 123, 2, 56.0, 103.0, -1
1, 124, 6, 57.0, 99.0, -1
1, 125, 6, 57.0, 101.0, -1
1, 126, 5, 57.0, 101.0, -1
1, 127, 2, 57.0, 101.0, -1
1, 128, 2, 57.0, 102.0, -1
1, 129, 4, 57.0, 102.0, -1
1, 130, 8, 57.0, 102.0, -1
1, 131, 7, 57.0, 103.0, -1
1, 132, 4, 57.0, 103.0, -1
1, 133, 5, 57.0, 103.0, -1
1, 134, 6, 57.0, 103.0, -1
1, 135, 3, 57.0, 104.0, -1
1, 136, 6, 57.0, 104.0, -1
1, 137, 6, 58.0, 99.0, -1
1, 138, 8, 58.0, 100.0, -1
1, 139, 8, 58.0, 100.0, -1
1, 140, 0, 58.0, 100.0, -1
1, 141, 2, 58.0, 101.0, -1
1, 142, 8, 58.0, 101.0, -1
1, 143, 0, 58.0, 101.0, -1
1, 144, 3, 58.0, 102.0, -1
1, 145, 5, 58.0, 103.0, -1
1, 146, 8, 58.0, 103.0, -1
1, 147, 5, 58.0, 103.0, -1
1, 148, 0, 58.0, 103.0, -1
1, 149, 2, 58.0, 103.0, -1
1, 150, 7, 58.0, 103.0, -1
1, 151, 5, 58.0, 103.0, -1
1, 152, 8, 58.0, 104.0, -1
1, 153, 7, 58.0, 105.0, -1
1, 154, 5, 59.0, 102.0, -1
1, 155, 0, 59.0, 102.0, -1
1, 156, 0, 59.0, 102.0, -1
1, 157, 8, 59.0, 103.0, -1
1, 158, 8, 59.0, 103.0, -1
1, 159, 5, 59.0, 103.0, -1
1, 160, 2, 59.0, 104.0, -1
1, 161, 7, 59.0, 104.0, -1
1, 162, 3, 59.0, 104.0, -1
1, 163, 5, 59.0, 104.0, -1
1, 164, 7, 59.0, 104.0, -1
1, 165, 3, 59.0, 105.0, -1
1, 166, 8, 59.0, 105.0, -1
1, 167, 7, 59.0, 106.0, -1
1, 168, 7, 59.0, 107.0, -1
1, 169, 8, 59.0, 109.0, -1
1, 170, 0, 60.0, 102.0, -1
1, 171, 0, 60.0, 102.0, -1
1, 172, 5, 60.0, 105.0, -1
1, 173, 5, 60.0, 107.0, -1
1, 174, 0, 61.0, 105.0, -1
1, 175, 7, 63.0, 107.0, -1
1, 176, 1, 95.0, 141.0, -1
1, 177, 1, 96.0, 138.0, -1
1, 178, 0, 97.0, 141.0, -1
1, 179, 1, 97.0, 141.0, -1
1, 180, 1, 98.0, 138.0, -1
1, 181, 1, 98.0, 141.0, -1
1, 182, 0, 98.0, 141.0, -1
1, 183, 3, 98.0, 142.0, -1
1, 184, 1, 98.0, 142.0, -1
1, 185, 4, 99.0, 141.0, -1
1, 186, 6, 99.0, 142.0, -1
1, 187, 3, 99.0, 143.0, -1
1, 188, 7, 99.0, 143.0, -1
1, 189, 4, 99.0, 143.0, -1
1, 190, 3, 99.0, 145.0, -1
1, 191, 8, 100.0, 142.0, -1
1, 192, 1, 100.0, 143.0, -1
1, 193, 1, 100.0, 144.0, -1
1, 194, 6, 100.0, 145.0, -1
1, 195, 2, 100.0, 145.0, -1
1, 196, 6, 100.0, 145.0, -1
1, 197, 8, 100.0, 145.0, -1
1, 198, 4, 100.0, 146.0, -1
1, 199, 2, 100.0, 147.0, -1
1, 200, 6, 100.0, 147.0, -1
1, 201, 0, 101.0, 143.0, -1
1, 202, 7, 101.0, 143.0, -1
1, 203, 6, 101.0, 143.0, -1
1, 204, 2, 101.0, 144.0, -1
1, 205, 5, 101.0, 145.0, -1
1, 206, 4, 101.0, 145.0, -1
1, 207, 3, 101.0, 145.0, -1
1, 208, 6, 101.0, 145.0, -1
1, 209, 2, 101.0, 145.0, -1
1, 210, 4, 101.0, 146.0, -1
1, 211, 4, 101.0, 147.0, -1
1, 212, 0, 102.0, 145.0, -1
1, 213, 0, 102.0, 145.0, -1
1, 214, 1, 102.0, 146.0, -1
1, 215, 3, 102.0, 146.0, -1
1, 216, 6, 102.0, 146.0, -1
1, 217, 4, 102.0, 146.0, -1
1, 218, 4, 102.0, 146.0, -1
1, 219, 5, 102.0, 147.0, -1
1, 220, 2, 102.0, 147.0, -1
1, 221, 2, 102.0, 147.0, -1
1, 222, 3, 102.0, 148.0, -1
1, 223, 8, 102.0, 148.0, -1
1, 224, 8, 103.0, 144.0, -1
1, 225, 8, 103.0, 144.0, -1
1, 226, 2, 103.0, 145.0, -1
1, 227, 0, 103.0, 145.0, -1
1, 228, 0, 103.0, 145.0, -1
1, 229, 0, 103.0, 146.0, -1
1, 230, 7, 103.0, 146.0, -1
1, 231, 4, 103.0, 146.0, -1
1, 232, 8, 103.0, 147.0, -1
1, 233, 2, 103.0, 147.0, -1
1, 234, 5, 103.0, 147.0, -1
1, 235, 0, 103.0, 148.0, -1
1, 236, 2, 103.0, 148.0, -1
1, 237, 5, 103.0, 148.0, -1
1, 238, 6, 103.0, 151.0, -1
1, 239, 6, 104.0, 146.0, -1
1, 240, 3, 104.0, 147.0, -1
1, 241, 5, 104.0, 147.0, -1
1, 242, 8, 104.0, 148.0, -1
1, 243, 5, 104.0, 148.0, -1
1, 244, 6, 104.0, 149.0, -1
1, 245, 4, 104.0, 149.0, -1
1, 246, 2, 104.0, 149.0, -1
1, 247, 3, 104.0, 149.0, -1
1, 248, 5, 104.0, 149.0, -1
1, 249, 7, 104.0, 150.0, -1
1, 250, 8, 104.0, 150.0, -1
1, 251, 7, 104.0, 150.0, -1
1, 252, 3, 105.0, 149.0, -1
1, 253, 5, 105.0, 149.0, -1
1, 254, 7, 105.0, 150.0, -1
1, 255, 8, 106.0, 151.0, -1
1, 256, 0, 106.0, 152.0, -1
1, 257, 5, 106.0, 153.0, -1
1, 258, 7, 106.0, 153.0, -1
1, 259, 7, 107.0, 150.0, -1
1, 260, 7, 107.0, 151.0, -1
1, 261, 5, 107.0, 152.0, -1
1, 262, 7, 108.0, 156.0, -1
1, 263, 8, 109.0, 155.0, -1
1, 264, 1, 138.0, 182.0, -1
1, 265, 1, 139.0, 182.0, -1
1, 266, 1, 141.0, 185.0, -1
1, 267, 0, 141.0, 186.0, -1
1, 268, 4, 141.0, 186.0, -1
1, 269, 1, 141.0, 186.0, -1
1, 270, 0, 141.0, 186.0, -1
1, 271, 1, 141.0, 187.0, -1
1, 272, 1, 142.0, 184.0, -1
1, 273, 6, 142.0, 185.0, -1
1, 274, 3, 142.0, 190.0, -1
1, 275, 3, 143.0, 185.0, -1
1, 276, 0, 143.0, 186.0, -1
1, 277, 7, 143.0, 187.0, -1
1, 278, 8, 143.0, 188.0, -1
1, 279, 7, 143.0, 188.0, -1
1, 280, 1, 143.0, 188.0, -1
1, 281, 4, 143.0, 189.0, -1
1, 282, 1, 144.0, 189.0, -1
1, 283, 8, 144.0, 189.0, -1
1, 284, 6, 144.0, 190.0, -1
1, 285, 8, 144.0, 190.0, -1
1, 286, 0, 145.0, 187.0, -1
1, 287, 6, 145.0, 187.0, -1
1, 288, 0, 145.0, 189.0, -1
1, 289, 4, 145.0, 191.0, -1
1, 290, 5, 145.0, 191.0, -1
1, 291, 3, 145.0, 192.0, -1
1, 292, 6, 145.0, 193.0, -1
1, 293, 8, 145.0, 193.0, -1
1, 294, 6, 145.0, 194.0, -1
1, 295, 2, 145.0, 194.0, -1
1, 296, 2, 145.0, 194.0, -1
1, 297, 2, 145.0, 195.0, -1
1, 298, 2, 146.0, 192.0, -1
1, 299, 0, 146.0, 193.0, -1
0, 300, 4, 147.0, 190.0, -1
0, 301, 4, 147.0, 190.0, -1
0, 302, 4, 147.0, 190.0, -1
0, 303, 5, 147.0, 190.0, -1
0, 304, 3, 147.0, 193.0, -1
1, 305, 5, 148.0, 195.0, 198.0
1, 306, 4, 148.0, 195.0, 201.0
1, 307, 1, 148.0, 195.0, 202.0
1, 308, 2, 148.0, 194.0, 203.0
1, 309, 0, 148.0, 195.0, 205.0
1, 310, 0, 148.0, 195.0, 207.0
1, 311, 8, 148.0, 195.0, 210.0
1, 312, 7, 148.0, 194.0, 210.0
1, 313, 6, 148.0, 195.0, 214.0
1, 314, 8, 148.0, 195.0, 216.0
1, 315, 3, 148.0, 195.0, 227.0
1, 316, 2, 148.0, 194.0, 229.0
1, 317, 6, 148.0, 195.0, 230.0
1, 318, 2, 148.0, 194.0, 233.0
1, 319, 3, 148.0, 195.0, 235.0
1, 320, 0, 148.0, 195.0, 243.0
1, 321, 3, 148.0, 194.0, 252.0
0, 322, 6, 148.0, 191.0, -1
0, 323, 2, 148.0, 193.0, -1
0, 324, 8, 148.0, 194.0, -1
0, 325, 2, 148.0, 194.0, -1
0, 326, 5, 148.0, 194.0, -1
1, 327, 5, 149.0, 195.0, 199.0
1, 328, 4, 149.0, 195.0, 201.0
1, 329, 4, 149.0, 195.0, 206.0
1, 330, 4, 149.0, 195.0, 207.0
1, 331, 5, 149.0, 195.0, 207.0
1, 332, 3, 149.0, 195.0, 209.0
1, 333, 3, 149.0, 194.0, 209.0
1, 334, 5, 149.0, 195.0, 210.0
1, 335, 6, 149.0, 195.0, 212.0
1, 336, 2, 149.0, 195.0, 251.0
1, 337, 7, 150.0, 195.0, 208.0
1, 338, 7, 150.0, 194.0, 211.0
1, 339, 7, 150.0, 194.0, 211.0
1, 340, 8, 150.0, 195.0, 234.0
1, 341, 5, 150.0, 195.0, 240.0
1, 342, 7, 151.0, 195.0, 226.0
1, 343, 8, 151.0, 195.0, 244.0
1, 344, 0, 152.0, 195.0, 203.0
1, 345, 7, 152.0, 195.0, 227.0
1, 346, 6, 152.0, 195.0, 229.0
1, 347, 5, 152.0, 203.0, 292.0
1, 348, 7, 153.0, 195.0, 211.0
1, 349, 5, 153.0, 195.0, 212.0
1, 350, 8, 155.0, 195.0, 200.0
1, 351, 7, 156.0, 194.0, 209.0
1, 352, 1, 182.0, 200.0, 227.0
1, 353, 1, 182.0, 219.0, 282.0
1, 354, 1, 185.0, 195.0, 197.0
1, 355, 1, 185.0, 195.0, 205.0
1, 356, 6, 185.0, 203.0, 229.0
1, 357, 4, 187.0, 195.0, 201.0
1, 358, 0, 187.0, 200.0, 217.0
1, 359, 0, 187.0, 204.0, 229.0
1, 360, 0, 187.0, 209.0, 242.0
1, 361, 3, 187.0, 220.0, 270.0
1, 362, 1, 187.0, 232.0, 308.0
1, 363, 0, 188.0, 194.0, 197.0
1, 364, 6, 188.0, 200.0, 215.0
1, 365, 1, 188.0, 202.0, 224.0
1, 366, 7, 188.0, 211.0, 246.0
1, 367, 8, 188.0, 212.0, 249.0
1, 368, 7, 189.0, 194.0, 196.0
1, 369, 1, 189.0, 196.0, 202.0
1, 370, 1, 190.0, 197.0, 202.0
1, 371, 8, 190.0, 196.0, 202.0
1, 372, 0, 190.0, 199.0, 210.0
1, 373, 4, 190.0, 200.0, 215.0
1, 374, 4, 190.0, 203.0, 221.0
1, 375, 4, 191.0, 194.0, 198.0
1, 376, 5, 191.0, 198.0, 211.0
1, 377, 4, 191.0, 198.0, 211.0
1, 378, 4, 191.0, 201.0, 217.0
1, 379, 8, 191.0, 203.0, 220.0
1, 380, 3, 191.0, 218.0, 264.0
1, 381, 6, 191.0, 220.0, 266.0
1, 382, 6, 192.0, 199.0, 208.0
1, 383, 5, 192.0, 210.0, 236.0
1, 384, 2, 193.0, 201.0, 215.0
1, 385, 2, 193.0, 202.0, 215.0
1, 386, 3, 193.0, 210.0, 236.0
1, 387, 6, 193.0, 225.0, 277.0
1, 388, 3, 194.0, 197.0, 198.0
1, 389, 8, 194.0, 201.0, 213.0
1, 390, 0, 194.0, 208.0, 226.0
1, 391, 2, 195.0, 204.0, 212.0
1, 392, 2, 195.0, 204.0, 214.0
1, 393, 2, 195.0, 205.0, 217.0
1, 394, 5, 195.0, 211.0, 237.0
1, 395, 8, 195.0, 213.0, 240.0
1, 396, 2, 195.0, 216.0, 251.0
1, 397, 6, 195.0, 216.0, 252.0
1, 398, 1, 197.0, 204.0, 213.0
1, 399, 7, 197.0, 216.0, 246.0
1, 400, 0, 198.0, 219.0, 250.0
1, 401, 5, 198.0, 223.0, 266.0
1, 402, 5, 199.0, 202.0, 211.0
1, 403, 3, 199.0, 206.0, 220.0
1, 404, 4, 199.0, 209.0, 224.0
1, 405, 8, 201.0, 227.0, 267.0
1, 406, 1, 202.0, 209.0, 217.0
1, 407, 4, 202.0, 210.0, 223.0
1, 408, 4, 202.0, 248.0, 319.0
1, 409, 4, 202.0, 273.0, 388.0
1, 410, 1, 203.0, 206.0, 211.0
1, 411, 2, 203.0, 206.0, 212.0
1, 412, 1, 203.0, 210.0, 217.0
1, 413, 8, 203.0, 210.0, 217.0
1, 414, 0, 204.0, 207.0, 214.0
1, 415, 1, 205.0, 231.0, 272.0
1, 416, 0, 205.0, 231.0, 273.0
1, 417, 4, 207.0, 215.0, 226.0
1, 418, 4, 207.0, 240.0, 290.0
1, 419, 0, 208.0, 211.0, 213.0
1, 420, 5, 208.0, 215.0, 228.0
1, 421, 7, 209.0, 212.0, 221.0
1, 422, 6, 209.0, 213.0, 221.0
1, 423, 3, 209.0, 224.0, 245.0
1, 424, 3, 210.0, 217.0, 229.0
1, 425, 5, 210.0, 222.0, 247.0
1, 426, 7, 210.0, 227.0, 254.0
1, 427, 8, 211.0, 215.0, 216.0
1, 428, 7, 211.0, 224.0, 236.0
1, 429, 7, 211.0, 223.0, 238.0
1, 430, 5, 211.0, 226.0, 249.0
1, 431, 0, 211.0, 236.0, 272.0
1, 432, 5, 211.0, 238.0, 281.0
1, 433, 1, 212.0, 215.0, 221.0
1, 434, 6, 212.0, 216.0, 221.0
1, 435, 7, 212.0, 222.0, 232.0
1, 436, 2, 212.0, 219.0, 233.0
1, 437, 2, 212.0, 220.0, 234.0
1, 438, 7, 212.0, 222.0, 235.0
1, 439, 4, 212.0, 239.0, 279.0
1, 440, 5, 213.0, 218.0, 222.0
1, 441, 0, 213.0, 216.0, 225.0
1, 442, 1, 213.0, 220.0, 229.0
1, 443, 8, 214.0, 217.0, 220.0
1, 444, 6, 214.0, 218.0, 223.0
1, 445, 0, 214.0, 218.0, 223.0
1, 446, 2, 214.0, 224.0, 241.0
1, 447, 4, 215.0, 222.0, 229.0
1, 448, 6, 215.0, 227.0, 246.0
1, 449, 2, 215.0, 243.0, 287.0
1, 450, 8, 216.0, 219.0, 222.0
1, 451, 2, 216.0, 223.0, 234.0
1, 452, 1, 217.0, 224.0, 232.0
1, 453, 2, 217.0, 224.0, 235.0
1, 454, 8, 217.0, 227.0, 243.0
1, 455, 8, 217.0, 242.0, 277.0
1, 456, 0, 218.0, 226.0, 236.0
1, 457, 4, 218.0, 235.0, 259.0
1, 458, 1, 218.0, 242.0, 277.0
1, 459, 8, 220.0, 233.0, 250.0
1, 460, 8, 220.0, 238.0, 263.0
1, 461, 7, 221.0, 224.0, 232.0
1, 462, 3, 221.0, 236.0, 257.0
1, 463, 4, 221.0, 242.0, 272.0
1, 464, 1, 221.0, 252.0, 302.0
1, 465, 8, 222.0, 226.0, 231.0
1, 466, 5, 222.0, 226.0, 232.0
1, 467, 6, 222.0, 230.0, 240.0
1, 468, 6, 222.0, 237.0, 259.0
1, 469, 6, 223.0, 227.0, 230.0
1, 470, 4, 223.0, 226.0, 232.0
1, 471, 0, 223.0, 259.0, 309.0
1, 472, 1, 224.0, 227.0, 231.0
1, 473, 0, 225.0, 238.0, 258.0
1, 474, 4, 225.0, 243.0, 273.0
1, 475, 0, 226.0, 229.0, 231.0
1, 476, 7, 227.0, 232.0, 238.0
1, 477, 1, 227.0, 230.0, 239.0
1, 478, 4, 227.0, 235.0, 242.0
1, 479, 7, 227.0, 251.0, 285.0
1, 480, 5, 228.0, 240.0, 260.0
1, 481, 3, 228.0, 247.0, 281.0
1, 482, 6, 229.0, 232.0, 240.0
1, 483, 1, 229.0, 239.0, 252.0
1, 484, 4, 229.0, 240.0, 258.0
1, 485, 3, 229.0, 253.0, 296.0
1, 486, 6, 230.0, 238.0, 250.0
1, 487, 0, 230.0, 264.0, 316.0
1, 488, 2, 230.0, 287.0, 378.0
1, 489, 0, 231.0, 238.0, 243.0
1, 490, 6, 231.0, 239.0, 249.0
1, 491, 8, 231.0, 241.0, 254.0
1, 492, 1, 231.0, 240.0, 258.0
1, 493, 6, 231.0, 261.0, 309.0
1, 494, 7, 232.0, 251.0, 278.0
1, 495, 5, 233.0, 236.0, 239.0
1, 496, 2, 233.0, 237.0, 240.0
1, 497, 1, 233.0, 236.0, 244.0
1, 498, 4, 233.0, 239.0, 246.0
1, 499, 7, 233.0, 240.0, 252.0
1, 500, 2, 233.0, 250.0, 275.0
1, 501, 8, 234.0, 251.0, 274.0
1, 502, 2, 235.0, 246.0, 260.0
1, 503, 2, 235.0, 253.0, 282.0
1, 504, 3, 236.0, 239.0, 241.0
1, 505, 7, 236.0, 239.0, 246.0
1, 506, 2, 236.0, 252.0, 280.0
1, 507, 0, 236.0, 257.0, 288.0
1, 508, 5, 236.0, 268.0, 316.0
1, 509, 7, 237.0, 244.0, 249.0
0, 510, 7, 238.0, 283.0, -1
0, 511, 3, 238.0, 284.0, -1
0, 512, 5, 239.0, 285.0, -1
0, 513, 7, 239.0, 288.0, -1
0, 514, 5, 239.0, 289.0, -1
0, 515, 1, 240.0, 286.0, -1
0, 516, 8, 240.0, 287.0, -1
0, 517, 6, 240.0, 288.0, -1
0, 518, 6, 240.0, 289.0, -1
0, 519, 5, 240.0, 294.0, -1
0, 520, 2, 241.0, 290.0, -1
0, 521, 2, 241.0, 293.0, -1
0, 522, 3, 242.0, 290.0, -1
0, 523, 0, 242.0, 291.0, -1
0, 524, 0, 243.0, 288.0, -1
0, 525, 8, 243.0, 288.0, -1
0, 526, 4, 243.0, 296.0, -1
0, 527, 1, 244.0, 288.0, -1
0, 528, 8, 244.0, 289.0, -1
0, 529, 0, 244.0, 291.0, -1
0, 530, 3, 245.0, 291.0, -1
0, 531, 7, 246.0, 290.0, -1
0, 532, 7, 246.0, 291.0, -1
0, 533, 7, 246.0, 291.0, -1
0, 534, 6, 246.0, 293.0, -1
0, 535, 4, 246.0, 298.0, -1
0, 536, 5, 247.0, 294.0, -1
0, 537, 8, 249.0, 294.0, -1
0, 538, 6, 249.0, 296.0, -1
0, 539, 7, 249.0, 297.0, -1
0, 540, 5, 249.0, 304.0, -1
0, 541, 6, 250.0, 294.0, -1
0, 542, 8, 250.0, 297.0, -1
0, 543, 0, 250.0, 298.0, -1
0, 544, 2, 251.0, 296.0, -1
0, 545, 2, 251.0, 299.0, -1
0, 546, 7, 252.0, 295.0, -1
0, 547, 6, 252.0, 295.0, -1
0, 548, 3, 252.0, 296.0, -1
0, 549, 1, 253.0, 299.0, -1
0, 550, 8, 254.0, 299.0, -1
0, 551, 7, 254.0, 302.0, -1
0, 552, 3, 257.0, 301.0, -1
0, 553, 0, 258.0, 300.0, -1
0, 554, 1, 258.0, 303.0, -1
0, 555, 6, 259.0, 304.0, -1
0, 556, 4, 259.0, 311.0, -1
0, 557, 4, 259.0, 314.0, -1
0, 558, 2, 260.0, 306.0, -1
0, 559, 5, 261.0, 305.0, -1
0, 560, 8, 263.0, 310.0, -1
0, 561, 3, 264.0, 308.0, -1
0, 562, 5, 266.0, 310.0, -1
0, 563, 6, 266.0, 314.0, -1
0, 564, 8, 267.0, 311.0, -1
0, 565, 3, 270.0, 313.0, -1
0, 566, 1, 272.0, 316.0, -1
0, 567, 4, 272.0, 316.0, -1
0, 568, 0, 272.0, 318.0, -1
0, 569, 4, 273.0, 317.0, -1
0, 570, 0, 274.0, 320.0, -1
0, 571, 8, 274.0, 322.0, -1
0, 572, 2, 275.0, 322.0, -1
0, 573, 1, 277.0, 322.0, -1
0, 574, 8, 277.0, 323.0, -1
0, 575, 6, 277.0, 325.0, -1
0, 576, 7, 278.0, 324.0, -1
0, 577, 4, 279.0, 324.0, -1
0, 578, 2, 280.0, 324.0, -1
0, 579, 5, 281.0, 325.0, -1
0, 580, 1, 282.0, 326.0, -1
0, 581, 3, 282.0, 328.0, -1
0, 582, 2, 282.0, 329.0, -1
0, 583, 7, 283.0, 330.0, -1
0, 584, 3, 284.0, 329.0, -1
0, 585, 5, 285.0, 330.0, -1
0, 586, 7, 285.0, 333.0, -1
0, 587, 1, 286.0, 329.0, -1
0, 588, 8, 287.0, 330.0, -1
0, 589, 2, 287.0, 332.0, -1
0, 590, 1, 288.0, 330.0, -1
0, 591, 7, 288.0, 331.0, -1
0, 592, 0, 288.0, 333.0, -1
0, 593, 8, 288.0, 333.0, -1
0, 594, 0, 288.0, 334.0, -1
0, 595, 6, 288.0, 336.0, -1
0, 596, 6, 289.0, 333.0, -1
0, 597, 8, 289.0, 333.0, -1
0, 598, 5, 290.0, 333.0, -1
0, 599, 3, 290.0, 334.0, -1
0, 600, 7, 290.0, 334.0, -1
0, 601, 2, 290.0, 335.0, -1
0, 602, 4, 290.0, 335.0, -1
0, 603, 7, 291.0, 335.0, -1
0, 604, 0, 291.0, 336.0, -1
0, 605, 7, 291.0, 337.0, -1
0, 606, 0, 291.0, 337.0, -1
0, 607, 3, 291.0, 342.0, -1
0, 608, 5, 292.0, 337.0, -1
0, 609, 6, 293.0, 338.0, -1
0, 610, 2, 293.0, 341.0, -1
0, 611, 8, 294.0, 340.0, -1
0, 612, 6, 294.0, 341.0, -1
0, 613, 5, 294.0, 341.0, -1
0, 614, 5, 294.0, 344.0, -1
0, 615, 6, 295.0, 339.0, -1
0, 616, 7, 295.0, 339.0, -1
0, 617, 3, 296.0, 339.0, -1
0, 618, 6, 296.0, 340.0, -1
0, 619, 3, 296.0, 341.0, -1
0, 620, 2, 296.0, 342.0, -1
0, 621, 4, 296.0, 356.0, -1
0, 622, 8, 297.0, 342.0, -1
0, 623, 0, 298.0, 340.0, -1
0, 624, 7, 298.0, 344.0, -1
0, 625, 4, 298.0, 349.0, -1
0, 626, 1, 299.0, 344.0, -1
0, 627, 8, 299.0, 346.0, -1
0, 628, 2, 299.0, 351.0, -1
0, 629, 0, 300.0, 340.0, -1
0, 630, 3, 302.0, 345.0, -1
0, 631, 7, 302.0, 347.0, -1
0, 632, 1, 303.0, 345.0, -1
0, 633, 1, 304.0, 346.0, -1
0, 634, 6, 305.0, 349.0, -1
0, 635, 5, 305.0, 349.0, -1
0, 636, 5, 306.0, 357.0, -1
0, 637, 2, 307.0, 360.0, -1
0, 638, 1, 309.0, 352.0, -1
0, 639, 3, 309.0, 353.0, -1
0, 640, 0, 310.0, 351.0, -1
0, 641, 6, 310.0, 355.0, -1
0, 642, 8, 311.0, 354.0, -1
0, 643, 5, 311.0, 356.0, -1
0, 644, 4, 312.0, 356.0, -1
0, 645, 8, 312.0, 361.0, -1
0, 646, 3, 314.0, 358.0, -1
0, 647, 4, 315.0, 358.0, -1
0, 648, 6, 315.0, 363.0, -1
0, 649, 5, 317.0, 360.0, -1
0, 650, 4, 317.0, 361.0, -1
0, 651, 1, 317.0, 361.0, -1
0, 652, 0, 317.0, 361.0, -1
0, 653, 4, 318.0, 361.0, -1
0, 654, 0, 319.0, 362.0, -1
0, 655, 4, 320.0, 367.0, -1
0, 656, 0, 321.0, 364.0, -1
0, 657, 2, 322.0, 367.0, -1
0, 658, 1, 323.0, 365.0, -1
0, 659, 8, 323.0, 369.0, -1
0, 660, 8, 324.0, 368.0, -1
0, 661, 2, 325.0, 370.0, -1
0, 662, 7, 325.0, 373.0, -1
0, 663, 4, 325.0, 374.0, -1
0, 664, 6, 326.0, 369.0, -1
0, 665, 5, 326.0, 369.0, -1
0, 666, 1, 327.0, 371.0, -1
0, 667, 3, 329.0, 372.0, -1
0, 668, 1, 330.0, 372.0, -1
0, 669, 2, 330.0, 374.0, -1
0, 670, 3, 330.0, 374.0, -1
0, 671, 1, 331.0, 372.0, -1
0, 672, 7, 331.0, 375.0, -1
0, 673, 5, 331.0, 375.0, -1
0, 674, 8, 331.0, 375.0, -1
0, 675, 7, 332.0, 377.0, -1
0, 676, 0, 333.0, 375.0, -1
0, 677, 2, 333.0, 377.0, -1
0, 678, 7, 333.0, 378.0, -1
0, 679, 8, 334.0, 376.0, -1
0, 680, 5, 334.0, 377.0, -1
0, 681, 6, 334.0, 378.0, -1
0, 682, 8, 334.0, 383.0, -1
0, 683, 0, 335.0, 377.0, -1
0, 684, 7, 335.0, 378.0, -1
0, 685, 3, 335.0, 378.0, -1
0, 686, 4, 336.0, 377.0, -1
0, 687, 7, 336.0, 381.0, -1
0, 688, 2, 336.0, 383.0, -1
0, 689, 6, 337.0, 382.0, -1
0, 690, 0, 337.0, 384.0, -1
0, 691, 5, 338.0, 381.0, -1
0, 692, 0, 338.0, 384.0, -1
0, 693, 7, 338.0, 390.0, -1
0, 694, 6, 339.0, 383.0, -1
0, 695, 3, 340.0, 382.0, -1
0, 696, 7, 340.0, 384.0, -1
0, 697, 6, 340.0, 385.0, -1
0, 698, 6, 341.0, 383.0, -1
0, 699, 3, 341.0, 384.0, -1
0, 700, 0, 341.0, 386.0, -1
0, 701, 0, 341.0, 387.0, -1
0, 702, 8, 341.0, 389.0, -1
0, 703, 5, 342.0, 384.0, -1
0, 704, 2, 342.0, 385.0, -1
0, 705, 6, 342.0, 388.0, -1
0, 706, 8, 342.0, 390.0, -1
0, 707, 3, 343.0, 387.0, -1
0, 708, 2, 343.0, 389.0, -1
0, 709, 1, 345.0, 388.0, -1
0, 710, 7, 345.0, 393.0, -1
0, 711, 5, 345.0, 393.0, -1
0, 712, 1, 346.0, 389.0, -1
0, 713, 3, 346.0, 394.0, -1
0, 714, 1, 347.0, 389.0, -1
0, 715, 8, 347.0, 390.0, -1
0, 716, 7, 348.0, 392.0, -1
0, 717, 4, 349.0, 403.0, -1
0, 718, 6, 350.0, 398.0, -1
0, 719, 5, 350.0, 402.0, -1
0, 720, 0, 352.0, 393.0, -1
0, 721, 2, 352.0, 404.0, -1
0, 722, 1, 353.0, 397.0, -1
0, 723, 3, 354.0, 398.0, -1
0, 724, 8, 355.0, 401.0, -1
0, 725, 5, 356.0, 398.0, -1
0, 726, 4, 356.0, 400.0, -1
0, 727, 6, 356.0, 401.0, -1
0, 728, 4, 357.0, 402.0, -1
0, 729, 5, 358.0, 401.0, -1
0, 730, 3, 359.0, 402.0, -1
0, 731, 4, 359.0, 404.0, -1
0, 732, 1, 361.0, 405.0, -1
0, 733, 0, 361.0, 405.0, -1
0, 734, 4, 361.0, 406.0, -1
0, 735, 5, 361.0, 409.0, -1
0, 736, 2, 361.0, 415.0, -1
0, 737, 8, 362.0, 409.0, -1
0, 738, 4, 362.0, 413.0, -1
0, 739, 0, 363.0, 405.0, -1
0, 740, 6, 364.0, 410.0, -1
0, 741, 1, 365.0, 407.0, -1
0, 742, 0, 365.0, 411.0, -1
0, 743, 2, 367.0, 411.0, -1
0, 744, 8, 368.0, 413.0, -1
0, 745, 4, 368.0, 420.0, -1
0, 746, 6, 369.0, 417.0, -1
0, 747, 8, 370.0, 417.0, -1
0, 748, 5, 370.0, 418.0, -1
0, 749, 2, 371.0, 414.0, -1
0, 750, 1, 371.0, 415.0, -1
0, 751, 3, 373.0, 416.0, -1
0, 752, 1, 373.0, 416.0, -1
0, 753, 1, 373.0, 417.0, -1
0, 754, 7, 374.0, 417.0, -1
0, 755, 7, 375.0, 418.0, -1
0, 756, 4, 375.0, 418.0, -1
0, 757, 2, 375.0, 419.0, -1
0, 758, 5, 375.0, 419.0, -1
0, 759, 3, 375.0, 421.0, -1
0, 760, 8, 375.0, 421.0, -1
0, 761, 0, 376.0, 421.0, -1
0, 762, 8, 377.0, 419.0, -1
0, 763, 5, 377.0, 422.0, -1
0, 764, 4, 377.0, 430.0, -1
0, 765, 2, 378.0, 421.0, -1
0, 766, 0, 378.0, 425.0, -1
0, 767, 7, 378.0, 427.0, -1
0, 768, 7, 378.0, 427.0, -1
0, 769, 3, 379.0, 422.0, -1
0, 770, 6, 379.0, 422.0, -1
0, 771, 2, 379.0, 424.0, -1
0, 772, 7, 379.0, 427.0, -1
0, 773, 5, 381.0, 426.0, -1
0, 774, 3, 382.0, 426.0, -1
0, 775, 7, 382.0, 433.0, -1
0, 776, 6, 383.0, 426.0, -1
0, 777, 6, 383.0, 429.0, -1
0, 778, 2, 384.0, 427.0, -1
0, 779, 0, 384.0, 429.0, -1
0, 780, 6, 384.0, 434.0, -1
0, 781, 8, 384.0, 434.0, -1
0, 782, 3, 385.0, 428.0, -1
0, 783, 0, 385.0, 429.0, -1
0, 784, 7, 385.0, 430.0, -1
0, 785, 5, 385.0, 430.0, -1
0, 786, 6, 386.0, 430.0, -1
0, 787, 2, 386.0, 432.0, -1
0, 788, 0, 387.0, 430.0, -1
0, 789, 3, 387.0, 433.0, -1
0, 790, 0, 388.0, 435.0, -1
0, 791, 1, 389.0, 432.0, -1
0, 792, 6, 389.0, 434.0, -1
0, 793, 4, 389.0, 436.0, -1
0, 794, 1, 390.0, 433.0, -1
0, 795, 1, 390.0, 433.0, -1
0, 796, 8, 390.0, 436.0, -1
0, 797, 2, 390.0, 446.0, -1
0, 798, 8, 391.0, 435.0, -1
0, 799, 8, 391.0, 442.0, -1
0, 800, 3, 403.0, 445.0, 450.0
0, 801, 3, 403.0, 445.0, 452.0
0, 802, 1, 403.0, 445.0, 452.0
0, 803, 3, 403.0, 445.0, 454.0
0, 804, 3, 403.0, 445.0, 456.0
0, 805, 5, 403.0, 445.0, 457.0
0, 806, 6, 403.0, 445.0, 460.0
0, 807, 5, 403.0, 445.0, 460.0
0, 808, 5, 403.0, 445.0, 463.0
0, 809, 4, 403.0, 445.0, 467.0
0, 810, 4, 403.0, 446.0, 467.0
0, 811, 7, 403.0, 446.0, 473.0
0, 812, 6, 403.0, 445.0, 480.0
0, 813, 5, 403.0, 445.0, 481.0
0, 814, 8, 403.0, 446.0, 482.0
0, 815, 7, 403.0, 446.0, 488.0
0, 816, 7, 403.0, 446.0, 495.0
0, 817, 0, 403.0, 445.0, 498.0
0, 818, 4, 404.0, 445.0, 451.0
0, 819, 2, 405.0, 445.0, 449.0
0, 820, 0, 405.0, 446.0, 454.0
0, 821, 4, 405.0, 445.0, 457.0
0, 822, 0, 405.0, 446.0, 458.0
0, 823, 1, 405.0, 445.0, 461.0
0, 824, 4, 407.0, 446.0, 503.0
0, 825, 1, 408.0, 446.0, 460.0
0, 826, 8, 409.0, 445.0, 459.0
0, 827, 6, 410.0, 446.0, 457.0
0, 828, 5, 410.0, 445.0, 494.0
0, 829, 2, 411.0, 445.0, 465.0
0, 830, 0, 412.0, 445.0, 482.0
0, 831, 4, 413.0, 445.0, 465.0
0, 832, 8, 413.0, 445.0, 476.0
0, 833, 2, 415.0, 445.0, 480.0
0, 834, 2, 415.0, 445.0, 491.0
0, 835, 1, 416.0, 446.0, 454.0
0, 836, 1, 416.0, 446.0, 476.0
0, 837, 3, 416.0, 468.0, 559.0
0, 838, 1, 417.0, 445.0, 450.0
0, 839, 8, 417.0, 445.0, 460.0
0, 840, 6, 417.0, 445.0, 461.0
0, 841, 7, 418.0, 446.0, 461.0
0, 842, 2, 419.0, 445.0, 449.0
0, 843, 4, 419.0, 445.0, 457.0
0, 844, 5, 419.0, 446.0, 475.0
0, 845, 7, 419.0, 455.0, 518.0
0, 846, 8, 420.0, 446.0, 473.0
0, 847, 5, 420.0, 451.0, 500.0
0, 848, 0, 421.0, 446.0, 451.0
0, 849, 4, 421.0, 447.0, 484.0
0, 850, 3, 421.0, 468.0, 547.0
0, 851, 2, 422.0, 445.0, 464.0
0, 852, 5, 422.0, 446.0, 469.0
0, 853, 8, 422.0, 446.0, 470.0
0, 854, 3, 423.0, 445.0, 452.0
0, 855, 6, 423.0, 447.0, 479.0
0, 856, 2, 424.0, 446.0, 463.0
0, 857, 0, 425.0, 448.0, 484.0
0, 858, 6, 426.0, 446.0, 448.0
0, 859, 3, 426.0, 446.0, 453.0
0, 860, 5, 426.0, 445.0, 453.0
0, 861, 7, 427.0, 445.0, 451.0
0, 862, 7, 427.0, 446.0, 457.0
0, 863, 2, 427.0, 445.0, 460.0
0, 864, 7, 427.0, 446.0, 461.0
0, 865, 3, 428.0, 460.0, 510.0
0, 866, 6, 429.0, 446.0, 460.0
0, 867, 0, 429.0, 446.0, 463.0
0, 868, 0, 429.0, 455.0, 496.0
0, 869, 0, 430.0, 446.0, 449.0
0, 870, 7, 430.0, 445.0, 454.0
0, 871, 4, 430.0, 446.0, 456.0
0, 872, 5, 431.0, 446.0, 455.0
0, 873, 6, 431.0, 448.0, 470.0
0, 874, 3, 433.0, 445.0, 452.0
0, 875, 7, 433.0, 446.0, 455.0
0, 876, 1, 433.0, 446.0, 456.0
0, 877, 2, 433.0, 450.0, 474.0
0, 878, 1, 433.0, 463.0, 512.0
0, 879, 6, 434.0, 445.0, 455.0
0, 880, 1, 434.0, 448.0, 466.0
0, 881, 6, 434.0, 452.0, 477.0
0, 882, 8, 434.0, 456.0, 491.0
0, 883, 8, 436.0, 445.0, 452.0
0, 884, 4, 436.0, 446.0, 456.0
0, 885, 0, 436.0, 454.0, 483.0
0, 886, 8, 437.0, 452.0, 476.0
0, 887, 8, 442.0, 452.0, 463.0
0, 888, 2, 446.0, 467.0, 503.0
0, 889, 6, 448.0, 455.0, 464.0
0, 890, 0, 449.0, 470.0, 501.0
0, 891, 2, 449.0, 477.0, 518.0
0, 892, 3, 450.0, 460.0, 471.0
0, 893, 2, 450.0, 462.0, 479.0
0, 894, 1, 451.0, 454.0, 462.0
0, 895, 8, 452.0, 456.0, 462.0
0, 896, 1, 452.0, 459.0, 467.0
0, 897, 3, 452.0, 460.0, 468.0
0, 898, 3, 452.0, 460.0, 468.0
0, 899, 0, 452.0, 459.0, 470.0
0, 900, 7, 452.0, 478.0, 518.0
0, 901, 3, 452.0, 500.0, 565.0
0, 902, 4, 452.0, 520.0, 631.0
0, 903, 3, 453.0, 457.0, 462.0
0, 904, 5, 454.0, 458.0, 465.0
0, 905, 1, 454.0, 461.0, 472.0
0, 906, 0, 454.0, 478.0, 518.0
0, 907, 3, 454.0, 483.0, 531.0
0, 908, 5, 455.0, 458.0, 459.0
0, 909, 6, 455.0, 463.0, 474.0
0, 910, 7, 455.0, 485.0, 527.0
0, 911, 4, 456.0, 460.0, 468.0
0, 912, 7, 456.0, 460.0, 469.0
0, 913, 3, 456.0, 465.0, 478.0
0, 914, 1, 456.0, 471.0, 490.0
0, 915, 4, 456.0, 474.0, 504.0
0, 916, 4, 457.0, 460.0, 462.0
0, 917, 7, 457.0, 470.0, 492.0
0, 918, 5, 457.0, 482.0, 524.0
0, 919, 0, 458.0, 468.0, 484.0
0, 920, 6, 458.0, 471.0, 486.0
0, 921, 4, 459.0, 474.0, 498.0
0, 922, 8, 459.0, 486.0, 526.0
0, 923, 6, 460.0, 464.0, 469.0
0, 924, 8, 460.0, 464.0, 470.0
0, 925, 6, 460.0, 468.0, 479.0
0, 926, 2, 460.0, 467.0, 481.0
0, 927, 5, 460.0, 470.0, 482.0
0, 928, 1, 460.0, 470.0, 483.0
0, 929, 5, 460.0, 485.0, 528.0
0, 930, 7, 461.0, 465.0, 469.0
0, 931, 7, 462.0, 466.0, 468.0
0, 932, 4, 462.0, 467.0, 471.0
0, 933, 1, 462.0, 466.0, 474.0
0, 934, 6, 462.0, 470.0, 477.0
0, 935, 8, 462.0, 473.0, 489.0
0, 936, 0, 463.0, 466.0, 469.0
0, 937, 3, 463.0, 467.0, 472.0
0, 938, 5, 463.0, 470.0, 477.0
0, 939, 2, 463.0, 470.0, 481.0
0, 940, 1, 463.0, 475.0, 493.0
0, 941, 8, 463.0, 491.0, 533.0
0, 942, 6, 464.0, 472.0, 479.0
0, 943, 2, 464.0, 491.0, 527.0
0, 944, 2, 465.0, 472.0, 482.0
0, 945, 5, 465.0, 476.0, 493.0
0, 946, 4, 465.0, 481.0, 505.0
0, 947, 1, 466.0, 473.0, 485.0
0, 948, 1, 467.0, 479.0, 496.0
0, 949, 4, 467.0, 487.0, 516.0
0, 950, 4, 467.0, 492.0, 530.0
0, 951, 3, 468.0, 472.0, 482.0
0, 952, 3, 468.0, 485.0, 507.0
0, 953, 7, 468.0, 497.0, 544.0
0, 954, 6, 469.0, 473.0, 478.0
0, 955, 7, 469.0, 473.0, 479.0
0, 956, 5, 469.0, 472.0, 479.0
0, 957, 7, 469.0, 477.0, 487.0
0, 958, 0, 469.0, 483.0, 507.0
0, 959, 4, 469.0, 490.0, 523.0
0, 960, 8, 470.0, 473.0, 476.0
0, 961, 6, 470.0, 474.0, 477.0
0, 962, 0, 470.0, 507.0, 558.0
0, 963, 3, 471.0, 484.0, 504.0
0, 964, 8, 471.0, 489.0, 513.0
0, 965, 4, 472.0, 477.0, 479.0
0, 966, 1, 472.0, 479.0, 486.0
0, 967, 8, 473.0, 476.0, 483.0
0, 968, 7, 473.0, 477.0, 485.0
0, 969, 3, 473.0, 501.0, 534.0
0, 970, 2, 474.0, 487.0, 506.0
0, 971, 1, 474.0, 493.0, 526.0
0, 972, 6, 475.0, 486.0, 500.0
0, 973, 5, 476.0, 479.0, 488.0
0, 974, 1, 476.0, 486.0, 504.0
0, 975, 8, 476.0, 500.0, 537.0
0, 976, 6, 477.0, 486.0, 496.0
0, 977, 8, 477.0, 488.0, 498.0
0, 978, 6, 477.0, 488.0, 500.0
0, 979, 8, 477.0, 509.0, 560.0
0, 980, 5, 477.0, 508.0, 561.0
0, 981, 6, 477.0, 526.0, 605.0
0, 982, 3, 478.0, 485.0, 494.0
0, 983, 6, 478.0, 489.0, 505.0
0, 984, 2, 479.0, 482.0, 483.0
0, 985, 6, 479.0, 483.0, 490.0
0, 986, 5, 479.0, 482.0, 492.0
0, 987, 7, 479.0, 499.0, 525.0
0, 988, 6, 480.0, 484.0, 487.0
0, 989, 6, 480.0, 491.0, 501.0
0, 990, 6, 480.0, 491.0, 505.0
0, 991, 4, 480.0, 499.0, 523.0
0, 992, 2, 480.0, 497.0, 525.0
0, 993, 5, 481.0, 484.0, 487.0
0, 994, 2, 481.0, 485.0, 492.0
0, 995, 2, 481.0, 499.0, 529.0
0, 996, 5, 482.0, 489.0, 495.0
0, 997, 2, 482.0, 499.0, 521.0
0, 998, 0, 482.0, 513.0, 562.0
0, 999, 3, 483.0, 505.0, 536.0
