-1.000 40.000 0.000
0.000 0.000 0.005
0.100 0.050 0.005
0.200 0.000 0.005
0.300 0.000 0.000
10.833 0.000 0.010
11.313 0.050 0.005
11.501 0.000 0.005
11.741 0.000 0.000
13.122 0.000 0.010
13.222 0.050 0.005
13.322 0.000 0.005
13.422 0.000 0.000
15.531 0.000 0.420
35.427 1.000 0.580
35.527 1.000 0.580
35.627 1.000 0.580
35.727 1.000 0.580
35.827 1.000 0.580
35.927 1.000 0.580
36.027 1.000 0.580
36.127 1.000 0.580
36.227 1.000 0.580
36.327 1.000 0.580
36.427 1.000 0.580
36.527 1.000 0.580
36.627 1.000 0.580
36.727 1.000 0.580
36.827 1.000 0.580
36.927 1.000 0.580
37.027 1.000 0.580
37.127 1.000 0.580
37.227 1.000 0.580
37.327 1.000 0.580
37.427 1.000 0.580
37.527 1.000 0.580
37.627 1.000 0.580
37.727 1.000 0.580
37.827 1.000 0.580
37.927 1.000 0.580
38.027 1.000 0.580
38.127 1.000 0.580
38.227 1.000 0.580
38.327 1.000 0.580
38.427 1.000 0.580
38.527 1.000 0.580
38.627 1.000 0.580
38.727 1.000 0.580
38.827 1.000 0.580
38.927 0.999 0.580
39.027 0.999 0.580
39.127 0.999 0.580
39.227 0.999 0.580
39.327 0.999 0.580
39.427 0.999 0.580
39.527 0.999 0.580
39.627 0.999 0.580
39.727 0.993 0.580
39.827 0.994 0.580
39.927 0.989 0.580
40.027 0.989 0.580
40.127 0.989 0.580
40.227 0.980 0.580
40.327 0.977 0.580
40.427 0.977 0.580
40.527 0.967 0.580
40.627 0.967 0.580
40.727 0.967 0.580
40.827 0.960 0.580
40.927 0.963 0.580
41.027 0.961 0.580
41.127 0.958 0.580
41.227 0.956 0.580
41.327 0.956 0.580
41.427 0.956 0.580
41.527 0.947 0.580
41.627 0.942 0.580
41.727 0.941 0.580
41.827 0.941 0.580
41.927 0.941 0.580
42.027 0.939 0.580
42.127 0.939 0.580
42.227 0.942 0.580
42.327 0.905 0.580
42.427 0.905 0.580
42.527 0.905 0.580
42.627 0.904 0.580
42.727 0.904 0.580
42.827 0.902 0.580
42.927 0.902 0.580
43.027 0.901 0.580
43.127 0.882 0.580
43.227 0.867 0.580
43.327 0.861 0.580
43.427 0.859 0.580
43.527 0.853 0.580
43.627 0.857 0.580
43.727 0.858 0.580
43.827 0.848 0.580
43.927 0.845 0.580
44.027 0.844 0.580
44.127 0.845 0.580
44.227 0.847 0.580
44.327 0.853 0.580
44.427 0.852 0.580
44.527 0.852 0.580
44.627 0.853 0.580
44.727 0.841 0.580
44.827 0.838 0.580
44.927 0.837 0.580
45.027 0.836 0.580
45.127 0.836 0.580
45.227 0.831 0.580
45.327 0.832 0.580
45.427 0.830 0.580
45.527 0.821 0.580
45.627 0.821 0.580
45.727 0.805 0.580
45.827 0.790 0.580
45.927 0.769 0.580
46.027 0.712 0.580
46.127 0.694 0.580
46.227 0.667 0.580
46.327 0.664 0.580
46.427 0.663 0.580
46.527 0.639 0.580
46.627 0.639 0.580
46.727 0.640 0.580
46.827 0.639 0.580
46.927 0.601 0.580
47.027 0.601 0.580
47.127 0.601 0.580
47.227 0.600 0.580
47.327 0.600 0.580
47.427 0.599 0.580
47.527 0.599 0.580
47.627 0.599 0.580
47.727 0.599 0.580
47.827 0.599 0.580
47.927 0.599 0.580
48.027 0.599 0.580
48.127 0.599 0.580
48.227 0.580 0.580
48.327 0.580 0.580
48.427 0.580 0.580
48.527 0.580 0.580
48.627 0.580 0.580
48.727 0.579 0.580
48.827 0.570 0.570
48.927 0.571 0.570
49.027 0.564 0.570
49.127 0.563 0.570
49.227 0.562 0.570
49.327 0.562 0.570
49.427 0.550 0.570
49.527 0.550 0.570
49.627 0.550 0.570
49.727 0.550 0.570
49.827 0.550 0.570
49.927 0.550 0.535
50.027 0.550 0.535
50.127 0.550 0.535
50.227 0.536 0.535
50.327 0.453 0.535
50.427 0.428 0.535
50.527 0.428 0.420
50.627 0.400 0.420
50.727 0.400 0.420
50.827 0.400 0.420
50.927 0.400 0.415
51.027 0.400 0.415
51.127 0.400 0.415
51.227 0.400 0.415
51.327 0.400 0.415
51.427 0.400 0.370
51.527 0.400 0.370
51.627 0.400 0.370
51.727 0.400 0.370
51.827 0.400 0.370
51.927 0.400 0.370
52.027 0.400 0.370
52.127 0.400 0.370
52.227 0.400 0.370
52.327 0.400 0.370
52.427 0.400 0.370
52.527 0.400 0.370
52.627 0.400 0.370
52.727 0.400 0.370
52.827 0.400 0.370
52.927 0.400 0.370
53.027 0.400 0.370
53.127 0.400 0.370
53.227 0.400 0.370
53.327 0.400 0.370
53.427 0.400 0.370
53.527 0.400 0.370
53.627 0.400 0.370
53.727 0.400 0.370
53.827 0.400 0.370
53.927 0.400 0.370
54.027 0.367 0.370
54.127 0.334 0.370
54.227 0.334 0.370
54.327 0.300 0.370
54.427 0.300 0.370
54.527 0.300 0.370
54.627 0.300 0.370
54.727 0.300 0.370
54.827 0.300 0.370
54.927 0.300 0.370
55.027 0.300 0.370
55.127 0.300 0.370
55.227 0.300 0.370
55.327 0.300 0.370
55.427 0.300 0.370
55.527 0.300 0.370
55.627 0.300 0.370
55.727 0.300 0.370
55.827 0.300 0.370
55.927 0.300 0.370
56.027 0.300 0.370
56.127 0.300 0.370
56.227 0.300 0.370
56.327 0.300 0.370
56.427 0.300 0.370
56.527 0.300 0.370
56.627 0.300 0.370
56.727 0.300 0.370
56.827 0.300 0.370
56.927 0.300 0.370
57.027 0.300 0.370
57.127 0.300 0.370
57.227 0.300 0.370
57.327 0.300 0.370
57.427 0.277 0.370
57.527 0.250 0.370
57.627 0.219 0.370
57.727 0.189 0.370
57.827 0.150 0.370
57.927 0.145 0.370
58.027 0.100 0.370
58.127 0.100 0.370
58.227 0.100 0.370
58.327 0.100 0.370
58.427 0.100 0.370
58.527 0.100 0.370
58.627 0.100 0.370
58.727 0.100 0.370
58.827 0.100 0.370
58.927 0.100 0.370
59.027 0.100 0.370
59.169 0.100 0.370
59.302 0.100 0.370
59.428 0.100 0.370
59.546 0.100 0.370
59.647 0.100 0.370
59.747 0.100 0.370
59.847 0.100 0.370
59.947 0.100 0.370
60.047 0.100 0.370
60.147 0.100 0.370
60.247 0.100 0.355
60.347 0.100 0.355
60.447 0.100 0.355
60.547 0.100 0.355
60.647 0.100 0.255
60.747 0.100 0.255
60.847 0.100 0.255
60.947 0.100 0.240
61.047 0.100 0.240
61.147 0.100 0.240
61.247 0.097 0.205
61.347 0.050 0.205
61.447 0.050 0.205
61.547 0.050 0.205
61.647 0.050 0.205
61.747 0.050 0.205
61.847 0.050 0.205
61.947 0.050 0.205
62.047 0.050 0.205
62.147 0.050 0.205
62.346 0.050 0.205
62.515 0.050 0.205
62.661 0.050 0.205
62.786 0.050 0.205
62.892 0.050 0.205
62.992 0.050 0.205
63.092 0.050 0.205
63.192 0.050 0.205
63.292 0.050 0.205
63.392 0.050 0.205
63.492 0.050 0.205
63.592 0.050 0.205
63.692 0.050 0.195
63.908 0.050 0.195
64.063 0.050 0.195
64.173 0.050 0.195
64.273 0.050 0.195
64.373 0.050 0.195
64.473 0.050 0.195
64.573 0.050 0.195
64.779 0.000 0.195
66.507 0.000 0.190
66.807 0.000 0.090
66.927 0.000 0.085
67.042 0.000 0.080
67.142 0.000 0.075
69.347 0.000 0.070
70.072 0.000 0.060
70.172 0.000 0.035
72.573 0.000 0.025
72.673 0.000 0.010
72.808 0.000 0.005
